{
  "0": [{"cam_R_m2c": [-0.7172572612762451, -0.694403350353241, 0.05784211307764053, 0.052684664726257324, -0.13681602478027344, -0.989194393157959, 0.6948137283325195, -0.7064595818519592, 0.13471683859825134], "cam_t_m2c": [-280.9017639160156, -12.217425346374512, 916.3456420898438], "obj_id": 3}, {"cam_R_m2c": [0.3587467670440674, -0.9250258207321167, 0.1250120997428894, 0.6171342134475708, 0.13456624746322632, -0.7752659916877747, 0.7003186345100403, 0.35527342557907104, 0.6191402077674866], "cam_t_m2c": [-167.46533203125, -279.4389343261719, 929.5223388671875], "obj_id": 0}, {"cam_R_m2c": [0.9960055351257324, 0.03466779738664627, -0.08228711038827896, 0.04649004340171814, 0.5854551792144775, 0.8093706965446472, 0.07623451203107834, -0.8099632263183594, 0.5815048217773438], "cam_t_m2c": [-134.7425079345703, 81.39702606201172, 702.6270751953125], "obj_id": 1}, {"cam_R_m2c": [-0.5685431957244873, -0.6465871930122375, -0.5086095333099365, 0.7364894151687622, -0.6755170226097107, 0.03549802675843239, -0.3665269613265991, -0.35440337657928467, 0.8602651953697205], "cam_t_m2c": [-112.39669799804688, 0.17070117592811584, 705.4564819335938], "obj_id": 3}, {"cam_R_m2c": [-0.5507621765136719, 0.7607141733169556, -0.343474417924881, -0.17374588549137115, 0.29800763726234436, 0.938618004322052, 0.8163780570030212, 0.5766326785087585, -0.03196028247475624], "cam_t_m2c": [-302.5956726074219, -12.94440746307373, 858.6177368164062], "obj_id": 3}, {"cam_R_m2c": [-0.47542208433151245, 0.7568781971931458, -0.4484519064426422, 0.7418660521507263, 0.07091976702213287, -0.6667871475219727, -0.4728725552558899, -0.6496966481208801, -0.5952190160751343], "cam_t_m2c": [23.871503829956055, -20.15555191040039, 582.9164428710938], "obj_id": 3}, {"cam_R_m2c": [0.1383630633354187, -0.43120887875556946, -0.891579806804657, 0.5245564579963684, -0.7316889762878418, 0.4352835416793823, -0.8400572538375854, -0.5279111266136169, 0.1249546930193901], "cam_t_m2c": [72.61933135986328, -22.293781280517578, 546.5645751953125], "obj_id": 3}, {"cam_R_m2c": [-0.6067489981651306, -0.6462986469268799, 0.4627673625946045, 0.7292612791061401, -0.22095057368278503, 0.6475791335105896, -0.3162808418273926, 0.7303963303565979, 0.6053822040557861], "cam_t_m2c": [-15.841532707214355, -197.63429260253906, 814.8314208984375], "obj_id": 3}, {"cam_R_m2c": [-0.6411505937576294, 0.6927266716957092, 0.3302360773086548, 0.7195515632629395, 0.692249059677124, -0.05510774999856949, -0.26678022742271423, 0.20228949189186096, -0.9422884583473206], "cam_t_m2c": [45.17965316772461, -160.98573303222656, 702.6160278320312], "obj_id": 3}, {"cam_R_m2c": [0.6582029461860657, -0.3331400454044342, 0.6751196384429932, -0.7134009003639221, -0.5624498724937439, 0.4179821312427521, 0.24047444760799408, -0.7567480802536011, -0.6078685522079468], "cam_t_m2c": [-1.1228687763214111, -290.3114013671875, 965.0554809570312], "obj_id": 3}, {"cam_R_m2c": [0.3102476894855499, 0.9021580219268799, -0.29976198077201843, 0.4020581543445587, -0.41025111079216003, -0.8185617327690125, -0.8614497184753418, 0.13343514502048492, -0.4899994432926178], "cam_t_m2c": [-67.5613021850586, -204.68206787109375, 918.2263793945312], "obj_id": 3}, {"cam_R_m2c": [0.1045558825135231, 0.32906267046928406, -0.9385018944740295, 0.5454316735267639, -0.8080654740333557, -0.22256334125995636, -0.8316082954406738, -0.4886183738708496, -0.26396918296813965], "cam_t_m2c": [6.350409984588623, 56.45285415649414, 518.7442016601562], "obj_id": 3}, {"cam_R_m2c": [0.5520169138908386, -0.8323127031326294, 0.05032731965184212, 0.5809040665626526, 0.34057149291038513, -0.7392979264259338, 0.5981870293617249, 0.43734028935432434, 0.6714951395988464], "cam_t_m2c": [-112.16194152832031, -173.9977264404297, 857.4824829101562], "obj_id": 2}, {"cam_R_m2c": [0.10318183153867722, 0.27725523710250854, 0.9552397131919861, 0.7178534865379333, -0.6855222582817078, 0.12143054604530334, 0.6885054707527161, 0.6731927990913391, -0.26976197957992554], "cam_t_m2c": [86.62776947021484, -100.40645599365234, 656.8291625976562], "obj_id": 1}, {"cam_R_m2c": [-0.5335643291473389, -0.47202619910240173, 0.7017836570739746, -0.681151807308197, 0.7316897511482239, -0.02573668770492077, -0.5013394951820374, -0.49175339937210083, -0.7119250297546387], "cam_t_m2c": [438.089599609375, -402.12847900390625, 693.666259765625], "obj_id": 0}, {"cam_R_m2c": [-0.5531511306762695, 0.8278677463531494, 0.0930529534816742, 0.8103821873664856, 0.508816123008728, 0.2904941439628601, 0.19314388930797577, 0.2360956221818924, -0.9523414969444275], "cam_t_m2c": [75.89543151855469, -130.2061004638672, 623.902587890625], "obj_id": 3}, {"cam_R_m2c": [0.008766942657530308, 0.3459608256816864, -0.9382079839706421, -0.2333238273859024, 0.9130533933639526, 0.3345049023628235, 0.9723595380783081, 0.21597370505332947, 0.08872559666633606], "cam_t_m2c": [-167.9378662109375, 67.5203857421875, 622.6893920898438], "obj_id": 3}, {"cam_R_m2c": [-0.5589112043380737, 0.2739163935184479, -0.7826800346374512, 0.41962775588035583, 0.907518744468689, 0.01795065402984619, 0.7152137756347656, -0.3184014558792114, -0.622165322303772], "cam_t_m2c": [-209.67501831054688, -41.76167678833008, 835.4328002929688], "obj_id": 3}, {"cam_R_m2c": [0.29211604595184326, -0.9293161630630493, -0.22591948509216309, 0.8769963383674622, 0.35451748967170715, -0.3243374228477478, 0.3815044164657593, -0.10338640213012695, 0.9185671806335449], "cam_t_m2c": [161.89044189453125, -173.20870971679688, 690.339599609375], "obj_id": 2}, {"cam_R_m2c": [-0.8889774084091187, -0.42244699597358704, 0.17679810523986816, 0.2940634489059448, -0.2306271493434906, 0.9275439381599426, -0.35106372833251953, 0.8765555024147034, 0.3292486071586609], "cam_t_m2c": [-117.79889678955078, 136.52748107910156, 599.6145629882812], "obj_id": 1}],
  "1": [{"cam_R_m2c": [-0.7172572612762451, -0.694403350353241, 0.05784211307764053, 0.052684664726257324, -0.13681602478027344, -0.989194393157959, 0.6948137283325195, -0.7064595818519592, 0.13471683859825134], "cam_t_m2c": [-280.9017639160156, -12.217425346374512, 916.3456420898438], "obj_id": 3}, {"cam_R_m2c": [0.3587467670440674, -0.9250258207321167, 0.1250120997428894, 0.6171342134475708, 0.13456624746322632, -0.7752659916877747, 0.7003186345100403, 0.35527342557907104, 0.6191402077674866], "cam_t_m2c": [-167.46533203125, -279.4389343261719, 929.5223388671875], "obj_id": 0}, {"cam_R_m2c": [0.9960055351257324, 0.03466779738664627, -0.08228711038827896, 0.04649004340171814, 0.5854551792144775, 0.8093706965446472, 0.07623451203107834, -0.8099632263183594, 0.5815048217773438], "cam_t_m2c": [-134.7425079345703, 81.39702606201172, 702.6270751953125], "obj_id": 1}, {"cam_R_m2c": [-0.5685431957244873, -0.6465871930122375, -0.5086095333099365, 0.7364894151687622, -0.6755170226097107, 0.03549802675843239, -0.3665269613265991, -0.35440337657928467, 0.8602651953697205], "cam_t_m2c": [-112.39669799804688, 0.17070117592811584, 705.4564819335938], "obj_id": 3}, {"cam_R_m2c": [-0.5507621765136719, 0.7607141733169556, -0.343474417924881, -0.17374588549137115, 0.29800763726234436, 0.938618004322052, 0.8163780570030212, 0.5766326785087585, -0.03196028247475624], "cam_t_m2c": [-302.5956726074219, -12.94440746307373, 858.6177368164062], "obj_id": 3}, {"cam_R_m2c": [-0.47542208433151245, 0.7568781971931458, -0.4484519064426422, 0.7418660521507263, 0.07091976702213287, -0.6667871475219727, -0.4728725552558899, -0.6496966481208801, -0.5952190160751343], "cam_t_m2c": [23.871503829956055, -20.15555191040039, 582.9164428710938], "obj_id": 3}, {"cam_R_m2c": [0.1383630633354187, -0.43120887875556946, -0.891579806804657, 0.5245564579963684, -0.7316889762878418, 0.4352835416793823, -0.8400572538375854, -0.5279111266136169, 0.1249546930193901], "cam_t_m2c": [72.61933135986328, -22.293781280517578, 546.5645751953125], "obj_id": 3}, {"cam_R_m2c": [-0.6067489981651306, -0.6462986469268799, 0.4627673625946045, 0.7292612791061401, -0.22095057368278503, 0.6475791335105896, -0.3162808418273926, 0.7303963303565979, 0.6053822040557861], "cam_t_m2c": [-15.841532707214355, -197.63429260253906, 814.8314208984375], "obj_id": 3}, {"cam_R_m2c": [-0.6411505937576294, 0.6927266716957092, 0.3302360773086548, 0.7195515632629395, 0.692249059677124, -0.05510774999856949, -0.26678022742271423, 0.20228949189186096, -0.9422884583473206], "cam_t_m2c": [45.17965316772461, -160.98573303222656, 702.6160278320312], "obj_id": 3}, {"cam_R_m2c": [0.6582029461860657, -0.3331400454044342, 0.6751196384429932, -0.7134009003639221, -0.5624498724937439, 0.4179821312427521, 0.24047444760799408, -0.7567480802536011, -0.6078685522079468], "cam_t_m2c": [-1.1228687763214111, -290.3114013671875, 965.0554809570312], "obj_id": 3}, {"cam_R_m2c": [0.3102476894855499, 0.9021580219268799, -0.29976198077201843, 0.4020581543445587, -0.41025111079216003, -0.8185617327690125, -0.8614497184753418, 0.13343514502048492, -0.4899994432926178], "cam_t_m2c": [-67.5613021850586, -204.68206787109375, 918.2263793945312], "obj_id": 3}, {"cam_R_m2c": [0.1045558825135231, 0.32906267046928406, -0.9385018944740295, 0.5454316735267639, -0.8080654740333557, -0.22256334125995636, -0.8316082954406738, -0.4886183738708496, -0.26396918296813965], "cam_t_m2c": [6.350409984588623, 56.45285415649414, 518.7442016601562], "obj_id": 3}, {"cam_R_m2c": [0.5520169138908386, -0.8323127031326294, 0.05032731965184212, 0.5809040665626526, 0.34057149291038513, -0.7392979264259338, 0.5981870293617249, 0.43734028935432434, 0.6714951395988464], "cam_t_m2c": [-112.16194152832031, -173.9977264404297, 857.4824829101562], "obj_id": 2}, {"cam_R_m2c": [0.10318183153867722, 0.27725523710250854, 0.9552397131919861, 0.7178534865379333, -0.6855222582817078, 0.12143054604530334, 0.6885054707527161, 0.6731927990913391, -0.26976197957992554], "cam_t_m2c": [86.62776947021484, -100.40645599365234, 656.8291625976562], "obj_id": 1}, {"cam_R_m2c": [-0.5335643291473389, -0.47202619910240173, 0.7017836570739746, -0.681151807308197, 0.7316897511482239, -0.02573668770492077, -0.5013394951820374, -0.49175339937210083, -0.7119250297546387], "cam_t_m2c": [438.089599609375, -402.12847900390625, 693.666259765625], "obj_id": 0}, {"cam_R_m2c": [-0.5531511306762695, 0.8278677463531494, 0.0930529534816742, 0.8103821873664856, 0.508816123008728, 0.2904941439628601, 0.19314388930797577, 0.2360956221818924, -0.9523414969444275], "cam_t_m2c": [75.89543151855469, -130.2061004638672, 623.902587890625], "obj_id": 3}, {"cam_R_m2c": [0.008766942657530308, 0.3459608256816864, -0.9382079839706421, -0.2333238273859024, 0.9130533933639526, 0.3345049023628235, 0.9723595380783081, 0.21597370505332947, 0.08872559666633606], "cam_t_m2c": [-167.9378662109375, 67.5203857421875, 622.6893920898438], "obj_id": 3}, {"cam_R_m2c": [-0.5589112043380737, 0.2739163935184479, -0.7826800346374512, 0.41962775588035583, 0.907518744468689, 0.01795065402984619, 0.7152137756347656, -0.3184014558792114, -0.622165322303772], "cam_t_m2c": [-209.67501831054688, -41.76167678833008, 835.4328002929688], "obj_id": 3}, {"cam_R_m2c": [0.29211604595184326, -0.9293161630630493, -0.22591948509216309, 0.8769963383674622, 0.35451748967170715, -0.3243374228477478, 0.3815044164657593, -0.10338640213012695, 0.9185671806335449], "cam_t_m2c": [161.89044189453125, -173.20870971679688, 690.339599609375], "obj_id": 2}, {"cam_R_m2c": [-0.8889774084091187, -0.42244699597358704, 0.17679810523986816, 0.2940634489059448, -0.2306271493434906, 0.9275439381599426, -0.35106372833251953, 0.8765555024147034, 0.3292486071586609], "cam_t_m2c": [-117.79889678955078, 136.52748107910156, 599.6145629882812], "obj_id": 1}],
  "2": [{"cam_R_m2c": [-0.7172572612762451, -0.694403350353241, 0.05784211307764053, 0.052684664726257324, -0.13681602478027344, -0.989194393157959, 0.6948137283325195, -0.7064595818519592, 0.13471683859825134], "cam_t_m2c": [-280.9017639160156, -12.217425346374512, 916.3456420898438], "obj_id": 3}, {"cam_R_m2c": [0.3587467670440674, -0.9250258207321167, 0.1250120997428894, 0.6171342134475708, 0.13456624746322632, -0.7752659916877747, 0.7003186345100403, 0.35527342557907104, 0.6191402077674866], "cam_t_m2c": [-167.46533203125, -279.4389343261719, 929.5223388671875], "obj_id": 0}, {"cam_R_m2c": [0.9960055351257324, 0.03466779738664627, -0.08228711038827896, 0.04649004340171814, 0.5854551792144775, 0.8093706965446472, 0.07623451203107834, -0.8099632263183594, 0.5815048217773438], "cam_t_m2c": [-134.7425079345703, 81.39702606201172, 702.6270751953125], "obj_id": 1}, {"cam_R_m2c": [-0.5685431957244873, -0.6465871930122375, -0.5086095333099365, 0.7364894151687622, -0.6755170226097107, 0.03549802675843239, -0.3665269613265991, -0.35440337657928467, 0.8602651953697205], "cam_t_m2c": [-112.39669799804688, 0.17070117592811584, 705.4564819335938], "obj_id": 3}, {"cam_R_m2c": [-0.5507621765136719, 0.7607141733169556, -0.343474417924881, -0.17374588549137115, 0.29800763726234436, 0.938618004322052, 0.8163780570030212, 0.5766326785087585, -0.03196028247475624], "cam_t_m2c": [-302.5956726074219, -12.94440746307373, 858.6177368164062], "obj_id": 3}, {"cam_R_m2c": [-0.47542208433151245, 0.7568781971931458, -0.4484519064426422, 0.7418660521507263, 0.07091976702213287, -0.6667871475219727, -0.4728725552558899, -0.6496966481208801, -0.5952190160751343], "cam_t_m2c": [23.871503829956055, -20.15555191040039, 582.9164428710938], "obj_id": 3}, {"cam_R_m2c": [0.1383630633354187, -0.43120887875556946, -0.891579806804657, 0.5245564579963684, -0.7316889762878418, 0.4352835416793823, -0.8400572538375854, -0.5279111266136169, 0.1249546930193901], "cam_t_m2c": [72.61933135986328, -22.293781280517578, 546.5645751953125], "obj_id": 3}, {"cam_R_m2c": [-0.6067489981651306, -0.6462986469268799, 0.4627673625946045, 0.7292612791061401, -0.22095057368278503, 0.6475791335105896, -0.3162808418273926, 0.7303963303565979, 0.6053822040557861], "cam_t_m2c": [-15.841532707214355, -197.63429260253906, 814.8314208984375], "obj_id": 3}, {"cam_R_m2c": [-0.6411505937576294, 0.6927266716957092, 0.3302360773086548, 0.7195515632629395, 0.692249059677124, -0.05510774999856949, -0.26678022742271423, 0.20228949189186096, -0.9422884583473206], "cam_t_m2c": [45.17965316772461, -160.98573303222656, 702.6160278320312], "obj_id": 3}, {"cam_R_m2c": [0.6582029461860657, -0.3331400454044342, 0.6751196384429932, -0.7134009003639221, -0.5624498724937439, 0.4179821312427521, 0.24047444760799408, -0.7567480802536011, -0.6078685522079468], "cam_t_m2c": [-1.1228687763214111, -290.3114013671875, 965.0554809570312], "obj_id": 3}, {"cam_R_m2c": [0.3102476894855499, 0.9021580219268799, -0.29976198077201843, 0.4020581543445587, -0.41025111079216003, -0.8185617327690125, -0.8614497184753418, 0.13343514502048492, -0.4899994432926178], "cam_t_m2c": [-67.5613021850586, -204.68206787109375, 918.2263793945312], "obj_id": 3}, {"cam_R_m2c": [0.1045558825135231, 0.32906267046928406, -0.9385018944740295, 0.5454316735267639, -0.8080654740333557, -0.22256334125995636, -0.8316082954406738, -0.4886183738708496, -0.26396918296813965], "cam_t_m2c": [6.350409984588623, 56.45285415649414, 518.7442016601562], "obj_id": 3}, {"cam_R_m2c": [0.5520169138908386, -0.8323127031326294, 0.05032731965184212, 0.5809040665626526, 0.34057149291038513, -0.7392979264259338, 0.5981870293617249, 0.43734028935432434, 0.6714951395988464], "cam_t_m2c": [-112.16194152832031, -173.9977264404297, 857.4824829101562], "obj_id": 2}, {"cam_R_m2c": [0.10318183153867722, 0.27725523710250854, 0.9552397131919861, 0.7178534865379333, -0.6855222582817078, 0.12143054604530334, 0.6885054707527161, 0.6731927990913391, -0.26976197957992554], "cam_t_m2c": [86.62776947021484, -100.40645599365234, 656.8291625976562], "obj_id": 1}, {"cam_R_m2c": [-0.5335643291473389, -0.47202619910240173, 0.7017836570739746, -0.681151807308197, 0.7316897511482239, -0.02573668770492077, -0.5013394951820374, -0.49175339937210083, -0.7119250297546387], "cam_t_m2c": [438.089599609375, -402.12847900390625, 693.666259765625], "obj_id": 0}, {"cam_R_m2c": [-0.5531511306762695, 0.8278677463531494, 0.0930529534816742, 0.8103821873664856, 0.508816123008728, 0.2904941439628601, 0.19314388930797577, 0.2360956221818924, -0.9523414969444275], "cam_t_m2c": [75.89543151855469, -130.2061004638672, 623.902587890625], "obj_id": 3}, {"cam_R_m2c": [0.008766942657530308, 0.3459608256816864, -0.9382079839706421, -0.2333238273859024, 0.9130533933639526, 0.3345049023628235, 0.9723595380783081, 0.21597370505332947, 0.08872559666633606], "cam_t_m2c": [-167.9378662109375, 67.5203857421875, 622.6893920898438], "obj_id": 3}, {"cam_R_m2c": [-0.5589112043380737, 0.2739163935184479, -0.7826800346374512, 0.41962775588035583, 0.907518744468689, 0.01795065402984619, 0.7152137756347656, -0.3184014558792114, -0.622165322303772], "cam_t_m2c": [-209.67501831054688, -41.76167678833008, 835.4328002929688], "obj_id": 3}, {"cam_R_m2c": [0.29211604595184326, -0.9293161630630493, -0.22591948509216309, 0.8769963383674622, 0.35451748967170715, -0.3243374228477478, 0.3815044164657593, -0.10338640213012695, 0.9185671806335449], "cam_t_m2c": [161.89044189453125, -173.20870971679688, 690.339599609375], "obj_id": 2}, {"cam_R_m2c": [-0.8889774084091187, -0.42244699597358704, 0.17679810523986816, 0.2940634489059448, -0.2306271493434906, 0.9275439381599426, -0.35106372833251953, 0.8765555024147034, 0.3292486071586609], "cam_t_m2c": [-117.79889678955078, 136.52748107910156, 599.6145629882812], "obj_id": 1}]
}