{
  "0": [{"cam_R_m2c": [-0.14884187281131744, -0.8483051657676697, -0.5081577897071838, -0.8128545880317688, 0.3976002335548401, -0.4256541132926941, 0.5631282329559326, 0.34970325231552124, -0.7487282752990723], "cam_t_m2c": [522.7699584960938, 87.46424865722656, 7001.197265625], "obj_id": 0}, {"cam_R_m2c": [0.967506468296051, 0.2520792782306671, -0.019679443910717964, -0.22014938294887543, 0.8015567660331726, -0.555914580821991, -0.12436037510633469, 0.5421833992004395, 0.8310064077377319], "cam_t_m2c": [710.4979248046875, 284.1530456542969, 7217.32421875], "obj_id": 3}, {"cam_R_m2c": [0.1987239122390747, 0.9015181064605713, -0.3844137191772461, -0.9800549149513245, 0.18323874473571777, -0.07691530138254166, 0.001098954351618886, 0.3920314610004425, 0.9199511408805847], "cam_t_m2c": [9194.5068359375, -57213.51171875, -49921.0703125], "obj_id": 1}, {"cam_R_m2c": [-0.37503424286842346, -0.7102484107017517, 0.595731794834137, 0.2778213620185852, -0.6992129683494568, -0.6587232947349548, 0.8844006657600403, -0.08153680711984634, 0.4595510959625244], "cam_t_m2c": [-87.34434509277344, -135.16748046875, 731.05859375], "obj_id": 1}],
  "1": [{"cam_R_m2c": [0.641486644744873, -0.6887233257293701, -0.33786842226982117, -0.7331929206848145, -0.42087996006011963, -0.5341236591339111, 0.22566135227680206, 0.5903558731079102, -0.7749559283256531], "cam_t_m2c": [2640.64111328125, -566.184326171875, 6684.31591796875], "obj_id": 0}, {"cam_R_m2c": [0.7359838485717773, -0.1532610058784485, 0.6594231724739075, 0.5891177654266357, 0.624910831451416, -0.5122760534286499, -0.3335687220096588, 0.765504777431488, 0.5502130389213562], "cam_t_m2c": [2717.164306640625, -333.3032531738281, 6929.8916015625], "obj_id": 3}, {"cam_R_m2c": [0.7701224684715271, 0.6224125027656555, 0.1396927684545517, -0.496506005525589, 0.722363293170929, -0.48132428526878357, -0.4004911780357361, 0.301320344209671, 0.8653397560119629], "cam_t_m2c": [24444.45703125, -22642.724609375, -68389.0859375], "obj_id": 1}, {"cam_R_m2c": [-0.09848123788833618, -0.044025059789419174, 0.9941645860671997, -0.23600931465625763, -0.9694856405258179, -0.06631111353635788, 0.9667476415634155, -0.24116250872612, 0.08508586138486862], "cam_t_m2c": [41.74521255493164, -158.11317443847656, 955.7954711914062], "obj_id": 1}]
}