{
  "0": [{"cam_R_m2c": [-0.2980223298072815, -0.7453914880752563, -0.5963004231452942, 0.933513879776001, -0.35803741216659546, -0.019000370055437088, -0.19933515787124634, -0.5623172521591187, 0.8025364875793457], "cam_t_m2c": [-284.159423828125, 14.981865882873535, 1317.9644775390625], "obj_id": 2}, {"cam_R_m2c": [0.6185441613197327, 0.6326290965080261, -0.466029554605484, 0.13476154208183289, 0.498901903629303, 0.8561169505119324, 0.7741075158119202, -0.5923489332199097, 0.2233387678861618], "cam_t_m2c": [8446.9921875, 1285.436767578125, 19188.57421875], "obj_id": 0}, {"cam_R_m2c": [0.4904003441333771, -0.8712702989578247, 0.019886961206793785, 0.6121138334274292, 0.36059603095054626, 0.7037663459777832, -0.6203418970108032, -0.33295413851737976, 0.7101531028747559], "cam_t_m2c": [8442.138671875, 1353.753173828125, 19235.33984375], "obj_id": 2}],
  "1": [{"cam_R_m2c": [0.9242779612541199, 0.238633394241333, 0.297933429479599, -0.2654973864555359, -0.1589023917913437, 0.9509264826774597, 0.2742651402950287, -0.9580209851264954, -0.08351344615221024], "cam_t_m2c": [165.64112854003906, 389.15814208984375, 942.2731323242188], "obj_id": 2}, {"cam_R_m2c": [-0.3477024734020233, 0.03282269090414047, 0.9370301365852356, 0.444198876619339, -0.874347984790802, 0.19545532763004303, 0.825705885887146, 0.4841880798339844, 0.2894333004951477], "cam_t_m2c": [-5780.77490234375, 13078.2041015625, 15113.7763671875], "obj_id": 0}, {"cam_R_m2c": [0.2121564745903015, 0.8544549345970154, 0.4742324948310852, -0.8708082437515259, -0.05493103340268135, 0.4885445535182953, 0.44348931312561035, -0.5166134834289551, 0.7324123382568359], "cam_t_m2c": [-5728.71875, 13108.3818359375, 15171.140625], "obj_id": 2}]
}