{
  "0": [{"cam_R_m2c": [0.0732785314321518, 0.871144711971283, -0.4855276942253113, 0.8200305700302124, 0.22444751858711243, 0.5264724493026733, 0.5676091909408569, -0.4367266595363617, -0.6979181170463562], "cam_t_m2c": [86.27741241455078, 120.46853637695312, 164.5119171142578], "obj_id": 0}, {"cam_R_m2c": [0.6922494769096375, 0.2711387574672699, 0.6687857508659363, -0.6355063319206238, 0.6681491136550903, 0.386921763420105, -0.34193912148475647, -0.6928640007972717, 0.6348362565040588], "cam_t_m2c": [186.1160125732422, 7.700552463531494, 375.3292541503906], "obj_id": 1}, {"cam_R_m2c": [-0.31227222084999084, -0.6503998041152954, -0.6924349665641785, 0.8125213384628296, 0.19481311738491058, -0.549415111541748, 0.49223488569259644, -0.7341852784156799, 0.46762895584106445], "cam_t_m2c": [-81.63086700439453, 65.1165542602539, 190.2856903076172], "obj_id": 0}, {"cam_R_m2c": [0.8147760033607483, -0.30715233087539673, -0.49172908067703247, 0.5671402215957642, 0.5983471274375916, 0.5659793615341187, 0.12038277834653854, -0.7400257587432861, 0.6617173552513123], "cam_t_m2c": [-3.0337021350860596, -8.975003242492676, 416.8385314941406], "obj_id": 1}, {"cam_R_m2c": [-0.8619676828384399, 0.1546066552400589, -0.48281264305114746, -0.41942062973976135, 0.31749263405799866, 0.8504614233970642, 0.2847764194011688, 0.9355720281600952, -0.20882302522659302], "cam_t_m2c": [-155.2681427001953, -51.112667083740234, 313.8443908691406], "obj_id": 3}, {"cam_R_m2c": [0.4474000632762909, 0.8519682884216309, -0.27199843525886536, -0.7249912023544312, 0.16742296516895294, -0.6680997014045715, -0.5236610174179077, 0.49610430002212524, 0.6925746202468872], "cam_t_m2c": [-45.458396911621094, -43.76462173461914, 415.69964599609375], "obj_id": 0}, {"cam_R_m2c": [0.19500643014907837, 0.1256839632987976, -0.9727158546447754, -0.9066303372383118, -0.35523712635040283, -0.22765782475471497, -0.3741576671600342, 0.9262884259223938, 0.044675346463918686], "cam_t_m2c": [-382.5530700683594, -48.553951263427734, 347.80511474609375], "obj_id": 0}, {"cam_R_m2c": [-0.14625860750675201, 0.8199384212493896, 0.5534522533416748, 0.641030490398407, 0.5046691298484802, -0.5782637000083923, -0.7534509301185608, 0.27020370960235596, -0.5994177460670471], "cam_t_m2c": [-114.1278076171875, 117.11064147949219, 173.36549377441406], "obj_id": 3}, {"cam_R_m2c": [-0.6427642703056335, -0.6202855110168457, -0.449555367231369, 0.43562719225883484, -0.7786749005317688, 0.45154663920402527, -0.6301453113555908, 0.09439948201179504, 0.7707176208496094], "cam_t_m2c": [153.46446228027344, -1.5317331552505493, 349.09283447265625], "obj_id": 3}, {"cam_R_m2c": [0.14570917189121246, 0.005934568587690592, 0.9893096685409546, -0.6252169013023376, 0.7755382061004639, 0.08743203431367874, -0.7667285799980164, -0.6312727332115173, 0.11671341955661774], "cam_t_m2c": [239.7887420654297, -38.92066192626953, 382.1026611328125], "obj_id": 2}, {"cam_R_m2c": [0.5438482761383057, -0.2263113260269165, 0.8080917000770569, -0.49652308225631714, -0.8630864024162292, 0.09244868159294128, 0.6765307784080505, -0.45151424407958984, -0.5817568302154541], "cam_t_m2c": [69.92306518554688, 177.4812774658203, 168.80245971679688], "obj_id": 3}, {"cam_R_m2c": [-0.10443989932537079, 0.7730023264884949, 0.6257472634315491, -0.5104861855506897, 0.4983104169368744, -0.7007785439491272, -0.8535197973251343, -0.3926246166229248, 0.34256353974342346], "cam_t_m2c": [146.38783264160156, 49.992523193359375, 237.91748046875], "obj_id": 1}, {"cam_R_m2c": [-0.14294925332069397, -0.9713441133499146, -0.18988414108753204, 0.7397739887237549, 0.02258973754942417, -0.6724759936332703, 0.6574950814247131, -0.2366013526916504, 0.7153460383415222], "cam_t_m2c": [-222.830078125, 2.848966121673584, 328.2232971191406], "obj_id": 2}, {"cam_R_m2c": [0.9966786503791809, -0.08068479597568512, -0.01102771982550621, 0.06124453619122505, 0.6534128785133362, 0.7545201778411865, -0.053672656416893005, -0.7526895403862, 0.656184196472168], "cam_t_m2c": [221.45953369140625, 110.82345581054688, 318.8490295410156], "obj_id": 1}, {"cam_R_m2c": [-0.27987217903137207, -0.9115886092185974, 0.301127552986145, 0.901962399482727, -0.3571106791496277, -0.2427670955657959, 0.32883957028388977, 0.2036619633436203, 0.9221639633178711], "cam_t_m2c": [-144.78762817382812, -5.788933277130127, 358.6403503417969], "obj_id": 1}, {"cam_R_m2c": [-0.14294709265232086, -0.47807222604751587, 0.8666101098060608, 0.7397758960723877, -0.6332866549491882, -0.2273317128419876, 0.6574935913085938, 0.6086008548736572, 0.4441927373409271], "cam_t_m2c": [165.58749389648438, 15.468673706054688, 398.4731140136719], "obj_id": 2}, {"cam_R_m2c": [0.12068141996860504, -0.9843560457229614, 0.12837158143520355, -0.740257978439331, -0.17539773881435394, -0.649040699005127, 0.661403238773346, -0.016700901091098785, -0.7498446702957153], "cam_t_m2c": [-56.41374588012695, -103.19282531738281, 345.5130920410156], "obj_id": 1}, {"cam_R_m2c": [0.3749332129955292, 0.6434370279312134, -0.6673932671546936, -0.8199306726455688, -0.10577572882175446, -0.5626056790351868, -0.4325953722000122, 0.7581557631492615, 0.4879149794578552], "cam_t_m2c": [-75.51201629638672, 151.33201599121094, 159.2346954345703], "obj_id": 0}, {"cam_R_m2c": [-0.14295250177383423, -0.9839447140693665, 0.10685239732265472, 0.73977130651474, -0.17794585227966309, -0.6489018797874451, 0.6574975252151489, -0.01371580921113491, 0.7533318400382996], "cam_t_m2c": [-20.83452033996582, 163.5336456298828, 160.92539978027344], "obj_id": 2}, {"cam_R_m2c": [-0.5841973423957825, 0.5810104608535767, 0.5666924118995667, 0.4731076657772064, 0.8111164569854736, -0.3438883423805237, -0.6594562530517578, 0.06720787286758423, -0.7487326264381409], "cam_t_m2c": [-205.2083740234375, -156.77685546875, 426.64874267578125], "obj_id": 3}, {"cam_R_m2c": [-0.006815522909164429, 0.9977944493293762, -0.0660291314125061, 0.7209939360618591, -0.04085090756416321, -0.6917362213134766, -0.6929078698158264, -0.05232113599777222, -0.7191252708435059], "cam_t_m2c": [257.06781005859375, 41.000343322753906, 251.43116760253906], "obj_id": 1}, {"cam_R_m2c": [0.34742191433906555, 0.7988549470901489, 0.49104851484298706, -0.6791298985481262, 0.5754514932632446, -0.4556732177734375, -0.6465914249420166, -0.17517492175102234, 0.7424508333206177], "cam_t_m2c": [157.4662322998047, -65.53565216064453, 474.5892333984375], "obj_id": 0}, {"cam_R_m2c": [0.5473281145095825, -0.07341846078634262, -0.8336915969848633, -0.30558475852012634, 0.9098355770111084, -0.28074395656585693, 0.7791340947151184, 0.4084224998950958, 0.4755430221557617], "cam_t_m2c": [-2.7706406116485596, -1.2345001697540283, 291.7609558105469], "obj_id": 3}, {"cam_R_m2c": [-0.14492155611515045, 0.15843074023723602, 0.9766765832901001, 0.7133072018623352, -0.6673495769500732, 0.2140958160161972, 0.685704231262207, 0.7276976704597473, -0.01629624515771866], "cam_t_m2c": [177.34127807617188, 230.6036376953125, 60.409297943115234], "obj_id": 0}, {"cam_R_m2c": [-0.133882537484169, -0.864404022693634, -0.48464536666870117, -0.8769533634185791, -0.12442979216575623, 0.46418753266334534, -0.46154987812042236, 0.4871579706668854, -0.7413830757141113], "cam_t_m2c": [-51.65626525878906, -79.19280242919922, 364.05120849609375], "obj_id": 2}]
}