{
  "0": [{"cam_R_m2c": [0.9347866773605347, -0.0166474562138319, -0.35481929779052734, -0.10082780569791794, -0.9702495336532593, -0.2201129049062729, -0.3405989110469818, 0.2415342628955841, -0.9086548686027527], "cam_t_m2c": [144.12147521972656, 85.0278091430664, 1224.8797607421875], "obj_id": 3}, {"cam_R_m2c": [-0.6617075204849243, 0.43143993616104126, 0.6131906509399414, 0.7234551310539246, 0.15266795456409454, 0.6732794046401978, 0.19686506688594818, 0.8891299366950989, -0.4131489396095276], "cam_t_m2c": [-163.78494262695312, 103.7685546875, 1232.297607421875], "obj_id": 0}, {"cam_R_m2c": [0.07827139645814896, -0.2133786529302597, -0.9738290905952454, 0.08651214838027954, 0.97459477186203, -0.20659302175045013, 0.9931712746620178, -0.06807772815227509, 0.09474274516105652], "cam_t_m2c": [309.3426513671875, -106.21734619140625, 1193.3638916015625], "obj_id": 0}, {"cam_R_m2c": [0.3268353044986725, 0.14317560195922852, 0.9341731071472168, 0.9415217041969299, 0.036381807178258896, -0.33498233556747437, -0.0819481760263443, 0.9890283346176147, -0.12291205674409866], "cam_t_m2c": [235.35128784179688, -62.819122314453125, 1126.2646484375], "obj_id": 3}],
  "1": [{"cam_R_m2c": [0.5523348450660706, 0.6619738340377808, -0.5066722631454468, 0.027751922607421875, -0.6220604777336121, -0.7824770212173462, -0.8331602215766907, 0.4181281626224518, -0.3619566559791565], "cam_t_m2c": [145.30905151367188, 233.8987579345703, 785.3844604492188], "obj_id": 3}, {"cam_R_m2c": [-0.7925080060958862, 0.5902779698371887, -0.15330620110034943, 0.4600209891796112, 0.7436328530311584, 0.4851709306240082, 0.40038925409317017, 0.31397783756256104, -0.8608752489089966], "cam_t_m2c": [-73.30883026123047, 155.7291717529297, 988.5964965820312], "obj_id": 0}, {"cam_R_m2c": [0.43209072947502136, -0.7471465468406677, -0.5050441026687622, 0.6389809250831604, 0.6488325595855713, -0.4131822884082794, 0.6363968253135681, -0.14418134093284607, 0.7577670216560364], "cam_t_m2c": [357.10455322265625, 120.56071472167969, 700.7615966796875], "obj_id": 0}, {"cam_R_m2c": [-0.36365970969200134, 0.5041632652282715, 0.7833077311515808, 0.7852132320404053, 0.618322491645813, -0.03342878445982933, -0.5011903047561646, 0.6029068827629089, -0.6207346320152283], "cam_t_m2c": [251.9002227783203, 93.79081726074219, 690.9314575195312], "obj_id": 3}]
}