{
  "0": [{"cam_R_m2c": [-0.9754617214202881, 0.21833892166614532, 0.02833275869488716, 0.05359649285674095, 0.36029988527297974, -0.9312955737113953, -0.21354636549949646, -0.9069245457649231, -0.36316099762916565], "cam_t_m2c": [22.62164878845215, 53.323341369628906, 67.14437866210938], "obj_id": 1}, {"cam_R_m2c": [-0.9754617214202881, 0.21833892166614532, 0.02833275869488716, 0.05359649285674095, 0.36029988527297974, -0.9312955737113953, -0.21354636549949646, -0.9069245457649231, -0.36316099762916565], "cam_t_m2c": [22.62164878845215, 53.323341369628906, 67.14437866210938], "obj_id": 2}, {"cam_R_m2c": [-0.9754617214202881, 0.21833892166614532, 0.02833275869488716, 0.05359649285674095, 0.36029988527297974, -0.9312955737113953, -0.21354636549949646, -0.9069245457649231, -0.36316099762916565], "cam_t_m2c": [22.62164878845215, 53.323341369628906, 67.14437866210938], "obj_id": 3}, {"cam_R_m2c": [-0.9754617214202881, 0.21833892166614532, 0.02833275869488716, 0.05359649285674095, 0.36029988527297974, -0.9312955737113953, -0.21354636549949646, -0.9069245457649231, -0.36316099762916565], "cam_t_m2c": [22.62164878845215, 53.323341369628906, 67.14437866210938], "obj_id": 1}, {"cam_R_m2c": [-0.9754617214202881, 0.21833892166614532, 0.02833275869488716, 0.05359649285674095, 0.36029988527297974, -0.9312955737113953, -0.21354636549949646, -0.9069245457649231, -0.36316099762916565], "cam_t_m2c": [22.62164878845215, 53.323341369628906, 67.14437866210938], "obj_id": 3}, {"cam_R_m2c": [-0.9754617214202881, 0.21833892166614532, 0.02833275869488716, 0.05359649285674095, 0.36029988527297974, -0.9312955737113953, -0.21354636549949646, -0.9069245457649231, -0.36316099762916565], "cam_t_m2c": [22.62164878845215, 53.323341369628906, 67.14437866210938], "obj_id": 3}, {"cam_R_m2c": [-0.9754617214202881, 0.21833892166614532, 0.02833275869488716, 0.05359649285674095, 0.36029988527297974, -0.9312955737113953, -0.21354636549949646, -0.9069245457649231, -0.36316099762916565], "cam_t_m2c": [22.62164878845215, 53.323341369628906, 67.14437866210938], "obj_id": 1}, {"cam_R_m2c": [-0.9754617214202881, 0.21833892166614532, 0.02833275869488716, 0.05359649285674095, 0.36029988527297974, -0.9312955737113953, -0.21354636549949646, -0.9069245457649231, -0.36316099762916565], "cam_t_m2c": [22.62164878845215, 53.323341369628906, 67.14437866210938], "obj_id": 3}, {"cam_R_m2c": [-0.9754617214202881, 0.21833892166614532, 0.02833275869488716, 0.05359649285674095, 0.36029988527297974, -0.9312955737113953, -0.21354636549949646, -0.9069245457649231, -0.36316099762916565], "cam_t_m2c": [22.62164878845215, 53.323341369628906, 67.14437866210938], "obj_id": 3}, {"cam_R_m2c": [-0.9754617214202881, 0.21833892166614532, 0.02833275869488716, 0.05359649285674095, 0.36029988527297974, -0.9312955737113953, -0.21354636549949646, -0.9069245457649231, -0.36316099762916565], "cam_t_m2c": [22.62164878845215, 53.323341369628906, 67.14437866210938], "obj_id": 3}, {"cam_R_m2c": [-0.9754617214202881, 0.21833892166614532, 0.02833275869488716, 0.05359649285674095, 0.36029988527297974, -0.9312955737113953, -0.21354636549949646, -0.9069245457649231, -0.36316099762916565], "cam_t_m2c": [22.62164878845215, 53.323341369628906, 67.14437866210938], "obj_id": 1}, {"cam_R_m2c": [-0.9754617214202881, 0.21833892166614532, 0.02833275869488716, 0.05359649285674095, 0.36029988527297974, -0.9312955737113953, -0.21354636549949646, -0.9069245457649231, -0.36316099762916565], "cam_t_m2c": [22.62164878845215, 53.323341369628906, 67.14437866210938], "obj_id": 2}, {"cam_R_m2c": [-0.9754617214202881, 0.21833892166614532, 0.02833275869488716, 0.05359649285674095, 0.36029988527297974, -0.9312955737113953, -0.21354636549949646, -0.9069245457649231, -0.36316099762916565], "cam_t_m2c": [22.62164878845215, 53.323341369628906, 67.14437866210938], "obj_id": 1}, {"cam_R_m2c": [-0.9754617214202881, 0.21833892166614532, 0.02833275869488716, 0.05359649285674095, 0.36029988527297974, -0.9312955737113953, -0.21354636549949646, -0.9069245457649231, -0.36316099762916565], "cam_t_m2c": [22.62164878845215, 53.323341369628906, 67.14437866210938], "obj_id": 2}, {"cam_R_m2c": [-0.9754617214202881, 0.21833892166614532, 0.02833275869488716, 0.05359649285674095, 0.36029988527297974, -0.9312955737113953, -0.21354636549949646, -0.9069245457649231, -0.36316099762916565], "cam_t_m2c": [22.62164878845215, 53.323341369628906, 67.14437866210938], "obj_id": 3}, {"cam_R_m2c": [-0.9754617214202881, 0.21833892166614532, 0.02833275869488716, 0.05359649285674095, 0.36029988527297974, -0.9312955737113953, -0.21354636549949646, -0.9069245457649231, -0.36316099762916565], "cam_t_m2c": [22.62164878845215, 53.323341369628906, 67.14437866210938], "obj_id": 1}, {"cam_R_m2c": [-0.9754617214202881, 0.21833892166614532, 0.02833275869488716, 0.05359649285674095, 0.36029988527297974, -0.9312955737113953, -0.21354636549949646, -0.9069245457649231, -0.36316099762916565], "cam_t_m2c": [22.62164878845215, 53.323341369628906, 67.14437866210938], "obj_id": 1}, {"cam_R_m2c": [-0.9754617214202881, 0.21833892166614532, 0.02833275869488716, 0.05359649285674095, 0.36029988527297974, -0.9312955737113953, -0.21354636549949646, -0.9069245457649231, -0.36316099762916565], "cam_t_m2c": [22.62164878845215, 53.323341369628906, 67.14437866210938], "obj_id": 1}, {"cam_R_m2c": [-0.9754617214202881, 0.21833892166614532, 0.02833275869488716, 0.05359649285674095, 0.36029988527297974, -0.9312955737113953, -0.21354636549949646, -0.9069245457649231, -0.36316099762916565], "cam_t_m2c": [22.62164878845215, 53.323341369628906, 67.14437866210938], "obj_id": 1}, {"cam_R_m2c": [-0.9754617214202881, 0.21833892166614532, 0.02833275869488716, 0.05359649285674095, 0.36029988527297974, -0.9312955737113953, -0.21354636549949646, -0.9069245457649231, -0.36316099762916565], "cam_t_m2c": [22.62164878845215, 53.323341369628906, 67.14437866210938], "obj_id": 2}, {"cam_R_m2c": [-0.9754617214202881, 0.21833892166614532, 0.02833275869488716, 0.05359649285674095, 0.36029988527297974, -0.9312955737113953, -0.21354636549949646, -0.9069245457649231, -0.36316099762916565], "cam_t_m2c": [22.62164878845215, 53.323341369628906, 67.14437866210938], "obj_id": 1}, {"cam_R_m2c": [-0.9754617214202881, 0.21833892166614532, 0.02833275869488716, 0.05359649285674095, 0.36029988527297974, -0.9312955737113953, -0.21354636549949646, -0.9069245457649231, -0.36316099762916565], "cam_t_m2c": [22.62164878845215, 53.323341369628906, 67.14437866210938], "obj_id": 2}, {"cam_R_m2c": [-0.9754617214202881, 0.21833892166614532, 0.02833275869488716, 0.05359649285674095, 0.36029988527297974, -0.9312955737113953, -0.21354636549949646, -0.9069245457649231, -0.36316099762916565], "cam_t_m2c": [22.62164878845215, 53.323341369628906, 67.14437866210938], "obj_id": 3}, {"cam_R_m2c": [-0.9754617214202881, 0.21833892166614532, 0.02833275869488716, 0.05359649285674095, 0.36029988527297974, -0.9312955737113953, -0.21354636549949646, -0.9069245457649231, -0.36316099762916565], "cam_t_m2c": [22.62164878845215, 53.323341369628906, 67.14437866210938], "obj_id": 1}, {"cam_R_m2c": [-0.8914830684661865, 0.15537476539611816, -0.4255779981613159, 0.43528106808662415, 0.03321627527475357, -0.8996816277503967, -0.12565171718597412, -0.987296998500824, -0.09724344313144684], "cam_t_m2c": [-222.24586486816406, 7530.07421875, 2796.08837890625], "obj_id": 0}, {"cam_R_m2c": [-0.4489814043045044, 0.858490526676178, -0.24780979752540588, 0.49379202723503113, 0.4695241153240204, 0.7319265604019165, 0.7447047233581543, 0.20625491440296173, -0.6347233653068542], "cam_t_m2c": [232.50045776367188, 47.46189498901367, 30.22035026550293], "obj_id": 3}, {"cam_R_m2c": [0.6521670818328857, 0.7180002331733704, -0.24321545660495758, -0.7558963298797607, 0.5916076898574829, -0.2803945243358612, -0.05743518844246864, 0.36670973896980286, 0.9285607933998108], "cam_t_m2c": [-97.0464096069336, 12.448223114013672, 81.14942932128906], "obj_id": 3}, {"cam_R_m2c": [-0.40525907278060913, 0.5047175288200378, 0.7622501850128174, -0.857815146446228, 0.07835642248392105, -0.5079503059387207, -0.3160986304283142, -0.8597211837768555, 0.4011996388435364], "cam_t_m2c": [92.56968688964844, -26.663225173950195, 198.4273223876953], "obj_id": 1}, {"cam_R_m2c": [-0.36599963903427124, -0.8974353671073914, 0.24628007411956787, 0.8176357746124268, -0.18371796607971191, 0.5456365346908569, -0.4444274604320526, 0.4010702669620514, 0.8010161519050598], "cam_t_m2c": [-92.46876525878906, 131.021484375, -69.80879211425781], "obj_id": 1}, {"cam_R_m2c": [-0.27176347374916077, -0.9467766880989075, -0.17250631749629974, 0.7903222441673279, -0.11728440970182419, -0.6013609766960144, 0.5491222739219666, -0.299763560295105, 0.7801324129104614], "cam_t_m2c": [-351.5856628417969, 7475.55126953125, 2912.881591796875], "obj_id": 0}, {"cam_R_m2c": [-0.37873074412345886, 0.39951205253601074, 0.8348371386528015, 0.1317235231399536, -0.8695812225341797, 0.47589632868766785, 0.9160850644111633, 0.2902042865753174, 0.2767120897769928], "cam_t_m2c": [179.11846923828125, -52.80500411987305, 254.27073669433594], "obj_id": 0}, {"cam_R_m2c": [0.5338106751441956, 0.7726302742958069, -0.34364017844200134, -0.8346004486083984, 0.5467429161071777, -0.06718803197145462, 0.1359712928533554, 0.3226679563522339, 0.9366948008537292], "cam_t_m2c": [-25.62587547302246, -21.18896484375, 176.96035766601562], "obj_id": 3}],
  "1": [{"cam_R_m2c": [-0.15415339171886444, -0.988023042678833, 0.006858486216515303, -0.9287792444229126, 0.1425352692604065, -0.3421297073364258, 0.3370544910430908, -0.059110503643751144, -0.9396275281906128], "cam_t_m2c": [-127.47167205810547, 16.170581817626953, 180.2100830078125], "obj_id": 1}, {"cam_R_m2c": [-0.15415339171886444, -0.988023042678833, 0.006858486216515303, -0.9287792444229126, 0.1425352692604065, -0.3421297073364258, 0.3370544910430908, -0.059110503643751144, -0.9396275281906128], "cam_t_m2c": [-127.47167205810547, 16.170581817626953, 180.2100830078125], "obj_id": 2}, {"cam_R_m2c": [-0.15415339171886444, -0.988023042678833, 0.006858486216515303, -0.9287792444229126, 0.1425352692604065, -0.3421297073364258, 0.3370544910430908, -0.059110503643751144, -0.9396275281906128], "cam_t_m2c": [-127.47167205810547, 16.170581817626953, 180.2100830078125], "obj_id": 3}, {"cam_R_m2c": [-0.15415339171886444, -0.988023042678833, 0.006858486216515303, -0.9287792444229126, 0.1425352692604065, -0.3421297073364258, 0.3370544910430908, -0.059110503643751144, -0.9396275281906128], "cam_t_m2c": [-127.47167205810547, 16.170581817626953, 180.2100830078125], "obj_id": 1}, {"cam_R_m2c": [-0.15415339171886444, -0.988023042678833, 0.006858486216515303, -0.9287792444229126, 0.1425352692604065, -0.3421297073364258, 0.3370544910430908, -0.059110503643751144, -0.9396275281906128], "cam_t_m2c": [-127.47167205810547, 16.170581817626953, 180.2100830078125], "obj_id": 3}, {"cam_R_m2c": [-0.15415339171886444, -0.988023042678833, 0.006858486216515303, -0.9287792444229126, 0.1425352692604065, -0.3421297073364258, 0.3370544910430908, -0.059110503643751144, -0.9396275281906128], "cam_t_m2c": [-127.47167205810547, 16.170581817626953, 180.2100830078125], "obj_id": 3}, {"cam_R_m2c": [-0.15415339171886444, -0.988023042678833, 0.006858486216515303, -0.9287792444229126, 0.1425352692604065, -0.3421297073364258, 0.3370544910430908, -0.059110503643751144, -0.9396275281906128], "cam_t_m2c": [-127.47167205810547, 16.170581817626953, 180.2100830078125], "obj_id": 1}, {"cam_R_m2c": [-0.15415339171886444, -0.988023042678833, 0.006858486216515303, -0.9287792444229126, 0.1425352692604065, -0.3421297073364258, 0.3370544910430908, -0.059110503643751144, -0.9396275281906128], "cam_t_m2c": [-127.47167205810547, 16.170581817626953, 180.2100830078125], "obj_id": 3}, {"cam_R_m2c": [-0.15415339171886444, -0.988023042678833, 0.006858486216515303, -0.9287792444229126, 0.1425352692604065, -0.3421297073364258, 0.3370544910430908, -0.059110503643751144, -0.9396275281906128], "cam_t_m2c": [-127.47167205810547, 16.170581817626953, 180.2100830078125], "obj_id": 3}, {"cam_R_m2c": [-0.15415339171886444, -0.988023042678833, 0.006858486216515303, -0.9287792444229126, 0.1425352692604065, -0.3421297073364258, 0.3370544910430908, -0.059110503643751144, -0.9396275281906128], "cam_t_m2c": [-127.47167205810547, 16.170581817626953, 180.2100830078125], "obj_id": 3}, {"cam_R_m2c": [-0.15415339171886444, -0.988023042678833, 0.006858486216515303, -0.9287792444229126, 0.1425352692604065, -0.3421297073364258, 0.3370544910430908, -0.059110503643751144, -0.9396275281906128], "cam_t_m2c": [-127.47167205810547, 16.170581817626953, 180.2100830078125], "obj_id": 1}, {"cam_R_m2c": [-0.15415339171886444, -0.988023042678833, 0.006858486216515303, -0.9287792444229126, 0.1425352692604065, -0.3421297073364258, 0.3370544910430908, -0.059110503643751144, -0.9396275281906128], "cam_t_m2c": [-127.47167205810547, 16.170581817626953, 180.2100830078125], "obj_id": 2}, {"cam_R_m2c": [-0.15415339171886444, -0.988023042678833, 0.006858486216515303, -0.9287792444229126, 0.1425352692604065, -0.3421297073364258, 0.3370544910430908, -0.059110503643751144, -0.9396275281906128], "cam_t_m2c": [-127.47167205810547, 16.170581817626953, 180.2100830078125], "obj_id": 1}, {"cam_R_m2c": [-0.15415339171886444, -0.988023042678833, 0.006858486216515303, -0.9287792444229126, 0.1425352692604065, -0.3421297073364258, 0.3370544910430908, -0.059110503643751144, -0.9396275281906128], "cam_t_m2c": [-127.47167205810547, 16.170581817626953, 180.2100830078125], "obj_id": 2}, {"cam_R_m2c": [-0.15415339171886444, -0.988023042678833, 0.006858486216515303, -0.9287792444229126, 0.1425352692604065, -0.3421297073364258, 0.3370544910430908, -0.059110503643751144, -0.9396275281906128], "cam_t_m2c": [-127.47167205810547, 16.170581817626953, 180.2100830078125], "obj_id": 3}, {"cam_R_m2c": [-0.15415339171886444, -0.988023042678833, 0.006858486216515303, -0.9287792444229126, 0.1425352692604065, -0.3421297073364258, 0.3370544910430908, -0.059110503643751144, -0.9396275281906128], "cam_t_m2c": [-127.47167205810547, 16.170581817626953, 180.2100830078125], "obj_id": 1}, {"cam_R_m2c": [-0.15415339171886444, -0.988023042678833, 0.006858486216515303, -0.9287792444229126, 0.1425352692604065, -0.3421297073364258, 0.3370544910430908, -0.059110503643751144, -0.9396275281906128], "cam_t_m2c": [-127.47167205810547, 16.170581817626953, 180.2100830078125], "obj_id": 1}, {"cam_R_m2c": [-0.15415339171886444, -0.988023042678833, 0.006858486216515303, -0.9287792444229126, 0.1425352692604065, -0.3421297073364258, 0.3370544910430908, -0.059110503643751144, -0.9396275281906128], "cam_t_m2c": [-127.47167205810547, 16.170581817626953, 180.2100830078125], "obj_id": 1}, {"cam_R_m2c": [-0.15415339171886444, -0.988023042678833, 0.006858486216515303, -0.9287792444229126, 0.1425352692604065, -0.3421297073364258, 0.3370544910430908, -0.059110503643751144, -0.9396275281906128], "cam_t_m2c": [-127.47167205810547, 16.170581817626953, 180.2100830078125], "obj_id": 1}, {"cam_R_m2c": [-0.15415339171886444, -0.988023042678833, 0.006858486216515303, -0.9287792444229126, 0.1425352692604065, -0.3421297073364258, 0.3370544910430908, -0.059110503643751144, -0.9396275281906128], "cam_t_m2c": [-127.47167205810547, 16.170581817626953, 180.2100830078125], "obj_id": 2}, {"cam_R_m2c": [-0.15415339171886444, -0.988023042678833, 0.006858486216515303, -0.9287792444229126, 0.1425352692604065, -0.3421297073364258, 0.3370544910430908, -0.059110503643751144, -0.9396275281906128], "cam_t_m2c": [-127.47167205810547, 16.170581817626953, 180.2100830078125], "obj_id": 1}, {"cam_R_m2c": [-0.15415339171886444, -0.988023042678833, 0.006858486216515303, -0.9287792444229126, 0.1425352692604065, -0.3421297073364258, 0.3370544910430908, -0.059110503643751144, -0.9396275281906128], "cam_t_m2c": [-127.47167205810547, 16.170581817626953, 180.2100830078125], "obj_id": 2}, {"cam_R_m2c": [-0.15415339171886444, -0.988023042678833, 0.006858486216515303, -0.9287792444229126, 0.1425352692604065, -0.3421297073364258, 0.3370544910430908, -0.059110503643751144, -0.9396275281906128], "cam_t_m2c": [-127.47167205810547, 16.170581817626953, 180.2100830078125], "obj_id": 3}, {"cam_R_m2c": [-0.15415339171886444, -0.988023042678833, 0.006858486216515303, -0.9287792444229126, 0.1425352692604065, -0.3421297073364258, 0.3370544910430908, -0.059110503643751144, -0.9396275281906128], "cam_t_m2c": [-127.47167205810547, 16.170581817626953, 180.2100830078125], "obj_id": 1}, {"cam_R_m2c": [-0.2196570634841919, -0.9371565580368042, 0.27108755707740784, -0.7116894125938416, -0.03612833842635155, -0.7015646696090698, 0.6672698855400085, -0.3470337390899658, -0.6590285301208496], "cam_t_m2c": [-354.3121032714844, 2710.68310546875, 7670.0048828125], "obj_id": 0}, {"cam_R_m2c": [0.5362010598182678, -0.03886646404862404, -0.8431949615478516, -0.11431636661291122, 0.986392080783844, -0.1181626170873642, 0.8363134264945984, 0.15974991023540497, 0.5244614481925964], "cam_t_m2c": [-173.18443298339844, 201.80068969726562, 85.87737274169922], "obj_id": 3}, {"cam_R_m2c": [0.1844533085823059, 0.07369929552078247, 0.9800741672515869, 0.3516889214515686, 0.9262089133262634, -0.13583780825138092, -0.9177646040916443, 0.3697369694709778, 0.14492307603359222], "cam_t_m2c": [-91.54899597167969, -105.19229888916016, 193.17054748535156], "obj_id": 3}, {"cam_R_m2c": [0.05147911235690117, -0.8584518432617188, 0.5103040337562561, -0.71162348985672, 0.3269742727279663, 0.6218358278274536, -0.700672447681427, -0.3951559066772461, -0.5940621495246887], "cam_t_m2c": [19.248764038085938, 80.80901336669922, 127.09906768798828], "obj_id": 1}, {"cam_R_m2c": [-0.6909533143043518, 0.49815574288368225, 0.5238552093505859, -0.16354236006736755, -0.8135887980461121, 0.5579668283462524, 0.7041571736335754, 0.2998565435409546, 0.643621563911438], "cam_t_m2c": [-275.6559143066406, -92.16253662109375, 246.12171936035156], "obj_id": 1}, {"cam_R_m2c": [0.23354420065879822, -0.17256775498390198, 0.9569103717803955, 0.10717780888080597, -0.9735597372055054, -0.20172816514968872, 0.9664212465286255, 0.1496720016002655, -0.20887374877929688], "cam_t_m2c": [-217.46864318847656, 2595.851318359375, 7707.81640625], "obj_id": 0}, {"cam_R_m2c": [0.8246006965637207, 0.5651361346244812, 0.02559087425470352, -0.13196852803230286, 0.148175448179245, 0.9801164865493774, 0.5501073002815247, -0.8115819096565247, 0.1967657506465912], "cam_t_m2c": [75.03679656982422, 163.50062561035156, 90.46074676513672], "obj_id": 0}, {"cam_R_m2c": [0.4005247950553894, 0.04596374183893204, 0.9151323437690735, 0.25411102175712585, 0.9539940357208252, -0.15913206338882446, -0.8803451061248779, 0.2962815761566162, 0.37041836977005005], "cam_t_m2c": [5.032348155975342, -31.204505920410156, 168.47360229492188], "obj_id": 3}]
}