{
  "0": [{"cam_R_m2c": [-0.39358869194984436, -0.8775991797447205, 0.27369216084480286, -0.14627157151699066, 0.3537151515483856, 0.9238452911376953, -0.9075750112533569, 0.3235817551612854, -0.2675860524177551], "cam_t_m2c": [-449.3447570800781, 3.1903982162475586, 1119.08935546875], "obj_id": 0}, {"cam_R_m2c": [-0.21926088631153107, -0.040484603494405746, 0.9748259782791138, -0.14372605085372925, -0.9868981838226318, -0.07331326603889465, 0.9650220274925232, -0.15618261694908142, 0.21056942641735077], "cam_t_m2c": [-380.040771484375, -67.6145248413086, 951.2142333984375], "obj_id": 0}, {"cam_R_m2c": [0.4663882255554199, -0.44009530544281006, 0.7673317790031433, 0.10217126458883286, 0.8884482979774475, 0.44746020436286926, -0.8786597847938538, -0.13029088079929352, 0.45932692289352417], "cam_t_m2c": [-18.449378967285156, 162.6949005126953, 1050.772705078125], "obj_id": 1}, {"cam_R_m2c": [-0.5541608333587646, -0.5830700993537903, 0.5940827131271362, -0.4306275546550751, -0.40995779633522034, -0.8040484189987183, 0.7123657464981079, -0.701400876045227, -0.023903056979179382], "cam_t_m2c": [-49.460819244384766, -24.169002532958984, 1043.48876953125], "obj_id": 0}],
  "1": [{"cam_R_m2c": [0.6837227940559387, 0.7262442708015442, -0.07136072218418121, -0.5462672114372253, 0.5742043852806091, 0.6098207831382751, 0.4838545024394989, -0.37796634435653687, 0.7893201112747192], "cam_t_m2c": [397.1561279296875, 83.93082427978516, 784.5750122070312], "obj_id": 0}, {"cam_R_m2c": [-0.16365671157836914, 0.00496256910264492, -0.9865047931671143, 0.40537309646606445, -0.9113245010375977, -0.07183396816253662, -0.8993825912475586, -0.4116586446762085, 0.1471327841281891], "cam_t_m2c": [388.07672119140625, -71.70965576171875, 901.9346313476562], "obj_id": 0}, {"cam_R_m2c": [-0.10060588270425797, 0.5360687971115112, -0.8381579518318176, -0.4259272515773773, 0.7381267547607422, 0.5232158899307251, 0.899146556854248, 0.4096328914165497, 0.15406641364097595], "cam_t_m2c": [37.691734313964844, 130.87586975097656, 1074.980224609375], "obj_id": 1}, {"cam_R_m2c": [0.21294589340686798, 0.7596490979194641, -0.6144812703132629, 0.07242847979068756, -0.639448344707489, -0.7654147744178772, -0.9743757247924805, 0.1184859648346901, -0.19118808209896088], "cam_t_m2c": [52.098876953125, -27.338714599609375, 971.4846801757812], "obj_id": 0}]
}