{
  "0": [{"cam_R_m2c": [0.4198305904865265, 0.6296789050102234, -0.6536411046981812, 0.8941407799720764, -0.4105300009250641, 0.17882221937179565, -0.1557387262582779, -0.6595222353935242, -0.7353746294975281], "cam_t_m2c": [-132.31716918945312, 4601.30712890625, 4625.880859375], "obj_id": 1}, {"cam_R_m2c": [-0.8476859331130981, -0.16286613047122955, 0.504879355430603, -0.5010298490524292, 0.5585685968399048, -0.6610372066497803, -0.17434918880462646, -0.8133115768432617, -0.5550915002822876], "cam_t_m2c": [-161.60255432128906, 4670.3623046875, 4611.8984375], "obj_id": 1}, {"cam_R_m2c": [0.844121515750885, -0.4715055227279663, -0.25522810220718384, 0.349551260471344, 0.8449348211288452, -0.4048445224761963, 0.4065375328063965, 0.25252267718315125, 0.878042995929718], "cam_t_m2c": [-121.39451599121094, 4674.70654296875, 4577.24072265625], "obj_id": 0}, {"cam_R_m2c": [-0.7510673999786377, 0.5798143744468689, 0.31577327847480774, -0.6440677046775818, -0.5382862687110901, -0.5435295701026917, -0.14516979455947876, -0.611606776714325, 0.7777292728424072], "cam_t_m2c": [-86.40922546386719, 4616.76318359375, 4646.9853515625], "obj_id": 3}, {"cam_R_m2c": [-0.3501613438129425, -0.4588525891304016, -0.816603422164917, 0.5093618631362915, 0.6383538842201233, -0.5771089792251587, 0.7860898971557617, -0.6180279850959778, 0.010195215232670307], "cam_t_m2c": [-81.35125732421875, 4638.578125, 4620.72802734375], "obj_id": 2}, {"cam_R_m2c": [-0.00969664752483368, -0.5855650901794434, 0.8105673789978027, -0.14294637739658356, 0.8030918836593628, 0.5784546136856079, -0.9896829128265381, -0.11025858670473099, -0.0914917066693306], "cam_t_m2c": [-101.44495391845703, 81.68185424804688, 873.01416015625], "obj_id": 3}, {"cam_R_m2c": [0.2976566255092621, -0.700882613658905, -0.6482006311416626, -0.9477448463439941, -0.2985922694206238, -0.11234839260578156, -0.114804707467556, 0.6477700471878052, -0.7531358599662781], "cam_t_m2c": [-197.26751708984375, 115.42362213134766, 832.4005737304688], "obj_id": 2}, {"cam_R_m2c": [0.13314758241176605, 0.5144240260124207, 0.8471360802650452, -0.5286305546760559, 0.7598713040351868, -0.3783455789089203, -0.838344395160675, -0.39744624495506287, 0.37311530113220215], "cam_t_m2c": [-111.25499725341797, 140.19564819335938, 802.5833740234375], "obj_id": 2}, {"cam_R_m2c": [0.012580787762999535, -0.7481122016906738, 0.6634528040885925, 0.4249074161052704, -0.5966190099716187, -0.6808075904846191, 0.9051492214202881, 0.29047104716300964, 0.3103727400302887], "cam_t_m2c": [-68.6983642578125, 88.4942855834961, 864.8142700195312], "obj_id": 0}, {"cam_R_m2c": [-0.8917187452316284, 0.13442681729793549, 0.43216562271118164, 0.43315359950065613, 0.5303041338920593, 0.7288041114807129, -0.1312084048986435, 0.8370823860168457, -0.531109631061554], "cam_t_m2c": [-155.7857208251953, 92.43668365478516, 860.0689697265625], "obj_id": 3}, {"cam_R_m2c": [0.5674566030502319, -0.11030944436788559, 0.8159809112548828, -0.8123670220375061, 0.08670463413000107, 0.5766646862030029, -0.1343608945608139, -0.9901081323623657, -0.040410637855529785], "cam_t_m2c": [-172.38673400878906, 73.3912124633789, 882.9932861328125], "obj_id": 0}],
  "1": [{"cam_R_m2c": [0.7765902876853943, 0.6296171545982361, -0.022130226716399193, 0.6048115491867065, -0.7352391481399536, 0.3059838116168976, 0.1763816475868225, -0.25100865960121155, -0.951779305934906], "cam_t_m2c": [-79.84156799316406, 4817.8154296875, 4374.89501953125], "obj_id": 1}, {"cam_R_m2c": [-0.7504801750183105, 0.5441014170646667, 0.37514400482177734, -0.1317388117313385, 0.43308025598526, -0.891676127910614, -0.6476297378540039, -0.7186063528060913, -0.2533388137817383], "cam_t_m2c": [-64.32568359375, 4889.44384765625, 4353.67236328125], "obj_id": 1}, {"cam_R_m2c": [0.5617038607597351, -0.11380399763584137, -0.8194738626480103, 0.03574272617697716, 0.9929074645042419, -0.11338983476161957, 0.8265659213066101, 0.03440127149224281, 0.5617876052856445], "cam_t_m2c": [-14.798698425292969, 4871.15185546875, 4346.66015625], "obj_id": 0}, {"cam_R_m2c": [-0.7562320828437805, 0.5127730965614319, -0.4064192473888397, -0.29477930068969727, -0.8215435743331909, -0.4880278408527374, -0.5841387510299683, -0.249258354306221, 0.7724326252937317], "cam_t_m2c": [-50.305843353271484, 4816.4033203125, 4418.6845703125], "obj_id": 3}, {"cam_R_m2c": [-0.44673919677734375, 0.25890347361564636, -0.8563836812973022, 0.7305610179901123, 0.658106803894043, -0.18214280903339386, 0.5164344906806946, -0.7070109248161316, -0.48314690589904785], "cam_t_m2c": [-23.503864288330078, 4829.55859375, 4401.3779296875], "obj_id": 2}, {"cam_R_m2c": [0.4456624388694763, -0.027318676933646202, 0.8947840929031372, -0.2882969379425049, 0.9419028162956238, 0.17234843969345093, -0.8475080132484436, -0.3347727656364441, 0.411894828081131], "cam_t_m2c": [-58.14604568481445, 127.68653106689453, 837.3549194335938], "obj_id": 3}, {"cam_R_m2c": [-0.1303258091211319, -0.982284426689148, -0.1346566379070282, -0.9912302494049072, 0.12609298527240753, 0.039535969495773315, -0.021856313571333885, 0.138628289103508, -0.9901031851768494], "cam_t_m2c": [-93.0728988647461, 190.43089294433594, 754.8128051757812], "obj_id": 2}, {"cam_R_m2c": [0.3056541085243225, 0.9139723181724548, 0.26688963174819946, -0.6677406430244446, 0.405581533908844, -0.6242002844810486, -0.678747296333313, 0.012576272711157799, 0.7342641949653625], "cam_t_m2c": [-3.4826114177703857, 172.53570556640625, 778.3544921875], "obj_id": 2}, {"cam_R_m2c": [-0.2777942419052124, -0.9600564241409302, 0.033496204763650894, 0.5261251926422119, -0.18122439086437225, -0.8308730125427246, 0.8037553429603577, -0.21318857371807098, 0.5554529428482056], "cam_t_m2c": [-26.807321548461914, 119.04589080810547, 848.721923828125], "obj_id": 0}, {"cam_R_m2c": [-0.4018426835536957, -0.10708370059728622, 0.9094259738922119, 0.7317026257514954, 0.5595821738243103, 0.38920316100120544, -0.550575852394104, 0.82182776927948, -0.14651057124137878], "cam_t_m2c": [-86.81700134277344, 157.4203338623047, 798.2391967773438], "obj_id": 3}, {"cam_R_m2c": [0.13714925944805145, 0.47093307971954346, 0.871442437171936, -0.9833521246910095, -0.04113634303212166, 0.17699210345745087, 0.1191994771361351, -0.8812091946601868, 0.45745134353637695], "cam_t_m2c": [-119.19662475585938, 150.91928100585938, 806.79150390625], "obj_id": 0}]
}