{
  "0": [{"cam_R_m2c": [-0.03883003443479538, -0.36649152636528015, -0.9296107888221741, 0.7645319700241089, -0.6099252700805664, 0.2085234522819519, -0.6434152126312256, -0.7026202082633972, 0.3038778603076935], "cam_t_m2c": [-104.84788513183594, -66.7105941772461, 626.0343017578125], "obj_id": 1}, {"cam_R_m2c": [-0.9708105325698853, -0.21239010989665985, -0.11143192648887634, -0.21927711367607117, 0.597702145576477, 0.7711482644081116, -0.09718117862939835, 0.7730734348297119, -0.6268277764320374], "cam_t_m2c": [-33.803627014160156, 212.7616424560547, 600.0628662109375], "obj_id": 0}, {"cam_R_m2c": [0.4392186403274536, 0.03462005406618118, 0.8977128863334656, -0.7645924687385559, -0.5102426409721375, 0.3937649726867676, 0.471683531999588, -0.8593333959579468, -0.19763782620429993], "cam_t_m2c": [-133.03219604492188, 12.54156494140625, 608.9448852539062], "obj_id": 1}, {"cam_R_m2c": [-0.5788314342498779, -0.6055399775505066, 0.5461462140083313, -0.16955702006816864, -0.5657365322113037, -0.8069651126861572, 0.7976244688034058, -0.5596996545791626, 0.22479240596294403], "cam_t_m2c": [-85.83856964111328, -3.385016679763794, 704.2212524414062], "obj_id": 1}],
  "1": [{"cam_R_m2c": [0.8210799098014832, -0.1310296505689621, 0.5555709004402161, -0.5002202987670898, -0.6340184807777405, 0.5897457599639893, 0.27496808767318726, -0.7621362805366516, -0.586123526096344], "cam_t_m2c": [26.123855590820312, -78.89990997314453, 830.93603515625], "obj_id": 1}, {"cam_R_m2c": [0.3311319053173065, 0.3917536437511444, 0.8584175109863281, 0.16790761053562164, 0.870758056640625, -0.46215522289276123, -0.9285249710083008, 0.29716914892196655, 0.22255735099315643], "cam_t_m2c": [227.65774536132812, -89.24910736083984, 1038.44384765625], "obj_id": 0}, {"cam_R_m2c": [-0.9755325317382812, -0.20772060751914978, -0.07203042507171631, 0.21896831691265106, -0.8885775804519653, -0.4030914604663849, 0.019725780934095383, -0.4090012311935425, 0.912320613861084], "cam_t_m2c": [110.03797149658203, -76.54447937011719, 848.71875], "obj_id": 1}, {"cam_R_m2c": [-0.06331654638051987, -0.013255322352051735, -0.9979053735733032, 0.9049968719482422, -0.4222509562969208, -0.05181282013654709, -0.42067983746528625, -0.9063819050788879, 0.0387316457927227], "cam_t_m2c": [47.924076080322266, -2.8393630981445312, 895.5043334960938], "obj_id": 1}]
}