{
  "0": [{"cam_R_m2c": [0.9924663305282593, -0.05260807275772095, -0.110648013651371, -0.10855772346258163, -0.7962628602981567, -0.5951306223869324, -0.05679624155163765, 0.602658748626709, -0.7959750890731812], "cam_t_m2c": [-3.161902666091919, 3770.5205078125, 2998.5947265625], "obj_id": 0}, {"cam_R_m2c": [0.8436039090156555, 0.38411012291908264, 0.37522244453430176, 0.3595896065235138, 0.11483971774578094, -0.9260168075561523, -0.398782879114151, 0.9161174893379211, -0.04124278575181961], "cam_t_m2c": [-538.5454711914062, 3773.68359375, 3359.205810546875], "obj_id": 1}, {"cam_R_m2c": [0.3832245171070099, 0.6294154524803162, -0.6759992837905884, -0.7664684057235718, 0.6251106858253479, 0.14752207696437836, 0.5154270529747009, 0.46159806847572327, 0.72198486328125], "cam_t_m2c": [-289.7305908203125, 3879.322265625, 3232.92041015625], "obj_id": 3}, {"cam_R_m2c": [-0.12412098795175552, -0.6577705144882202, -0.7429211735725403, -0.44546571373939514, 0.7059588432312012, -0.5506199598312378, 0.8866533637046814, 0.26260241866111755, -0.3806385397911072], "cam_t_m2c": [-374.8507995605469, 3977.80859375, 3116.209228515625], "obj_id": 2}, {"cam_R_m2c": [-0.7939624190330505, 0.5197478532791138, -0.31541404128074646, 0.49106812477111816, 0.8541111350059509, 0.1713075190782547, 0.35843536257743835, -0.018878057599067688, -0.9333637356758118], "cam_t_m2c": [-281.3104553222656, 5457.333984375, 4174.4794921875], "obj_id": 1}, {"cam_R_m2c": [-0.6576837301254272, -0.02310183458030224, -0.752939760684967, 0.7198396325111389, -0.31383761763572693, -0.6191419959068298, -0.22199754416942596, -0.9491955637931824, 0.22303558886051178], "cam_t_m2c": [-517.535888671875, 5226.85205078125, 4007.818603515625], "obj_id": 1}, {"cam_R_m2c": [-0.9316213130950928, 0.36343061923980713, -7.904739618425083e-08, 0.1858581304550171, 0.47643017768859863, -0.859343409538269, -0.31231164932250977, -0.8005825877189636, -0.5113990902900696], "cam_t_m2c": [-358.95245361328125, 5332.27587890625, 4025.982421875], "obj_id": 0}, {"cam_R_m2c": [-0.9316213130950928, 0.36343061923980713, -7.904739618425083e-08, 0.1858581304550171, 0.47643017768859863, -0.859343409538269, -0.31231164932250977, -0.8005825877189636, -0.5113990902900696], "cam_t_m2c": [-358.95245361328125, 5332.2744140625, 4025.98193359375], "obj_id": 3}, {"cam_R_m2c": [-0.5932304859161377, -0.7548494338989258, 0.2797855734825134, 0.30714917182922363, -0.5334848165512085, -0.7880694270133972, 0.7441350817680359, -0.38157087564468384, 0.5483307838439941], "cam_t_m2c": [-316.1363220214844, 3847.94384765625, 3285.658935546875], "obj_id": 1}, {"cam_R_m2c": [-0.03533577173948288, 0.5407690405845642, 0.8404284715652466, 0.9835913181304932, 0.16768983006477356, -0.06654386222362518, -0.17691609263420105, 0.8242868185043335, -0.5378211736679077], "cam_t_m2c": [-304.733642578125, 3902.338134765625, 3194.25634765625], "obj_id": 0}, {"cam_R_m2c": [0.4246283769607544, 0.9041968584060669, 0.046029508113861084, -0.8640140891075134, 0.4198988378047943, -0.277785062789917, -0.270500123500824, 0.07818526774644852, 0.9595398306846619], "cam_t_m2c": [-347.64141845703125, 2491.28076171875, 2428.572021484375], "obj_id": 1}, {"cam_R_m2c": [0.5272032022476196, 0.5623528957366943, 0.6370368599891663, -0.5336858034133911, 0.8025094270706177, -0.26675480604171753, -0.6612383723258972, -0.1993435174226761, 0.7232053279876709], "cam_t_m2c": [-352.6314697265625, 2510.166259765625, 2396.837158203125], "obj_id": 2}, {"cam_R_m2c": [-0.5047398209571838, 0.8578552603721619, 0.09655028581619263, 0.8263509273529053, 0.4477633237838745, 0.3415437340736389, 0.24976342916488647, 0.25217515230178833, -0.9348934888839722], "cam_t_m2c": [-274.3991394042969, 2511.2880859375, 2394.9521484375], "obj_id": 3}, {"cam_R_m2c": [-0.728356659412384, 0.5961189866065979, 0.3378441035747528, -0.2595216929912567, -0.6963300704956055, 0.6691583395004272, 0.6341490149497986, 0.3997080624103546, 0.6618825197219849], "cam_t_m2c": [-332.4201354980469, 2473.74462890625, 2458.038818359375], "obj_id": 0}, {"cam_R_m2c": [-0.5939366221427917, -0.6763123869895935, 0.43570736050605774, -0.5485851764678955, 0.7366036176681519, 0.395562082529068, -0.5884671807289124, -0.0040838029235601425, -0.8085108399391174], "cam_t_m2c": [-265.4737243652344, 2518.187744140625, 2383.3583984375], "obj_id": 3}, {"cam_R_m2c": [0.7237178683280945, -0.3939351737499237, -0.56661057472229, 0.4755930006504059, 0.8796558380126953, -0.0041160923428833485, 0.5000437498092651, -0.26649710536003113, 0.8239754438400269], "cam_t_m2c": [-218.83767700195312, 3899.453125, 3269.69921875], "obj_id": 3}, {"cam_R_m2c": [-0.1464470475912094, 0.33309951424598694, 0.9314494132995605, 0.9794445037841797, 0.180863156914711, 0.08931386470794678, -0.13871446251869202, 0.9253827333450317, -0.3527393341064453], "cam_t_m2c": [-356.9461364746094, 2536.3447265625, 2352.84765625], "obj_id": 2}, {"cam_R_m2c": [0.8437151312828064, 0.38405996561050415, 0.37502357363700867, 0.35937735438346863, 0.1148202046751976, -0.9261016249656677, -0.398738831281662, 0.9161409139633179, -0.0411469005048275], "cam_t_m2c": [-320.9976806640625, 3861.29931640625, 3257.0234375], "obj_id": 1}, {"cam_R_m2c": [-0.5809574127197266, 0.2774980962276459, -0.7651686072349548, -0.6398694515228271, -0.7367243766784668, 0.21864110231399536, -0.5030459761619568, 0.6166292428970337, 0.6055683493614197], "cam_t_m2c": [-384.0462951660156, 4199.23388671875, 3750.263916015625], "obj_id": 0}, {"cam_R_m2c": [0.9953892230987549, -0.09121304750442505, -0.029672522097826004, -0.09516815096139908, -0.900553822517395, -0.4242000877857208, 0.0119708813726902, 0.42506808042526245, -0.905082106590271], "cam_t_m2c": [-186.6601104736328, 3926.135498046875, 3176.944580078125], "obj_id": 0}, {"cam_R_m2c": [-0.3523581922054291, 0.8857429623603821, 0.3021639287471771, 0.9355528950691223, 0.3417157232761383, 0.08928100764751434, -0.02417413704097271, 0.31414926052093506, -0.9490657448768616], "cam_t_m2c": [-337.0633239746094, 1122.0396728515625, 1592.62255859375], "obj_id": 3}, {"cam_R_m2c": [0.19673576951026917, -0.18454593420028687, -0.9629319906234741, -0.10683663934469223, -0.9803131818771362, 0.1660493165254593, -0.9746184349060059, 0.07020854949951172, -0.21257907152175903], "cam_t_m2c": [-263.1702575683594, 1139.1839599609375, 1563.8135986328125], "obj_id": 2}, {"cam_R_m2c": [-0.9760786294937134, -0.1796981245279312, -0.12238962948322296, -0.08826130628585815, 0.8419489860534668, -0.5322892665863037, 0.19869720935821533, -0.5087538957595825, -0.837668776512146], "cam_t_m2c": [-372.5687561035156, 1131.7554931640625, 1576.2962646484375], "obj_id": 3}, {"cam_R_m2c": [0.02961326576769352, -0.014184754341840744, -0.999460756778717, 0.8831464648246765, 0.4686912000179291, 0.019515059888362885, 0.46816161274909973, -0.8832481503486633, 0.026406720280647278], "cam_t_m2c": [-321.629150390625, 1096.4610595703125, 1635.604248046875], "obj_id": 1}, {"cam_R_m2c": [-0.9269795417785645, 0.13520954549312592, -0.3498958349227905, 0.36248841881752014, 0.08294147998094559, -0.9282902479171753, -0.09649283438920975, -0.9873393774032593, -0.1258968710899353], "cam_t_m2c": [-347.8926086425781, 1155.5589599609375, 1536.2974853515625], "obj_id": 3}, {"cam_R_m2c": [-0.6282089352607727, 0.27430498600006104, -0.7280864715576172, -0.04404882714152336, -0.9468281865119934, -0.31870922446250916, -0.7767965197563171, -0.16814468801021576, 0.6068891286849976], "cam_t_m2c": [-398.27325439453125, 1106.75341796875, 1618.30908203125], "obj_id": 2}, {"cam_R_m2c": [0.19097115099430084, -0.6371536254882812, -0.7467027902603149, -0.7687763571739197, 0.37590768933296204, -0.5173743367195129, 0.6103382706642151, 0.672851026058197, -0.4180411100387573], "cam_t_m2c": [-387.73211669921875, 3976.213623046875, 3136.94775390625], "obj_id": 2}, {"cam_R_m2c": [0.8436810970306396, 0.38409361243247986, 0.3750656545162201, 0.35943055152893066, 0.11480791866779327, -0.9260823726654053, -0.3987628221511841, 0.9161282777786255, -0.041193705052137375], "cam_t_m2c": [-465.780029296875, 3913.799560546875, 3311.136962890625], "obj_id": 1}, {"cam_R_m2c": [0.21272146701812744, -0.6330556273460388, -0.7443051934242249, -0.7759047746658325, 0.3535572290420532, -0.5224645137786865, 0.5939035415649414, 0.6886493563652039, -0.415981650352478], "cam_t_m2c": [-361.6110534667969, 3909.6826171875, 3173.519775390625], "obj_id": 2}, {"cam_R_m2c": [0.011970884166657925, -0.6630187630653381, -0.7485071420669556, -0.632476806640625, 0.5747712850570679, -0.5192409157752991, 0.7744868993759155, 0.47962918877601624, -0.4124634563922882], "cam_t_m2c": [-346.1441345214844, 3856.9462890625, 3213.64111328125], "obj_id": 2}, {"cam_R_m2c": [0.061976347118616104, -0.5515851974487305, -0.831812858581543, 0.10911723971366882, 0.83216392993927, -0.5436879396438599, 0.9920949339866638, -0.05706934630870819, 0.11176194250583649], "cam_t_m2c": [-340.6100158691406, -254.88760375976562, 769.58837890625], "obj_id": 3}, {"cam_R_m2c": [-0.21102063357830048, 0.31871452927589417, -0.9240623712539673, 0.9539884328842163, 0.2731659412384033, -0.1236381083726883, 0.21301709115505219, -0.9076350331306458, -0.3616935908794403], "cam_t_m2c": [-289.4345397949219, -237.9868927001953, 741.1887817382812], "obj_id": 1}, {"cam_R_m2c": [0.1435084342956543, 0.8466353416442871, 0.5124587416648865, 0.5011749267578125, -0.5086820125579834, 0.7000473141670227, 0.8533633351325989, 0.15636876225471497, -0.4973125159740448], "cam_t_m2c": [-367.85357666015625, -223.54624938964844, 716.9230346679688], "obj_id": 2}, {"cam_R_m2c": [-0.39704960584640503, -0.8193233609199524, -0.4135948717594147, -0.027614539489150047, 0.4610992968082428, -0.8869187235832214, 0.9173815250396729, -0.34072956442832947, -0.2057044804096222], "cam_t_m2c": [-303.4218444824219, -273.30743408203125, 800.5406494140625], "obj_id": 3}, {"cam_R_m2c": [0.15453436970710754, 0.7946231365203857, 0.5871056914329529, 0.33828163146972656, 0.5157697200775146, -0.7871131300926208, -0.9282696843147278, 0.32024309039115906, -0.18910226225852966], "cam_t_m2c": [-307.0614929199219, -286.0076904296875, 821.8818359375], "obj_id": 0}, {"cam_R_m2c": [0.4582638144493103, -0.48871225118637085, -0.7423978447914124, -0.8521550297737122, -0.004164373967796564, -0.5232728123664856, 0.25263819098472595, 0.8724350929260254, -0.4183669686317444], "cam_t_m2c": [-382.3232116699219, 4002.03955078125, 3096.164306640625], "obj_id": 2}, {"cam_R_m2c": [0.9171047210693359, 0.3017392158508301, 0.26052331924438477, 0.09335935860872269, -0.7979130148887634, 0.5954988598823547, 0.38756030797958374, -0.5218124985694885, -0.7599399089813232], "cam_t_m2c": [-360.6988525390625, -235.15318298339844, 736.4270629882812], "obj_id": 0}, {"cam_R_m2c": [0.0003877142444252968, 0.9971438050270081, 0.0755244791507721, 0.8637300729751587, -0.03839471563696861, 0.5024898648262024, 0.5039544105529785, 0.06503798067569733, -0.8612779974937439], "cam_t_m2c": [-270.9820556640625, -244.2712860107422, 751.7489013671875], "obj_id": 3}, {"cam_R_m2c": [0.5844103097915649, -0.3287365734577179, -0.7418873906135559, -0.8112043738365173, -0.2595512568950653, -0.5240042805671692, -0.020298443734645844, 0.90805584192276, -0.4183569550514221], "cam_t_m2c": [-419.50726318359375, 4060.760986328125, 3088.560302734375], "obj_id": 2}, {"cam_R_m2c": [-0.6057280898094177, 0.31893864274024963, -0.7289524674415588, -0.7166529893875122, -0.6167213916778564, 0.32567355036735535, -0.34569069743156433, 0.7196755409240723, 0.6021337509155273], "cam_t_m2c": [-325.4032897949219, 3846.418701171875, 3223.342041015625], "obj_id": 3}],
  "1": [{"cam_R_m2c": [-0.8204892873764038, 0.5590111613273621, -0.11960014700889587, 0.24415160715579987, 0.1534944325685501, -0.9575121998786926, -0.5169020295143127, -0.8148288726806641, -0.26242414116859436], "cam_t_m2c": [-44.44645690917969, 3409.6103515625, 3435.013671875], "obj_id": 0}, {"cam_R_m2c": [-0.9939298629760742, 0.08682707697153091, -0.0675622895359993, 0.10311609506607056, 0.949295163154602, -0.29699456691741943, 0.03834938630461693, -0.30215850472450256, -0.9524860978126526], "cam_t_m2c": [571.9010620117188, 3532.0126953125, 3582.72705078125], "obj_id": 1}, {"cam_R_m2c": [0.1468149721622467, -0.47983160614967346, 0.8649896383285522, 0.24096094071865082, 0.8654714226722717, 0.4392004907131195, -0.9593660235404968, 0.14394749701023102, 0.24268482625484467], "cam_t_m2c": [274.71917724609375, 3554.962158203125, 3595.8681640625], "obj_id": 3}, {"cam_R_m2c": [0.6544151306152344, 0.4708651900291443, 0.5916306376457214, 0.5156750082969666, 0.29432371258735657, -0.8046445846557617, -0.5530100464820862, 0.8316607475280762, -0.05020352825522423], "cam_t_m2c": [261.4853515625, 3469.349853515625, 3747.7294921875], "obj_id": 2}, {"cam_R_m2c": [0.6910608410835266, -0.6839905381202698, -0.23364883661270142, 0.23807470500469208, 0.5206190347671509, -0.819924533367157, 0.6824626922607422, 0.5109918713569641, 0.5226203203201294], "cam_t_m2c": [268.9126892089844, 5014.01318359375, 4712.9453125], "obj_id": 1}, {"cam_R_m2c": [0.2348644882440567, -0.34578368067741394, 0.9084450006484985, -0.10725017637014389, -0.9380993843078613, -0.32934319972991943, 0.9660931825637817, -0.020079858601093292, -0.2574115991592407], "cam_t_m2c": [450.97247314453125, 4696.46533203125, 4660.81103515625], "obj_id": 1}, {"cam_R_m2c": [0.5712483525276184, -0.8207772970199585, -1.3212626015501883e-07, -0.5012441873550415, -0.34885817766189575, -0.7918663620948792, 0.649945855140686, 0.4523524343967438, -0.6106945276260376], "cam_t_m2c": [297.9341735839844, 4810.0810546875, 4677.04833984375], "obj_id": 0}, {"cam_R_m2c": [0.5712484121322632, -0.8207772970199585, -8.34052258369411e-08, -0.5012442469596863, -0.3488583564758301, -0.7918663620948792, 0.6499457955360413, 0.45235246419906616, -0.6106946468353271], "cam_t_m2c": [297.9341735839844, 4810.080078125, 4677.04736328125], "obj_id": 3}, {"cam_R_m2c": [0.7613813281059265, 0.5962091088294983, 0.2546234428882599, 0.5532028079032898, -0.8022702932357788, 0.22434134781360626, 0.33803120255470276, -0.02995091676712036, -0.9406582117080688], "cam_t_m2c": [330.83306884765625, 3577.107177734375, 3567.161865234375], "obj_id": 1}, {"cam_R_m2c": [-0.33554017543792725, -0.10228941589593887, -0.9364557862281799, 0.25343769788742065, 0.9476335644721985, -0.19431927800178528, 0.9072937369346619, -0.30253514647483826, -0.29204511642456055], "cam_t_m2c": [262.1142883300781, 3527.0419921875, 3632.079833984375], "obj_id": 0}, {"cam_R_m2c": [-0.23599950969219208, -0.8331106305122375, 0.5002308487892151, -0.44683510065078735, 0.5501580238342285, 0.7054534554481506, -0.862926721572876, -0.057034000754356384, -0.5021000504493713], "cam_t_m2c": [333.1915588378906, 2274.44091796875, 2629.51611328125], "obj_id": 1}, {"cam_R_m2c": [-0.6023309826850891, -0.7910609245300293, -0.10686441510915756, -0.6013638973236084, 0.36164790391921997, 0.7124410271644592, -0.5249369740486145, 0.49338969588279724, -0.693547248840332], "cam_t_m2c": [316.7646179199219, 2254.013916015625, 2656.0029296875], "obj_id": 2}, {"cam_R_m2c": [0.3033337891101837, -0.7192747592926025, -0.6250059008598328, 0.3862864375114441, 0.692417323589325, -0.6093775629997253, 0.8710747957229614, -0.05658655986189842, 0.4878796935081482], "cam_t_m2c": [250.57192993164062, 2279.514892578125, 2622.93701171875], "obj_id": 3}, {"cam_R_m2c": [0.9823804497718811, -0.1053645983338356, -0.15435999631881714, 0.17612409591674805, 0.24562500417232513, 0.953230619430542, -0.06252209097146988, -0.9636216163635254, 0.25985443592071533], "cam_t_m2c": [339.651611328125, 2297.009765625, 2600.251708984375], "obj_id": 0}, {"cam_R_m2c": [0.3678358793258667, 0.34987327456474304, -0.8615598678588867, -0.9278464317321777, 0.07669303566217422, -0.3649918735027313, -0.06162531301379204, 0.933652400970459, 0.3528391718864441], "cam_t_m2c": [235.6443328857422, 2275.708984375, 2627.872314453125], "obj_id": 3}, {"cam_R_m2c": [-0.49715107679367065, -0.051002975553274155, 0.8661635518074036, 0.8669117093086243, 0.012359541840851307, 0.49830830097198486, -0.036120545119047165, 0.998621940612793, 0.03807060793042183], "cam_t_m2c": [227.71487426757812, 3618.4794921875, 3572.63330078125], "obj_id": 3}, {"cam_R_m2c": [-0.22379593551158905, 0.11481757462024689, -0.9678493142127991, 0.24601274728775024, 0.9675360321998596, 0.05789484083652496, 0.9430763721466064, -0.22514663636684418, -0.24477721750736237], "cam_t_m2c": [291.83282470703125, 2226.584228515625, 2691.5703125], "obj_id": 2}, {"cam_R_m2c": [-0.9939405918121338, 0.08688551932573318, -0.06732714921236038, 0.10310157388448715, 0.9492896199226379, -0.29701724648475647, 0.038106467574834824, -0.30215904116630554, -0.9524955153465271], "cam_t_m2c": [317.3582458496094, 3557.00146484375, 3588.04638671875], "obj_id": 1}, {"cam_R_m2c": [0.4239517152309418, 0.2745904326438904, 0.8630555868148804, -0.8900511264801025, 0.30261045694351196, 0.34093374013900757, -0.16755250096321106, -0.9127030968666077, 0.3726917803287506], "cam_t_m2c": [509.5614318847656, 4092.576904296875, 3782.1533203125], "obj_id": 0}, {"cam_R_m2c": [-0.7938125133514404, 0.5357701778411865, -0.2877708971500397, 0.30860355496406555, -0.052874285727739334, -0.9497200846672058, -0.5240473747253418, -0.8427067995071411, -0.12336836755275726], "cam_t_m2c": [148.98985290527344, 3562.675048828125, 3604.86669921875], "obj_id": 0}, {"cam_R_m2c": [0.014542759396135807, -0.6825585961341858, -0.7306861281394958, 0.25378626585006714, 0.7093530297279358, -0.6575795412063599, 0.9671509861946106, -0.17587509751319885, 0.1835399568080902], "cam_t_m2c": [314.3020935058594, 998.5658569335938, 1657.1322021484375], "obj_id": 3}, {"cam_R_m2c": [-0.5994935035705566, 0.46613404154777527, 0.6506354212760925, -0.7975174784660339, -0.4165762960910797, -0.43638285994529724, 0.06762643903493881, -0.7805018424987793, 0.6214849352836609], "cam_t_m2c": [234.26060485839844, 1006.7003784179688, 1646.5843505859375], "obj_id": 2}, {"cam_R_m2c": [0.9308744072914124, -0.33414795994758606, -0.14770901203155518, -0.20215141773223877, -0.13432760536670685, -0.9700983762741089, 0.3043150007724762, 0.9328993558883667, -0.1925906240940094], "cam_t_m2c": [333.20562744140625, 976.8518676757812, 1685.2879638671875], "obj_id": 3}, {"cam_R_m2c": [-0.052071209996938705, -0.5445410013198853, 0.8371161818504333, 0.7756102681159973, -0.5500805377960205, -0.3095800280570984, 0.6290605068206787, 0.6331557035446167, 0.45099517703056335], "cam_t_m2c": [329.3459167480469, 1029.183349609375, 1617.431396484375], "obj_id": 1}, {"cam_R_m2c": [0.6203874945640564, -0.6085487008094788, 0.4947603642940521, -0.24382376670837402, -0.7492246627807617, -0.6158021688461304, 0.7454323172569275, 0.26140159368515015, -0.6131882071495056], "cam_t_m2c": [286.78448486328125, 961.6396484375, 1705.0130615234375], "obj_id": 3}, {"cam_R_m2c": [0.16241858899593353, -0.03857055678963661, 0.9859676957130432, -0.8853821754455566, -0.44678744673728943, 0.12837089598178864, 0.43556681275367737, -0.893808126449585, -0.10671611875295639], "cam_t_m2c": [381.78643798828125, 992.9030151367188, 1664.4749755859375], "obj_id": 2}, {"cam_R_m2c": [0.3525688350200653, 0.7441483736038208, 0.5673961043357849, 0.2543882429599762, 0.5072812438011169, -0.8233785629272461, -0.9005452394485474, 0.4346364736557007, -0.010451016016304493], "cam_t_m2c": [282.5647277832031, 3481.73291015625, 3746.794921875], "obj_id": 2}, {"cam_R_m2c": [-0.9939390420913696, 0.08685509115457535, -0.06738995760679245, 0.10309223085641861, 0.9492853283882141, -0.2970343232154846, 0.03817335516214371, -0.3021813631057739, -0.9524858593940735], "cam_t_m2c": [448.5452880859375, 3575.355712890625, 3683.43798828125], "obj_id": 1}, {"cam_R_m2c": [0.32866889238357544, 0.7546742558479309, 0.5678409934043884, 0.24496732652187347, 0.5125464200973511, -0.8229745030403137, -0.9121226072311401, 0.4095885455608368, -0.016412455588579178], "cam_t_m2c": [297.3312683105469, 3493.35107421875, 3668.736083984375], "obj_id": 2}, {"cam_R_m2c": [0.5409740805625916, 0.6164843440055847, 0.5720962882041931, 0.3889085650444031, 0.4197676479816437, -0.8200886249542236, -0.7457192540168762, 0.6661398410797119, -0.012672637589275837], "cam_t_m2c": [318.7151794433594, 3510.138427734375, 3606.3583984375], "obj_id": 2}, {"cam_R_m2c": [0.39235392212867737, 0.193703293800354, 0.8991870880126953, 0.9011818170547485, 0.11481520533561707, -0.4179578125476837, -0.18420012295246124, 0.9743184447288513, -0.1295136660337448], "cam_t_m2c": [315.5150146484375, -274.49200439453125, 681.094970703125], "obj_id": 3}, {"cam_R_m2c": [0.005454239435493946, -0.7769821882247925, 0.6294988989830017, 0.5090596079826355, -0.5396772027015686, -0.6705271601676941, 0.8607138991355896, 0.32410967350006104, 0.3925867974758148], "cam_t_m2c": [254.60543823242188, -273.84393310546875, 680.2545776367188], "obj_id": 1}, {"cam_R_m2c": [0.14654676616191864, -0.48335427045822144, -0.863071620464325, 0.9773758053779602, 0.20527048408985138, 0.05099561810493469, 0.15251414477825165, -0.8510185480117798, 0.5025005340576172], "cam_t_m2c": [304.0015563964844, -314.8420715332031, 733.4154663085938], "obj_id": 2}, {"cam_R_m2c": [0.7767530679702759, 0.385975182056427, 0.49767234921455383, 0.6246299147605896, -0.3710266947746277, -0.6871510148048401, -0.08057348430156708, 0.8446077704429626, -0.5292877554893494], "cam_t_m2c": [304.69476318359375, -243.57362365722656, 641.004150390625], "obj_id": 3}, {"cam_R_m2c": [-0.6690608263015747, -0.6535511016845703, -0.35387668013572693, -0.5854567885398865, 0.7567765712738037, -0.2907397747039795, 0.457818865776062, 0.012656939215958118, -0.8889554738998413], "cam_t_m2c": [321.55126953125, -232.21652221679688, 626.27783203125], "obj_id": 0}, {"cam_R_m2c": [-0.016889337450265884, 0.8246815204620361, 0.565345048904419, 0.009452625177800655, 0.5655322074890137, -0.8246720433235168, -0.9998126029968262, -0.008584215305745602, -0.01734684593975544], "cam_t_m2c": [251.1929931640625, 3460.158203125, 3776.958984375], "obj_id": 2}, {"cam_R_m2c": [-0.6027129292488098, -0.2730739116668701, -0.7497784495353699, 0.677157998085022, -0.6721055507659912, -0.2995516359806061, -0.4221305251121521, -0.6882621049880981, 0.5900009274482727], "cam_t_m2c": [310.7026062011719, -300.8971862792969, 715.3335571289062], "obj_id": 0}, {"cam_R_m2c": [-0.005134931765496731, -0.7860400080680847, -0.6181542277336121, 0.7875861525535583, 0.3777272701263428, -0.4868573844432831, 0.6161831021308899, -0.48934972286224365, 0.617134690284729], "cam_t_m2c": [246.1262969970703, -261.334228515625, 664.03369140625], "obj_id": 3}, {"cam_R_m2c": [-0.2639700770378113, 0.7816282510757446, 0.5651344060897827, -0.15987271070480347, 0.5423551201820374, -0.8247978687286377, -0.9511889219284058, -0.3080716133117676, -0.018204454332590103], "cam_t_m2c": [261.70574951171875, 3465.84423828125, 3845.848876953125], "obj_id": 2}, {"cam_R_m2c": [0.5417214035987854, 0.2553167939186096, 0.8008440732955933, -0.7985091805458069, 0.4538840651512146, 0.39543941617012024, -0.26252806186676025, -0.8536993265151978, 0.44975152611732483], "cam_t_m2c": [309.1330871582031, 3520.9169921875, 3585.691162109375], "obj_id": 3}]
}