{
  "0": [{"cam_R_m2c": [-0.9046240448951721, 0.035350002348423004, 0.4247417151927948, 0.2891272008419037, 0.7830890417098999, 0.550615131855011, -0.31314632296562195, 0.6209041476249695, -0.7186217904090881], "cam_t_m2c": [-22.262752532958984, 5527.59130859375, 3983.968994140625], "obj_id": 2}, {"cam_R_m2c": [-0.710609495639801, -0.6624035239219666, 0.2371826022863388, 0.7026572823524475, -0.6508116126060486, 0.2876054644584656, -0.036149684339761734, 0.37103328108787537, 0.9279156923294067], "cam_t_m2c": [-2.824922561645508, 5553.859375, 3932.6689453125], "obj_id": 3}, {"cam_R_m2c": [-0.06530941277742386, -0.9267706274986267, -0.36990657448768616, 0.12924057245254517, 0.3597196042537689, -0.9240663647651672, 0.9894602298736572, -0.10815715044736862, 0.09628327935934067], "cam_t_m2c": [26.20859146118164, 5550.65576171875, 3938.924560546875], "obj_id": 2}, {"cam_R_m2c": [-0.7488734722137451, -0.39097630977630615, -0.535094141960144, 0.5071568489074707, -0.8578504920005798, -0.08297067135572433, -0.42659130692481995, -0.33351123332977295, 0.8407080769538879], "cam_t_m2c": [-54.27876281738281, 5549.16796875, 3941.8291015625], "obj_id": 2}, {"cam_R_m2c": [-0.744259774684906, -0.25544869899749756, -0.6171087026596069, -0.1086992397904396, -0.8653202056884766, 0.4892905056476593, -0.6589853167533875, 0.4312385320663452, 0.6162561178207397], "cam_t_m2c": [13.956680297851562, 5504.2548828125, 4029.5439453125], "obj_id": 2}, {"cam_R_m2c": [0.6114659905433655, -0.3032710552215576, 0.7308460474014282, -0.7861603498458862, -0.12804026901721954, 0.6046135425567627, -0.08978406339883804, -0.9442628622055054, -0.316711962223053], "cam_t_m2c": [12.291090965270996, 5508.38232421875, 4021.4833984375], "obj_id": 2}, {"cam_R_m2c": [0.3222213089466095, -0.9313223361968994, -0.16974113881587982, 0.8400340676307678, 0.36396563053131104, -0.4023328125476837, 0.4364814758300781, -0.012948158197104931, 0.8996200561523438], "cam_t_m2c": [2.655855655670166, 273.5888366699219, 1299.7005615234375], "obj_id": 0}, {"cam_R_m2c": [-0.3025076389312744, -0.9096010327339172, 0.28480666875839233, 0.9512678384780884, -0.2693648338317871, 0.15010623633861542, -0.05981987342238426, 0.3163357377052307, 0.9467593431472778], "cam_t_m2c": [-55.71125793457031, 295.2327575683594, 1257.4310302734375], "obj_id": 1}, {"cam_R_m2c": [0.65604168176651, 0.22706249356269836, -0.7197582721710205, 0.2508288025856018, 0.8338654637336731, 0.4916841387748718, 0.7118245959281921, -0.5031014084815979, 0.49009668827056885], "cam_t_m2c": [5.548337459564209, 296.1637878417969, 1255.6126708984375], "obj_id": 3}, {"cam_R_m2c": [-0.010552467778325081, -0.9075865745544434, 0.4197321832180023, 0.9669143557548523, 0.09773287177085876, 0.2356368899345398, -0.25488248467445374, 0.40833166241645813, 0.8765273094177246], "cam_t_m2c": [-40.70673370361328, 266.46630859375, 1313.610595703125], "obj_id": 3}, {"cam_R_m2c": [0.5729774236679077, 0.36417701840400696, 0.7342151999473572, -0.28980395197868347, 0.9280050992965698, -0.23413707315921783, -0.76662278175354, -0.0786232054233551, 0.6372659206390381], "cam_t_m2c": [48.2606086730957, 297.2158508300781, 1253.5579833984375], "obj_id": 0}, {"cam_R_m2c": [-0.18108609318733215, 0.955987811088562, -0.23085734248161316, -0.8099130392074585, -0.27812379598617554, -0.5164183378219604, -0.557896614074707, 0.09345817565917969, 0.82463139295578], "cam_t_m2c": [-79.59320831298828, 269.5794372558594, 1307.53076171875], "obj_id": 3}],
  "1": [{"cam_R_m2c": [-0.7962653040885925, -0.007211760152131319, 0.6049043536186218, 0.36101093888282776, 0.796694815158844, 0.4847148060798645, -0.48541978001594543, 0.6043387651443481, -0.6317768692970276], "cam_t_m2c": [-75.53054809570312, 5609.15625, 3762.39013671875], "obj_id": 2}, {"cam_R_m2c": [-0.6191009879112244, -0.7808557152748108, 0.08353715389966965, 0.7638054490089417, -0.574006199836731, 0.29515811800956726, -0.18252506852149963, 0.24653878808021545, 0.9517894983291626], "cam_t_m2c": [-44.24848937988281, 5631.7900390625, 3715.3935546875], "obj_id": 3}, {"cam_R_m2c": [-0.2390713393688202, -0.8499534130096436, -0.46949321031570435, 0.16760185360908508, 0.4401359260082245, -0.8821507096290588, 0.9564278721809387, -0.28958502411842346, 0.03722996264696121], "cam_t_m2c": [-17.381711959838867, 5626.1240234375, 3727.158203125], "obj_id": 2}, {"cam_R_m2c": [-0.6013703942298889, -0.402055025100708, -0.6904383301734924, 0.5597938299179077, -0.8286162614822388, -0.005060714669525623, -0.5700738430023193, -0.3895464837551117, 0.723373532295227], "cam_t_m2c": [-96.71340942382812, 5632.1884765625, 3714.565673828125], "obj_id": 2}, {"cam_R_m2c": [-0.6126095652580261, -0.4155421257019043, -0.6723349690437317, -0.061241403222084045, -0.823128879070282, 0.5645426511764526, -0.7880095839500427, 0.38701894879341125, 0.47880819439888], "cam_t_m2c": [-51.064022064208984, 5584.0986328125, 3814.4189453125], "obj_id": 2}, {"cam_R_m2c": [0.5380273461341858, -0.12949231266975403, 0.83292156457901, -0.8419222831726074, -0.1307951807975769, 0.5235069990158081, 0.04115196317434311, -0.9829162955284119, -0.17939387261867523], "cam_t_m2c": [-50.759979248046875, 5588.091796875, 3806.127685546875], "obj_id": 2}, {"cam_R_m2c": [0.3136034607887268, -0.8720610737800598, -0.3757157325744629, 0.8206771016120911, 0.44795238971710205, -0.3547220826148987, 0.47764208912849426, -0.1970992237329483, 0.8561599850654602], "cam_t_m2c": [-52.325958251953125, 288.94488525390625, 1211.8482666015625], "obj_id": 0}, {"cam_R_m2c": [-0.191729336977005, -0.9749065041542053, 0.11312364786863327, 0.9726580381393433, -0.1733543574810028, 0.15454578399658203, -0.13105721771717072, 0.13966161012649536, 0.9814879894256592], "cam_t_m2c": [-99.2225570678711, 314.4776611328125, 1158.832275390625], "obj_id": 1}, {"cam_R_m2c": [0.5302054286003113, 0.39839306473731995, -0.748441755771637, 0.212604820728302, 0.7920605540275574, 0.5722230076789856, 0.8207809329032898, -0.4625180959701538, 0.3352545499801636], "cam_t_m2c": [-38.93661117553711, 309.67486572265625, 1168.8048095703125], "obj_id": 3}, {"cam_R_m2c": [0.13205820322036743, -0.9547198414802551, 0.2665907144546509, 0.9547173380851746, 0.19484031200408936, 0.22483772039413452, -0.2665996551513672, 0.2248271405696869, 0.9372178912162781], "cam_t_m2c": [-98.02375793457031, 286.3327331542969, 1217.272216796875], "obj_id": 3}, {"cam_R_m2c": [0.6771528720855713, 0.4609258472919464, 0.5735951662063599, -0.3669457733631134, 0.887188732624054, -0.2797265946865082, -0.6378203630447388, -0.021060632541775703, 0.7698971629142761], "cam_t_m2c": [3.2853121757507324, 306.700927734375, 1174.9798583984375], "obj_id": 0}, {"cam_R_m2c": [-0.14973947405815125, 0.8892198801040649, -0.4322800934314728, -0.8078049421310425, -0.3621285557746887, -0.46509578824043274, -0.5701134204864502, 0.2795547842979431, 0.7725411653518677], "cam_t_m2c": [-134.55889892578125, 292.8267822265625, 1203.7879638671875], "obj_id": 3}]
}