{
  "0": [{"cam_R_m2c": [-0.44200411438941956, 0.026248212903738022, -0.8966287970542908, -0.8647373914718628, 0.25325146317481995, 0.4336966872215271, 0.23845626413822174, 0.9670442938804626, -0.08924029767513275], "cam_t_m2c": [-197.48133850097656, -294.80816650390625, 1117.590087890625], "obj_id": 3}, {"cam_R_m2c": [-0.7840456962585449, 0.18197683990001678, -0.5934280753135681, 0.6193847060203552, 0.16709506511688232, -0.7670996189117432, -0.04043545573949814, -0.9690014123916626, -0.24372385442256927], "cam_t_m2c": [-7.5204854011535645, -123.19010162353516, 962.8301391601562], "obj_id": 3}, {"cam_R_m2c": [-0.4604470133781433, 0.43012693524360657, 0.7765173316001892, -0.45373809337615967, -0.8658958077430725, 0.21058480441570282, 0.7629613876342773, -0.25537237524986267, 0.5938642621040344], "cam_t_m2c": [119.8342514038086, -279.5634460449219, 1020.1532592773438], "obj_id": 3}, {"cam_R_m2c": [-0.1451723277568817, 0.2836156189441681, -0.9478856325149536, 0.9876696467399597, -0.01519774366170168, -0.15581274032592773, -0.05859667435288429, -0.9588176012039185, -0.2779122292995453], "cam_t_m2c": [-59.34517288208008, -94.81513214111328, 969.0587158203125], "obj_id": 3}, {"cam_R_m2c": [0.8411958813667297, -0.44750696420669556, 0.3035242259502411, -0.27634984254837036, 0.1266889125108719, 0.9526702165603638, -0.46477970480918884, -0.8852611780166626, -0.017098281532526016], "cam_t_m2c": [-169.8692169189453, -42.551944732666016, 1048.11279296875], "obj_id": 3}, {"cam_R_m2c": [0.7218455672264099, -0.3755670487880707, 0.5812816619873047, -0.6785668134689331, -0.21908292174339294, 0.701106071472168, -0.13596345484256744, -0.9005287885665894, -0.41299137473106384], "cam_t_m2c": [-132.1166534423828, -217.28102111816406, 1255.7261962890625], "obj_id": 3}, {"cam_R_m2c": [0.039961084723472595, -0.9950316548347473, 0.09118751436471939, -0.3118559420108795, -0.09912177175283432, -0.9449448585510254, 0.9492887258529663, 0.009323676116764545, -0.3142675459384918], "cam_t_m2c": [-112.2137451171875, -334.5011291503906, 1271.2171630859375], "obj_id": 3}, {"cam_R_m2c": [0.08088771998882294, 0.37151822447776794, 0.9248953461647034, 0.2989991009235382, -0.8942442536354065, 0.33305680751800537, 0.9508190155029297, 0.24960266053676605, -0.18341703712940216], "cam_t_m2c": [-206.65281677246094, -316.9813232421875, 1152.958984375], "obj_id": 3}, {"cam_R_m2c": [0.03280559927225113, -0.985260009765625, -0.16788803040981293, 0.9825109839439392, 0.06259661167860031, -0.1753673106431961, 0.18329162895679474, -0.1591988205909729, 0.9700824022293091], "cam_t_m2c": [-24.793962478637695, -103.0964584350586, 892.3787841796875], "obj_id": 3}, {"cam_R_m2c": [-0.10973011702299118, 0.9851318597793579, 0.13219164311885834, 0.9498786926269531, 0.14309975504875183, -0.27794426679611206, -0.29272833466529846, 0.09506718069314957, -0.9514580965042114], "cam_t_m2c": [4.835878372192383, -153.50595092773438, 1025.0374755859375], "obj_id": 3}, {"cam_R_m2c": [0.9533361196517944, -0.04012567177414894, -0.2992325723171234, 0.2872743010520935, -0.18429671227931976, 0.9399511218070984, -0.09286376088857651, -0.9820511937141418, -0.16416963934898376], "cam_t_m2c": [127.47171783447266, -295.45892333984375, 1240.6251220703125], "obj_id": 3}, {"cam_R_m2c": [0.12308754771947861, -0.8728459477424622, 0.4722176492214203, -0.7143747806549072, -0.4082232713699341, -0.5683507919311523, 0.688852846622467, -0.2673833966255188, -0.6737864017486572], "cam_t_m2c": [-84.29841613769531, -248.91244506835938, 1235.9749755859375], "obj_id": 3}, {"cam_R_m2c": [-0.9248894453048706, -0.35436883568763733, 0.1378476768732071, 0.21600861847400665, -0.7880291938781738, -0.5764980316162109, 0.3129209578037262, -0.5034207105636597, 0.8053868412971497], "cam_t_m2c": [-202.9053497314453, -390.3489074707031, 1267.590087890625], "obj_id": 3}, {"cam_R_m2c": [0.49470654129981995, 0.12522947788238525, 0.859990119934082, 0.41859927773475647, -0.9015434384346008, -0.10951752960681915, 0.7616036534309387, 0.4141702651977539, -0.4984204173088074], "cam_t_m2c": [-264.48382568359375, -400.5910949707031, 1220.2281494140625], "obj_id": 3}, {"cam_R_m2c": [-0.4737175703048706, 0.878028929233551, -0.06823954731225967, -0.7787905931472778, -0.45383140444755554, -0.4330381751060486, -0.41118934750556946, -0.1519935131072998, 0.8987888097763062], "cam_t_m2c": [34.272151947021484, -278.7066345214844, 1250.5858154296875], "obj_id": 3}, {"cam_R_m2c": [-0.5392085313796997, 0.6478853821754456, -0.5380509495735168, 0.838685929775238, 0.3550238013267517, -0.41299399733543396, -0.07655183970928192, -0.6739456057548523, -0.7348042130470276], "cam_t_m2c": [-19.750293731689453, -129.52723693847656, 1273.703369140625], "obj_id": 3}, {"cam_R_m2c": [-0.924128532409668, -0.37060633301734924, -0.09293754398822784, 0.3817809522151947, -0.8860180974006653, -0.2630879282951355, 0.015157705172896385, -0.27860885858535767, 0.9602850675582886], "cam_t_m2c": [18.153886795043945, -288.5094299316406, 920.8967895507812], "obj_id": 3}, {"cam_R_m2c": [0.5491008162498474, 0.5325600504875183, 0.6441024541854858, 0.7766611576080322, -0.0405079647898674, -0.628614604473114, -0.30868369340896606, 0.8454221487045288, -0.43586164712905884], "cam_t_m2c": [-115.6000747680664, -380.692138671875, 1199.77392578125], "obj_id": 3}, {"cam_R_m2c": [-0.10543708503246307, 0.9837566614151001, -0.14527775347232819, -0.29852724075317383, -0.17066636681556702, -0.9390177130699158, -0.948559045791626, -0.05563800781965256, 0.3116728663444519], "cam_t_m2c": [99.02434539794922, -191.6446075439453, 900.1364135742188], "obj_id": 3}, {"cam_R_m2c": [0.8491261005401611, 0.45895156264305115, -0.2614351212978363, 0.4761708676815033, -0.4509568512439728, 0.7549165487289429, 0.22857417166233063, -0.765507161617279, -0.6014586091041565], "cam_t_m2c": [-30.172760009765625, -439.61334228515625, 918.8635864257812], "obj_id": 3}, {"cam_R_m2c": [0.6612321138381958, 0.3075576722621918, 0.6842370629310608, 0.3566354513168335, -0.9313105344772339, 0.07396988570690155, 0.6599872708320618, 0.1951119601726532, -0.7254983186721802], "cam_t_m2c": [-154.30918884277344, -58.18682861328125, 905.0496215820312], "obj_id": 3}, {"cam_R_m2c": [0.9048547148704529, 0.028290430083870888, -0.42477947473526, 0.009942433796823025, -0.9989216327667236, -0.04534933343529701, -0.4256044030189514, 0.0368112176656723, -0.90416020154953], "cam_t_m2c": [38.03579330444336, -406.365966796875, 1054.4996337890625], "obj_id": 3}, {"cam_R_m2c": [-0.17681735754013062, -0.5208089351654053, -0.8351607918739319, 0.8409067392349243, -0.5208904147148132, 0.14679500460624695, -0.5114794969558716, -0.6763364672660828, 0.5300543904304504], "cam_t_m2c": [-114.46260833740234, -366.68414306640625, 1291.21142578125], "obj_id": 3}, {"cam_R_m2c": [0.5975450277328491, 0.6983398795127869, 0.39403215050697327, 0.17713482677936554, 0.36430537700653076, -0.9142783284187317, -0.7820250391960144, 0.6161193251609802, 0.09398855268955231], "cam_t_m2c": [-155.73687744140625, -283.7872314453125, 1290.87060546875], "obj_id": 3}, {"cam_R_m2c": [0.8472726345062256, 0.4420347213745117, -0.2945069968700409, -0.322460412979126, -0.012530604377388954, -0.9464999437332153, -0.4220762252807617, 0.8969103097915649, 0.1319218873977661], "cam_t_m2c": [-139.4518280029297, -372.65460205078125, 1232.428955078125], "obj_id": 3}, {"cam_R_m2c": [0.7545404434204102, 0.24620318412780762, -0.6083195805549622, -0.14696571230888367, -0.8400205969810486, -0.5222703814506531, -0.6395856738090515, 0.4834762513637543, -0.5976460576057434], "cam_t_m2c": [-199.75238037109375, -209.19578552246094, 906.993896484375], "obj_id": 3}, {"cam_R_m2c": [0.3503197133541107, 0.08920271694660187, -0.9323727488517761, 0.8030180931091309, -0.5410016179084778, 0.24995824694633484, -0.4821182191371918, -0.8362775444984436, -0.2611549198627472], "cam_t_m2c": [-33.486141204833984, -403.8953857421875, 1084.08203125], "obj_id": 3}, {"cam_R_m2c": [0.9740172624588013, 0.1792556792497635, -0.13841143250465393, 0.2217639535665512, -0.8789001703262329, 0.422321081161499, -0.0459463894367218, -0.4420427083969116, -0.895816445350647], "cam_t_m2c": [147.99984741210938, -323.3254699707031, 929.7711181640625], "obj_id": 3}, {"cam_R_m2c": [-0.7492141127586365, -0.015026280656456947, -0.6621572971343994, 0.4546199440956116, -0.7387065887451172, -0.49762746691703796, -0.4816625416278839, -0.6738594770431519, 0.5602807998657227], "cam_t_m2c": [149.85299682617188, -335.6321716308594, 1278.1561279296875], "obj_id": 1}, {"cam_R_m2c": [0.42326897382736206, 0.3654283881187439, 0.8290388584136963, -0.7917469143867493, -0.29563745856285095, 0.5345421433448792, 0.4404318332672119, -0.8826440572738647, 0.16419267654418945], "cam_t_m2c": [-149.5734405517578, -123.18981170654297, 1036.8045654296875], "obj_id": 1}, {"cam_R_m2c": [0.42474275827407837, -0.505388617515564, -0.7511164546012878, 0.17316940426826477, 0.8597102165222168, -0.4805317223072052, 0.8885977268218994, 0.07403199374675751, 0.4526735246181488], "cam_t_m2c": [-185.31170654296875, -370.16900634765625, 1143.493896484375], "obj_id": 1}, {"cam_R_m2c": [0.06850320845842361, 0.956895649433136, 0.2822374403476715, -0.0623805858194828, 0.28645679354667664, -0.9560602307319641, -0.9956987500190735, 0.04788704961538315, 0.0793149322271347], "cam_t_m2c": [-181.3609161376953, -123.2148666381836, 922.8904418945312], "obj_id": 1}, {"cam_R_m2c": [-0.3306981027126312, 0.22886191308498383, -0.9155657887458801, -0.9161977767944336, -0.31050899624824524, 0.2533092200756073, -0.22631870210170746, 0.9226083159446716, 0.312367707490921], "cam_t_m2c": [110.3682632446289, -377.40045166015625, 1287.40771484375], "obj_id": 1}, {"cam_R_m2c": [0.38116785883903503, -0.06362685561180115, 0.9223136901855469, -0.6893921494483948, 0.6451547741889954, 0.3294142186641693, -0.6159946322441101, -0.7613979578018188, 0.2020484209060669], "cam_t_m2c": [90.840576171875, -494.46221923828125, 1039.2559814453125], "obj_id": 1}, {"cam_R_m2c": [-0.9026215076446533, -0.43043437600135803, -0.0006950281676836312, 0.4205056130886078, -0.881453812122345, -0.21497468650341034, 0.09191986173391342, -0.1943330615758896, 0.9766193628311157], "cam_t_m2c": [25.601224899291992, -448.25543212890625, 1287.3997802734375], "obj_id": 1}, {"cam_R_m2c": [-0.5375618934631348, -0.572123646736145, 0.6194363236427307, 0.8410311341285706, -0.3108390271663666, 0.44277021288871765, -0.06077423691749573, 0.7589817643165588, 0.6482692956924438], "cam_t_m2c": [11.590055465698242, -137.03614807128906, 1030.021484375], "obj_id": 1}, {"cam_R_m2c": [0.15953317284584045, -0.19867534935474396, 0.9669939875602722, 0.8329861164093018, 0.5527795553207397, -0.023852545768022537, -0.5297955870628357, 0.8092978000640869, 0.2536804676055908], "cam_t_m2c": [58.515663146972656, -249.12644958496094, 986.5098876953125], "obj_id": 1}, {"cam_R_m2c": [0.9744965434074402, 0.05851363018155098, 0.21663933992385864, 0.20664553344249725, 0.14238592982292175, -0.9679998755455017, -0.08748757094144821, 0.9880800843238831, 0.12666301429271698], "cam_t_m2c": [145.3210906982422, -365.9454345703125, 1255.843994140625], "obj_id": 1}, {"cam_R_m2c": [0.17947866022586823, 0.6172382831573486, -0.7660315632820129, 0.7715840339660645, 0.39473462104797363, 0.49884137511253357, 0.6102831959724426, -0.6805890798568726, -0.4054047465324402], "cam_t_m2c": [-219.49688720703125, -281.69000244140625, 1072.6875], "obj_id": 1}, {"cam_R_m2c": [0.31674885749816895, -0.937676191329956, -0.14294573664665222, -0.8296874761581421, -0.20087029039859772, -0.5208355784416199, 0.4596615731716156, 0.2835743725299835, -0.8416036367416382], "cam_t_m2c": [-51.602054595947266, -130.1403045654297, 1207.311279296875], "obj_id": 1}, {"cam_R_m2c": [-0.3478285074234009, 0.9337159991264343, -0.08479322493076324, -0.9231876730918884, -0.3253193795681, 0.20467528700828552, 0.16352371871471405, 0.1494719386100769, 0.9751502871513367], "cam_t_m2c": [94.28570556640625, -494.9077453613281, 1276.974365234375], "obj_id": 1}, {"cam_R_m2c": [-0.2717657685279846, 0.3337021768093109, 0.9026550650596619, -0.338828980922699, -0.9110774397850037, 0.23480333387851715, 0.9007431268692017, -0.2420341819524765, 0.36066773533821106], "cam_t_m2c": [119.38054656982422, -254.45831298828125, 899.168212890625], "obj_id": 1}, {"cam_R_m2c": [0.9964231848716736, 0.06269147992134094, 0.05666184797883034, -0.027344757691025734, -0.3952413499355316, 0.918170154094696, 0.07995656132698059, -0.9164354801177979, -0.3921133577823639], "cam_t_m2c": [-150.25048828125, -205.8972930908203, 1283.4593505859375], "obj_id": 1}, {"cam_R_m2c": [0.26942622661590576, 0.5956071019172668, 0.7567442059516907, 0.09952403604984283, -0.7988158464431763, 0.5932862758636475, 0.9578645825386047, -0.08453268557786942, -0.2744992673397064], "cam_t_m2c": [-127.84529876708984, -140.91261291503906, 1161.781005859375], "obj_id": 1}, {"cam_R_m2c": [0.7054250240325928, -0.7004362940788269, -0.10846462845802307, -0.6396198868751526, -0.5631557703018188, -0.5232034921646118, 0.3053882122039795, 0.4384569227695465, -0.8452771306037903], "cam_t_m2c": [-137.1063995361328, -379.1471862792969, 1183.0296630859375], "obj_id": 1}, {"cam_R_m2c": [-0.8796608448028564, -0.45802903175354004, 0.12808628380298615, 0.42963817715644836, -0.8807936310768127, -0.1990312784910202, 0.2039797008037567, -0.12004927545785904, 0.9715865850448608], "cam_t_m2c": [-43.134300231933594, -253.33038330078125, 1285.0654296875], "obj_id": 1}, {"cam_R_m2c": [0.7597827315330505, 0.06441673636436462, 0.6469780802726746, -0.05586041510105133, 0.9978678822517395, -0.033753253519535065, -0.6477729082107544, -0.010495327413082123, 0.7617611289024353], "cam_t_m2c": [-143.32981872558594, -209.72242736816406, 1194.90185546875], "obj_id": 1}, {"cam_R_m2c": [-0.9929937720298767, 0.01796729862689972, -0.11679194867610931, 0.1167096421122551, 0.30381789803504944, -0.9455546140670776, 0.018494417890906334, -0.9525606632232666, -0.30378618836402893], "cam_t_m2c": [16.37057876586914, -108.93431091308594, 893.7127075195312], "obj_id": 1}, {"cam_R_m2c": [0.10502201318740845, -0.9637554883956909, 0.24524633586406708, 0.017892587929964066, 0.24840135872364044, 0.9684919714927673, -0.9943089485168457, -0.0973249301314354, 0.04333166033029556], "cam_t_m2c": [102.01678466796875, -326.2747802734375, 1025.1053466796875], "obj_id": 1}, {"cam_R_m2c": [0.2257803976535797, -0.5197445750236511, -0.8239470720291138, 0.4478398859500885, 0.8064929842948914, -0.3860161602497101, 0.8651373386383057, -0.2818414568901062, 0.41485264897346497], "cam_t_m2c": [-76.84599304199219, -334.5757751464844, 1067.4219970703125], "obj_id": 1}, {"cam_R_m2c": [0.904674768447876, -0.4081418216228485, 0.12240847200155258, 0.2333027571439743, 0.23406675457954407, -0.9438127875328064, 0.3565577268600464, 0.8824018239974976, 0.3069748878479004], "cam_t_m2c": [118.10726928710938, -162.30149841308594, 1015.6174926757812], "obj_id": 1}, {"cam_R_m2c": [0.7009187936782837, -0.09713856875896454, -0.7065953016281128, 0.10179807990789413, -0.9669151306152344, 0.233906090259552, -0.7059390544891357, -0.23587921261787415, -0.6678404808044434], "cam_t_m2c": [-65.47235870361328, -140.18325805664062, 958.0267944335938], "obj_id": 1}, {"cam_R_m2c": [0.22876541316509247, -0.9232158064842224, -0.30877000093460083, 0.973236620426178, 0.20978417992591858, 0.09381353855133057, -0.021835092455148697, -0.32196757197380066, 0.9464988708496094], "cam_t_m2c": [148.49378967285156, -125.33512878417969, 1043.3365478515625], "obj_id": 1}, {"cam_R_m2c": [0.5313195586204529, -0.4036155641078949, -0.7448449730873108, -0.7060922384262085, -0.6968027353286743, -0.1260935664176941, -0.46811673045158386, 0.5929252505302429, -0.6552147269248962], "cam_t_m2c": [128.26992797851562, -191.3639373779297, 1032.1175537109375], "obj_id": 1}, {"cam_R_m2c": [0.6172038316726685, -0.7642786502838135, 0.1869160383939743, -0.22567902505397797, 0.05561716854572296, 0.9726127982139587, -0.7537429332733154, -0.6424833536148071, -0.1381545215845108], "cam_t_m2c": [-106.5885238647461, -272.4631042480469, 1230.0565185546875], "obj_id": 1}, {"cam_R_m2c": [-0.8739548921585083, 0.37891143560409546, -0.3043496310710907, 0.34566205739974976, 0.9248231649398804, 0.15880747139453888, 0.3416435420513153, 0.0335884653031826, -0.9392290711402893], "cam_t_m2c": [-27.330150604248047, -452.5005798339844, 1093.5469970703125], "obj_id": 1}, {"cam_R_m2c": [0.2856036126613617, 0.9375038743019104, 0.19878892600536346, -0.7798170447349548, 0.34791624546051025, -0.5204225778579712, -0.5570601224899292, -0.006384422071278095, 0.8304476141929626], "cam_t_m2c": [-123.68309783935547, -423.7777099609375, 1016.1200561523438], "obj_id": 1}, {"cam_R_m2c": [0.6500537395477295, 0.10356490314006805, 0.7527977228164673, 0.23397453129291534, 0.915259838104248, -0.3279563784599304, -0.7229703068733215, 0.38932475447654724, 0.5707365274429321], "cam_t_m2c": [60.62906265258789, -285.879150390625, 1054.23681640625], "obj_id": 1}, {"cam_R_m2c": [0.10609007626771927, 0.05153615027666092, 0.9930199980735779, -0.7876788377761841, -0.6051511764526367, 0.11555859446525574, 0.6068828105926514, -0.7944405674934387, -0.023606449365615845], "cam_t_m2c": [-38.758907318115234, -277.9268493652344, 918.001708984375], "obj_id": 1}, {"cam_R_m2c": [-0.06796608865261078, 0.9969772696495056, -0.037641238421201706, 0.9542860388755798, 0.07597009837627411, 0.2890789806842804, 0.2910647690296173, -0.016272928565740585, -0.9565648436546326], "cam_t_m2c": [-148.83096313476562, -154.3218536376953, 1198.965087890625], "obj_id": 1}, {"cam_R_m2c": [-0.4209137260913849, -0.17750737071037292, 0.889563262462616, 0.8995375037193298, -0.20805339515209198, 0.3841173052787781, 0.1168929934501648, 0.9618757367134094, 0.24724704027175903], "cam_t_m2c": [-25.743227005004883, -100.09544372558594, 1217.2392578125], "obj_id": 1}, {"cam_R_m2c": [0.710438072681427, 0.1133081391453743, 0.6945782899856567, 0.3928576409816742, -0.8827159404754639, -0.25782859325408936, 0.5839012265205383, 0.4560416340827942, -0.671629011631012], "cam_t_m2c": [-134.54586791992188, -360.5053405761719, 1175.7130126953125], "obj_id": 1}, {"cam_R_m2c": [-0.01644904725253582, -0.9790103435516357, -0.20314541459083557, -0.9956321716308594, -0.002636492485180497, 0.09332481026649475, -0.09190156310796738, 0.2037932425737381, -0.9746907949447632], "cam_t_m2c": [-138.42977905273438, -260.4827880859375, 946.7648315429688], "obj_id": 1}, {"cam_R_m2c": [0.2899937629699707, -0.9316498041152954, -0.21893422305583954, -0.10248205810785294, 0.1972191035747528, -0.9749882221221924, 0.9515256285667419, 0.3051773011684418, -0.03828508034348488], "cam_t_m2c": [137.6331787109375, -279.49493408203125, 955.7021484375], "obj_id": 1}, {"cam_R_m2c": [0.7516412734985352, 0.08590253442525864, -0.653954267501831, -0.5562541484832764, -0.4502190351486206, -0.6984869241714478, -0.35442450642585754, 0.8887763619422913, -0.29061955213546753], "cam_t_m2c": [-87.0333480834961, -273.7724609375, 1268.7840576171875], "obj_id": 1}, {"cam_R_m2c": [-0.116755910217762, 0.27933967113494873, 0.9530672430992126, 0.7011182308197021, 0.70285564661026, -0.12011288851499557, -0.7034209370613098, 0.6541889905929565, -0.2779126763343811], "cam_t_m2c": [177.4542236328125, -189.43592834472656, 1073.2835693359375], "obj_id": 1}, {"cam_R_m2c": [0.8776352405548096, -0.36186614632606506, -0.31433945894241333, -0.36966565251350403, -0.9284392595291138, 0.036709342151880264, -0.3051290214061737, 0.08398309350013733, -0.9486004710197449], "cam_t_m2c": [-16.784339904785156, -72.97026824951172, 918.91796875], "obj_id": 1}, {"cam_R_m2c": [0.550359845161438, -0.2450263351202011, -0.7981642484664917, 0.12515924870967865, -0.9209546446800232, 0.36902275681495667, -0.825493335723877, -0.30299293994903564, -0.47618916630744934], "cam_t_m2c": [98.30419158935547, -301.4230651855469, 941.0255737304688], "obj_id": 1}, {"cam_R_m2c": [-0.45734265446662903, 0.6411302089691162, -0.6162706613540649, -0.8876808285713196, -0.37079811096191406, 0.2730041742324829, -0.053480830043554306, 0.6719081997871399, 0.7387009859085083], "cam_t_m2c": [-50.06771469116211, -380.51312255859375, 1176.5118408203125], "obj_id": 1}, {"cam_R_m2c": [0.9764814376831055, -0.21480335295200348, -0.018535396084189415, 0.13307730853557587, 0.5328494906425476, 0.8356804847717285, -0.16963039338588715, -0.818493127822876, 0.5489030480384827], "cam_t_m2c": [-27.661928176879883, -261.710205078125, 1061.3402099609375], "obj_id": 1}, {"cam_R_m2c": [0.814983069896698, 0.5058895945549011, 0.2826274335384369, -0.22891473770141602, -0.1669975221157074, 0.9590150117874146, 0.5323538184165955, -0.8462786078453064, -0.02029455453157425], "cam_t_m2c": [-95.44039916992188, -145.7683563232422, 1008.4541015625], "obj_id": 1}, {"cam_R_m2c": [0.8273836970329285, -0.5185177326202393, 0.21581362187862396, 0.5283421277999878, 0.8489150404930115, 0.014066964387893677, -0.1905013918876648, 0.10238464921712875, 0.9763332605361938], "cam_t_m2c": [-53.368492126464844, -343.63525390625, 1218.2349853515625], "obj_id": 1}, {"cam_R_m2c": [-0.37386012077331543, -0.00021976021525915712, 0.9274850487709045, -0.7332443594932556, 0.6124382615089417, -0.29541850090026855, -0.5679624080657959, -0.7905184030532837, -0.22912736237049103], "cam_t_m2c": [56.07689666748047, -416.93450927734375, 1220.9669189453125], "obj_id": 1}, {"cam_R_m2c": [0.010004321113228798, 0.8577646613121033, -0.5139451026916504, 0.7180992960929871, -0.36383679509162903, -0.5932586789131165, -0.6958686113357544, -0.36312854290008545, -0.6196000576019287], "cam_t_m2c": [-39.08156204223633, -163.1686553955078, 959.311767578125], "obj_id": 1}, {"cam_R_m2c": [-0.19871415197849274, -0.6728901863098145, 0.7125528454780579, -0.8259232044219971, -0.2764228880405426, -0.49136683344841003, 0.5276017785072327, -0.6861554384231567, -0.5008265376091003], "cam_t_m2c": [135.91615295410156, -205.32138061523438, 1054.7137451171875], "obj_id": 1}, {"cam_R_m2c": [0.3896265923976898, 0.8673560619354248, -0.30965229868888855, 0.48571112751960754, -0.4791850745677948, -0.7310720086097717, -0.7824805378913879, 0.13444353640079498, -0.6079877614974976], "cam_t_m2c": [-45.67162322998047, -388.85845947265625, 1208.39990234375], "obj_id": 1}, {"cam_R_m2c": [0.8162574768066406, 0.19057610630989075, -0.545348048210144, -0.36365893483161926, 0.9030097126960754, -0.2287479192018509, 0.44886070489883423, 0.385037899017334, 0.8063931465148926], "cam_t_m2c": [-216.4309539794922, -303.06280517578125, 975.5036010742188], "obj_id": 1}, {"cam_R_m2c": [-0.9832512140274048, -0.14721305668354034, 0.10744941979646683, -0.10288237035274506, -0.038316596299409866, -0.9939552545547485, 0.1504402905702591, -0.9883623719215393, 0.02252921648323536], "cam_t_m2c": [-20.015939712524414, -109.96453857421875, 922.173583984375], "obj_id": 1}, {"cam_R_m2c": [-0.6926518082618713, -0.7077624797821045, -0.13894441723823547, 0.5481653213500977, -0.39135393500328064, -0.7391594648361206, 0.46877291798591614, -0.5881447196006775, 0.65904301404953], "cam_t_m2c": [-19.635536193847656, -67.54851531982422, 967.8265380859375], "obj_id": 1}, {"cam_R_m2c": [-0.09967260807752609, 0.4734664857387543, 0.8751541972160339, 0.16355390846729279, 0.875366747379303, -0.4549540877342224, -0.9814863801002502, 0.09778844565153122, -0.164687380194664], "cam_t_m2c": [-188.4998321533203, -188.48147583007812, 894.1529541015625], "obj_id": 1}, {"cam_R_m2c": [-0.6060433983802795, -0.7323839664459229, -0.3103623688220978, -0.010386851616203785, -0.3828612267971039, 0.9237473011016846, -0.7953635454177856, 0.5630548000335693, 0.2244235724210739], "cam_t_m2c": [-100.96002197265625, -147.56849670410156, 1013.764404296875], "obj_id": 1}, {"cam_R_m2c": [0.9909014701843262, -0.1271740198135376, -0.04405689612030983, 0.09367912262678146, 0.8867401480674744, -0.4526766836643219, 0.09663572907447815, 0.44443079829216003, 0.8905856609344482], "cam_t_m2c": [-69.21361541748047, -160.37637329101562, 1128.430419921875], "obj_id": 1}, {"cam_R_m2c": [0.8295332193374634, -0.5431295037269592, 0.12994249165058136, 0.03718915581703186, 0.285889208316803, 0.9575408101081848, -0.5572177767753601, -0.7894794344902039, 0.25735312700271606], "cam_t_m2c": [-172.77159118652344, -289.2469177246094, 1287.234375], "obj_id": 3}, {"cam_R_m2c": [-0.2039693146944046, 0.9260290265083313, 0.31759533286094666, 0.6406816840171814, -0.11902906745672226, 0.7585242986679077, 0.7402185797691345, 0.35819318890571594, -0.5690115690231323], "cam_t_m2c": [97.18023681640625, -214.66612243652344, 1245.04736328125], "obj_id": 1}, {"cam_R_m2c": [-0.7010515332221985, -0.4418397843837738, -0.5597358345985413, -0.5174713730812073, 0.8552740216255188, -0.02701260708272457, 0.49066275358200073, 0.2707100510597229, -0.8282305598258972], "cam_t_m2c": [-173.11947631835938, -343.1063232421875, 915.2537231445312], "obj_id": 1}, {"cam_R_m2c": [0.2879210412502289, 0.18590110540390015, 0.939437210559845, 0.7914141416549683, -0.5985484719276428, -0.12411044538021088, 0.5392264127731323, 0.7792178988456726, -0.319459468126297], "cam_t_m2c": [21.936487197875977, -470.55352783203125, 1138.0679931640625], "obj_id": 1}, {"cam_R_m2c": [-0.02238725870847702, 0.41437968611717224, -0.9098286032676697, -0.9997439980506897, -0.006317034363746643, 0.02172269858419895, 0.0032539411913603544, 0.9100820422172546, 0.4144151508808136], "cam_t_m2c": [-185.8243865966797, -305.400146484375, 908.9564208984375], "obj_id": 1}, {"cam_R_m2c": [0.8499161601066589, 0.2348882555961609, 0.4716673195362091, -0.5154207348823547, 0.18463309109210968, 0.8368107080459595, 0.10947159677743912, -0.9543260335922241, 0.27798891067504883], "cam_t_m2c": [-73.8539810180664, -264.0216369628906, 1295.1260986328125], "obj_id": 3}, {"cam_R_m2c": [-0.40900710225105286, 0.6804187297821045, 0.6080653071403503, -0.8885844945907593, -0.44862037897109985, -0.09569315612316132, 0.20767910778522491, -0.579456627368927, 0.7880985736846924], "cam_t_m2c": [-89.00794219970703, -406.99969482421875, 1034.2498779296875], "obj_id": 1}, {"cam_R_m2c": [-0.9544991254806519, -0.04139309749007225, -0.2953268587589264, -0.21100592613220215, 0.7935503721237183, 0.5707488656044006, 0.21073168516159058, 0.6070950031280518, -0.7661772966384888], "cam_t_m2c": [115.48511505126953, -477.268310546875, 1071.3394775390625], "obj_id": 1}, {"cam_R_m2c": [-0.4845472276210785, -0.34066468477249146, 0.8057055473327637, 0.4431423246860504, -0.8897159695625305, -0.10968203097581863, 0.7542139887809753, 0.30389612913131714, 0.5820724964141846], "cam_t_m2c": [-136.42665100097656, -152.3682098388672, 1292.0006103515625], "obj_id": 1}, {"cam_R_m2c": [-0.13084617257118225, -0.753871738910675, -0.6438607573509216, -0.2128540724515915, 0.6556611657142639, -0.7244318723678589, 0.9682832360267639, 0.04225924238562584, -0.24625541269779205], "cam_t_m2c": [164.92950439453125, -140.9012908935547, 1029.6051025390625], "obj_id": 3}, {"cam_R_m2c": [-0.9760891199111938, 0.2139073610305786, -0.03864673897624016, -0.19399422407150269, -0.7770337462425232, 0.5988194346427917, 0.09806206077337265, 0.5919983983039856, 0.7999510765075684], "cam_t_m2c": [46.96428680419922, -291.4939880371094, 937.844482421875], "obj_id": 1}, {"cam_R_m2c": [0.5808807611465454, 0.13728681206703186, -0.8023278117179871, 0.1159936711192131, 0.9616544246673584, 0.24852804839611053, 0.8056817054748535, -0.23743011057376862, 0.5426821708679199], "cam_t_m2c": [-108.51453399658203, -40.152801513671875, 1277.5260009765625], "obj_id": 1}, {"cam_R_m2c": [0.91522216796875, 0.30792126059532166, 0.259909451007843, -0.02791861817240715, -0.5950097441673279, 0.8032333254814148, 0.40198129415512085, -0.7423931956291199, -0.5359693765640259], "cam_t_m2c": [5.419737339019775, -183.5660400390625, 1225.949951171875], "obj_id": 3}, {"cam_R_m2c": [-0.5207300186157227, -0.8136901259422302, -0.258357435464859, -0.7207129001617432, 0.2567732632160187, 0.6439257860183716, -0.45761677622795105, 0.521513044834137, -0.7201465368270874], "cam_t_m2c": [-133.9765167236328, -388.9090576171875, 921.3311157226562], "obj_id": 1}, {"cam_R_m2c": [-0.04323342442512512, 0.47612452507019043, -0.8783145546913147, -0.9949381351470947, 0.05930652469396591, 0.08112335950136185, 0.09071467071771622, 0.8773758411407471, 0.47115030884742737], "cam_t_m2c": [-15.801197052001953, -387.83575439453125, 969.1243896484375], "obj_id": 3}, {"cam_R_m2c": [0.367214173078537, -0.8726761341094971, 0.3218541145324707, -0.346394419670105, -0.44944503903388977, -0.823413610458374, 0.8632291555404663, 0.1908806413412094, -0.46733272075653076], "cam_t_m2c": [-143.4394073486328, -343.4988708496094, 1262.5635986328125], "obj_id": 3}, {"cam_R_m2c": [-0.8919671773910522, -0.1213911771774292, -0.4354979693889618, -0.44140681624412537, 0.44209882616996765, 0.7808383703231812, 0.09774623811244965, 0.888714075088501, -0.4479205012321472], "cam_t_m2c": [-63.37588119506836, -265.27642822265625, 1144.3739013671875], "obj_id": 3}, {"cam_R_m2c": [-0.2871176302433014, 0.22146287560462952, -0.9319429397583008, 0.7763254642486572, 0.6237358450889587, -0.09095235913991928, 0.5611436367034912, -0.7496050596237183, -0.35101282596588135], "cam_t_m2c": [-179.270751953125, -292.8551940917969, 1282.12255859375], "obj_id": 3}, {"cam_R_m2c": [0.29133766889572144, 0.9538040161132812, -0.07334943115711212, 0.007060928735882044, 0.07452954351902008, 0.9971936941146851, 0.9565941691398621, -0.291037917137146, 0.014978586696088314], "cam_t_m2c": [-116.76254272460938, -164.09339904785156, 1033.965087890625], "obj_id": 1}, {"cam_R_m2c": [-0.9837181568145752, -0.09583128988742828, 0.1520351618528366, 0.010001939721405506, -0.8738501071929932, -0.486092209815979, 0.17943881452083588, -0.4766571521759033, 0.8605809807777405], "cam_t_m2c": [-7.651140213012695, -104.65567779541016, 1269.804931640625], "obj_id": 3}, {"cam_R_m2c": [0.40255841612815857, 0.9153709411621094, -0.006536528468132019, -0.1222534030675888, 0.060838114470243454, 0.9906325340270996, 0.9071938991546631, -0.39798834919929504, 0.13639812171459198], "cam_t_m2c": [83.0550765991211, -322.2027587890625, 1122.2989501953125], "obj_id": 3}, {"cam_R_m2c": [-0.5605913400650024, -0.6855570077896118, -0.46448755264282227, -0.40844735503196716, 0.7168465256690979, -0.5650679469108582, 0.7203525900840759, -0.12705354392528534, -0.6818718910217285], "cam_t_m2c": [-32.156917572021484, -91.4839096069336, 1154.5699462890625], "obj_id": 3}, {"cam_R_m2c": [-0.7204288244247437, 0.37025243043899536, 0.5864259004592896, 0.4275154769420624, -0.42871594429016113, 0.7958850860595703, 0.5460885763168335, 0.8240847587585449, 0.15057073533535004], "cam_t_m2c": [-185.8596649169922, -263.8833923339844, 970.2295532226562], "obj_id": 1}, {"cam_R_m2c": [-0.4192427098751068, 0.8912507891654968, -0.17293792963027954, -0.6011984944343567, -0.1298050582408905, 0.7884864807128906, 0.6802909970283508, 0.43453726172447205, 0.5902385115623474], "cam_t_m2c": [-155.59039306640625, -48.928192138671875, 965.1943359375], "obj_id": 3}, {"cam_R_m2c": [0.9695743918418884, -0.06780574470758438, -0.23521874845027924, -0.17815974354743958, 0.46351635456085205, -0.8679928779602051, 0.16788263618946075, 0.8834902048110962, 0.437333345413208], "cam_t_m2c": [-110.3451156616211, -325.7205505371094, 1187.07177734375], "obj_id": 3}, {"cam_R_m2c": [0.5764570236206055, 0.8003259301185608, 0.1648506075143814, 0.5029575228691101, -0.5065234899520874, 0.7003339529037476, 0.6439961194992065, -0.3207995593547821, -0.6945189833641052], "cam_t_m2c": [74.62881469726562, -293.1986389160156, 1063.737548828125], "obj_id": 1}, {"cam_R_m2c": [0.5269449949264526, 0.6129493117332458, -0.5887462496757507, -0.7722753286361694, 0.6345519423484802, -0.03057081252336502, 0.35485172271728516, 0.4707833528518677, 0.8077396154403687], "cam_t_m2c": [-122.07770538330078, -93.4180908203125, 1086.050048828125], "obj_id": 1}, {"cam_R_m2c": [0.9259963631629944, 0.33952274918556213, 0.1650909036397934, 0.3739268481731415, -0.8851056098937988, -0.2770678400993347, 0.05205206200480461, 0.31829574704170227, -0.9465612173080444], "cam_t_m2c": [-189.98641967773438, -144.7277374267578, 951.0907592773438], "obj_id": 1}, {"cam_R_m2c": [-0.5415062308311462, 0.027858514338731766, -0.8402349948883057, -0.07597976922988892, 0.9937389492988586, 0.08191472291946411, 0.8372561931610107, 0.10819819569587708, -0.5359991788864136], "cam_t_m2c": [80.3341293334961, -409.4128112792969, 1268.1270751953125], "obj_id": 1}, {"cam_R_m2c": [-0.29884976148605347, -0.7431066632270813, -0.5987328886985779, -0.2171400785446167, 0.6638988852500916, -0.7156035304069519, 0.9292678833007812, -0.08384909480810165, -0.3597642481327057], "cam_t_m2c": [-164.21815490722656, -57.90856170654297, 905.8102416992188], "obj_id": 1}, {"cam_R_m2c": [0.31630533933639526, 0.35932230949401855, -0.8779739737510681, 0.6617500185966492, -0.7467072010040283, -0.06719286739826202, -0.6797335147857666, -0.5597459077835083, -0.4739689528942108], "cam_t_m2c": [-79.64314270019531, -338.5567932128906, 1233.6278076171875], "obj_id": 3}, {"cam_R_m2c": [-0.7786040306091309, 0.6261493563652039, 0.04138070344924927, 0.22534850239753723, 0.2174530029296875, 0.9497010707855225, 0.5856564044952393, 0.7487663626670837, -0.3104114830493927], "cam_t_m2c": [-167.73291015625, -313.9921569824219, 1115.1988525390625], "obj_id": 3}, {"cam_R_m2c": [-0.6607910394668579, -0.6824296116828918, -0.3124818801879883, -0.11062327027320862, 0.5003290772438049, -0.8587393760681152, 0.742372989654541, -0.5328795313835144, -0.40610554814338684], "cam_t_m2c": [8.603548049926758, -333.00408935546875, 1024.24365234375], "obj_id": 3}, {"cam_R_m2c": [0.24771124124526978, -0.11720076948404312, 0.961718738079071, 0.963409960269928, -0.07509197294712067, -0.25729793310165405, 0.10237298160791397, 0.9902650713920593, 0.09431134909391403], "cam_t_m2c": [12.706626892089844, -466.5129089355469, 1064.440673828125], "obj_id": 1}, {"cam_R_m2c": [-0.2641412615776062, -0.5580691695213318, 0.7866309881210327, -0.9020422101020813, 0.4316350519657135, 0.003325197147205472, -0.34139320254325867, -0.7086960077285767, -0.6174145936965942], "cam_t_m2c": [-87.32767486572266, -202.53045654296875, 1126.11279296875], "obj_id": 3}, {"cam_R_m2c": [0.9634886980056763, -0.24010373651981354, -0.1184893324971199, 0.16781479120254517, 0.19669580459594727, 0.9659963250160217, -0.20863297581672668, -0.9506108164787292, 0.22980715334415436], "cam_t_m2c": [87.03816986083984, -325.8548889160156, 1006.195068359375], "obj_id": 1}, {"cam_R_m2c": [-0.5826367139816284, 0.5694482326507568, -0.5798817873001099, -0.8086750507354736, -0.4773977994918823, 0.3437087833881378, -0.08110997825860977, 0.6691933870315552, 0.7386482954025269], "cam_t_m2c": [26.961336135864258, -327.8770446777344, 918.024658203125], "obj_id": 1}, {"cam_R_m2c": [-0.7611581683158875, -0.26675355434417725, -0.5911687612533569, -0.4246568977832794, -0.4839622974395752, 0.765144944190979, -0.49020862579345703, 0.8334403038024902, 0.2550933361053467], "cam_t_m2c": [20.353105545043945, -185.07041931152344, 1148.540771484375], "obj_id": 3}, {"cam_R_m2c": [-0.6632303595542908, -0.22749757766723633, 0.7130008935928345, -0.4255548417568207, 0.8983170390129089, -0.10922279953956604, -0.6156529188156128, -0.37586086988449097, -0.6926037669181824], "cam_t_m2c": [-246.5393829345703, -293.72015380859375, 1263.865966796875], "obj_id": 3}, {"cam_R_m2c": [0.9641452431678772, 0.26521986722946167, 0.009074500761926174, 0.23244939744472504, -0.8275308012962341, -0.5110384821891785, -0.12802810966968536, 0.49482467770576477, -0.8595101237297058], "cam_t_m2c": [-162.9342803955078, -58.8128547668457, 1280.0570068359375], "obj_id": 3}, {"cam_R_m2c": [-0.8251524567604065, -0.30988407135009766, 0.47232934832572937, 0.2585698366165161, -0.9505693316459656, -0.17192822694778442, 0.5022596716880798, -0.019736895337700844, 0.8644915819168091], "cam_t_m2c": [90.67166900634766, -254.2045135498047, 921.2440185546875], "obj_id": 1}, {"cam_R_m2c": [0.8848676681518555, 0.4393165111541748, 0.1549523025751114, 0.24189631640911102, -0.1490500122308731, -0.9587857723236084, -0.39811480045318604, 0.8858808875083923, -0.23815858364105225], "cam_t_m2c": [20.78450584411621, -100.68743133544922, 1234.1802978515625], "obj_id": 1}, {"cam_R_m2c": [-0.40405118465423584, -0.31215700507164, 0.859825849533081, -0.41204285621643066, 0.9013177752494812, 0.133592426776886, -0.8166781067848206, -0.30030694603919983, -0.4928005635738373], "cam_t_m2c": [31.53950309753418, -77.3445053100586, 1236.30126953125], "obj_id": 3}, {"cam_R_m2c": [0.8706616759300232, 0.33619701862335205, 0.3590540587902069, -0.14750029146671295, -0.5179178714752197, 0.8426176905632019, 0.4692460894584656, -0.7865955233573914, -0.4013420641422272], "cam_t_m2c": [-135.66506958007812, -267.8228454589844, 1155.0009765625], "obj_id": 3}, {"cam_R_m2c": [0.49104994535446167, 0.48895275592803955, -0.7209681272506714, -0.34387409687042236, 0.8692113161087036, 0.3552777171134949, 0.8003877401351929, 0.07346320152282715, 0.5949643850326538], "cam_t_m2c": [65.01715850830078, -473.2171325683594, 1292.9910888671875], "obj_id": 3}, {"cam_R_m2c": [-0.8236945867538452, -0.27365759015083313, -0.4966271221637726, 0.4833856523036957, 0.11896511912345886, -0.8672862648963928, 0.29642078280448914, -0.9544415473937988, 0.034291353076696396], "cam_t_m2c": [-107.16895294189453, -360.7469482421875, 1289.36181640625], "obj_id": 3}, {"cam_R_m2c": [-0.1003698781132698, -0.6517210006713867, 0.7517883777618408, 0.9616469740867615, 0.13031494617462158, 0.2413569688796997, -0.2552666962146759, 0.7471799254417419, 0.6136457324028015], "cam_t_m2c": [147.09890747070312, -219.1229248046875, 995.874755859375], "obj_id": 3}, {"cam_R_m2c": [0.7261132001876831, 0.5081863403320312, 0.46314817667007446, -0.4907649755477905, 0.8548336029052734, -0.16855046153068542, -0.48156967759132385, -0.10491019487380981, 0.870106041431427], "cam_t_m2c": [22.120141983032227, -316.00115966796875, 1155.6490478515625], "obj_id": 3}, {"cam_R_m2c": [-0.02044873684644699, -0.9568211436271667, 0.289956659078598, -0.9994828104972839, 0.01236614491790533, -0.02968105673789978, 0.024813858792185783, -0.29041367769241333, -0.9565791487693787], "cam_t_m2c": [40.40177917480469, -263.8541259765625, 899.5108032226562], "obj_id": 3}, {"cam_R_m2c": [-0.9853160381317139, 0.1446206271648407, 0.09075918793678284, -0.025187518447637558, -0.6488629579544067, 0.7604883313179016, 0.16887256503105164, 0.7470353245735168, 0.6429777145385742], "cam_t_m2c": [107.44149780273438, -221.74293518066406, 1259.041015625], "obj_id": 1}, {"cam_R_m2c": [0.7161043882369995, -0.3916183412075043, 0.5777798891067505, -0.6274971961975098, 0.001317962072789669, 0.7786178588867188, -0.30568253993988037, -0.9201269149780273, -0.24479560554027557], "cam_t_m2c": [89.82526397705078, -122.31147003173828, 927.25341796875], "obj_id": 3}, {"cam_R_m2c": [0.9532341957092285, -0.29702726006507874, 0.05585082247853279, 0.269783616065979, 0.7529350519180298, -0.6002545952796936, 0.1362399458885193, 0.587250828742981, 0.7978565692901611], "cam_t_m2c": [27.704994201660156, -326.9707946777344, 1084.335205078125], "obj_id": 1}, {"cam_R_m2c": [0.5659284591674805, -0.8190301656723022, 0.09441684931516647, -0.010471802204847336, 0.10737033933401108, 0.9941639304161072, -0.8243878483772278, -0.5636143684387207, 0.05218721181154251], "cam_t_m2c": [-99.36222839355469, -370.4111328125, 1268.8463134765625], "obj_id": 3}, {"cam_R_m2c": [-0.7090701460838318, 0.26117298007011414, -0.6549873352050781, 0.4871903657913208, -0.49006524682044983, -0.7228290438652039, -0.509769856929779, -0.8316398859024048, 0.22024951875209808], "cam_t_m2c": [-115.34559631347656, -380.5082092285156, 972.0252075195312], "obj_id": 3}, {"cam_R_m2c": [0.3201161026954651, 0.42634668946266174, -0.8460226058959961, -0.6737624406814575, 0.7302467823028564, 0.11306562274694443, 0.6660104393959045, 0.53382408618927, 0.5210201144218445], "cam_t_m2c": [-95.32661437988281, -347.48193359375, 948.5040283203125], "obj_id": 1}, {"cam_R_m2c": [-0.29782015085220337, 0.1411817818880081