{
  "0": [{"cam_R_m2c": [-0.24636662006378174, 0.028230072930455208, -0.9687654376029968, -0.06968731433153152, 0.9964723587036133, 0.04675963893532753, 0.9666680097579956, 0.07903068512678146, -0.2435302585363388], "cam_t_m2c": [-215.9878387451172, 163.8366241455078, 1049.11474609375], "obj_id": 3}, {"cam_R_m2c": [0.3917766213417053, -0.9170839190483093, -0.07394573092460632, -0.919059157371521, -0.39383232593536377, 0.015033022500574589, -0.04290877655148506, 0.062070924788713455, -0.9971486926078796], "cam_t_m2c": [-247.4477081298828, 232.37879943847656, 838.0946044921875], "obj_id": 0}, {"cam_R_m2c": [-0.9339408278465271, 0.356687992811203, -0.02298635058104992, -0.25336143374443054, -0.6152878403663635, 0.7464777231216431, 0.2521164119243622, 0.7029898166656494, 0.665013313293457], "cam_t_m2c": [-184.5101776123047, 95.20855712890625, 1240.85791015625], "obj_id": 0}, {"cam_R_m2c": [-0.3986821472644806, -0.8397125601768494, 0.36869385838508606, -0.6847294569015503, 0.5399968028068542, 0.48943740129470825, -0.6100802421569824, -0.05732554942369461, -0.7902629971504211], "cam_t_m2c": [-138.75596618652344, 162.93994140625, 1251.63525390625], "obj_id": 3}],
  "1": [{"cam_R_m2c": [0.2615003287792206, -0.6273792386054993, -0.7334935665130615, -0.28993505239486694, 0.6737827062606812, -0.679672360420227, 0.9206275939941406, 0.3903999924659729, -0.00570483785122633], "cam_t_m2c": [-260.458251953125, -51.402835845947266, 941.1784057617188], "obj_id": 3}, {"cam_R_m2c": [0.8526618480682373, -0.28574317693710327, -0.43739983439445496, -0.310384064912796, -0.9504788517951965, 0.015866950154304504, -0.42027315497398376, 0.12223279476165771, -0.899127185344696], "cam_t_m2c": [-407.25323486328125, -16.80677604675293, 775.520751953125], "obj_id": 0}, {"cam_R_m2c": [-0.3189672827720642, 0.9095547795295715, -0.26640230417251587, -0.8821037411689758, -0.1820976585149765, 0.43443480134010315, 0.3466310203075409, 0.3735649287700653, 0.8604046702384949], "cam_t_m2c": [-120.98654174804688, -84.79708099365234, 1089.1173095703125], "obj_id": 0}, {"cam_R_m2c": [-0.019465195015072823, -0.9155526757240295, -0.4017268121242523, -0.7128552794456482, -0.26902487874031067, 0.6476597189903259, -0.701041042804718, 0.29897984862327576, -0.6474199891090393], "cam_t_m2c": [-133.95872497558594, -6.600655555725098, 1111.399658203125], "obj_id": 3}]
}