{
  "0": [{"cam_R_m2c": [0.20103278756141663, 0.6482123136520386, 0.7344430088996887, 0.3793317377567291, 0.6397408246994019, -0.6684601902961731, -0.9031572937965393, 0.41297993063926697, -0.11727861315011978], "cam_t_m2c": [141.86605834960938, 72.9339370727539, 910.6458129882812], "obj_id": 1}, {"cam_R_m2c": [-0.5233101844787598, -0.16499173641204834, 0.8360168933868408, -0.31864869594573975, -0.8720143437385559, -0.37155622243881226, 0.7903224229812622, -0.4608348309993744, 0.40375953912734985], "cam_t_m2c": [-416.35833740234375, 166.06459045410156, 638.5343627929688], "obj_id": 0}, {"cam_R_m2c": [-0.5987962484359741, 0.45560336112976074, -0.6586870551109314, -0.6978509426116943, -0.7003671526908875, 0.149966299533844, -0.3929976224899292, 0.5494646430015564, 0.7373204827308655], "cam_t_m2c": [-98.78553771972656, -136.5015869140625, 784.3252563476562], "obj_id": 3}],
  "1": [{"cam_R_m2c": [0.3907960057258606, 0.7105857729911804, -0.5851036310195923, 0.04422621428966522, -0.6494132876396179, -0.759148359298706, -0.919414222240448, 0.27079519629478455, -0.2852145731449127], "cam_t_m2c": [88.3651351928711, -137.91571044921875, 1374.7425537109375], "obj_id": 1}, {"cam_R_m2c": [-0.36678245663642883, -0.8890036344528198, -0.27412253618240356, 0.2995837330818176, 0.16609208285808563, -0.9395014643669128, 0.8807498216629028, -0.42671531438827515, 0.2054113745689392], "cam_t_m2c": [117.35201263427734, 473.1007995605469, 1232.7884521484375], "obj_id": 0}, {"cam_R_m2c": [-0.7627537250518799, -0.6412500143051147, 0.08369721472263336, 0.5907989740371704, -0.6383388638496399, 0.4934370517730713, -0.262989342212677, 0.42581915855407715, 0.8657451272010803], "cam_t_m2c": [-147.29531860351562, 100.31940460205078, 1300.9761962890625], "obj_id": 3}],
  "2": [{"cam_R_m2c": [0.408153235912323, 0.7275593876838684, 0.5514238476753235, -0.055978722870349884, 0.6228358149528503, -0.7803473472595215, -0.9111955165863037, 0.2876332700252533, 0.2949402928352356], "cam_t_m2c": [149.32809448242188, 55.04337692260742, 1396.3836669921875], "obj_id": 1}, {"cam_R_m2c": [-0.6868458986282349, -0.3164174556732178, 0.6543108224868774, 0.12368691712617874, -0.9380141496658325, -0.32377609610557556, 0.7162012457847595, -0.14145459234714508, 0.6834079027175903], "cam_t_m2c": [-326.2336730957031, 130.94139099121094, 993.3787841796875], "obj_id": 0}, {"cam_R_m2c": [-0.6974652409553528, 0.18751980364322662, -0.6916490793228149, -0.6760159134864807, -0.49242907762527466, 0.5481933355331421, -0.237791046500206, 0.849911630153656, 0.47021862864494324], "cam_t_m2c": [-117.30320739746094, -140.17449951171875, 1304.02001953125], "obj_id": 3}],
  "3": [{"cam_R_m2c": [0.6741968393325806, -0.34361323714256287, -0.6537495851516724, 0.5322818160057068, -0.3875707983970642, 0.752638578414917, -0.5119909048080444, -0.8554055690765381, -0.0783999115228653], "cam_t_m2c": [-113.38794708251953, -110.45384216308594, 739.83251953125], "obj_id": 1}, {"cam_R_m2c": [-0.38659051060676575, -0.008124888874590397, -0.9222156405448914, -0.6150076389312744, 0.7474300861358643, 0.25122472643852234, 0.6872504949569702, 0.6642907857894897, -0.293946236371994], "cam_t_m2c": [430.8006591796875, -191.27130126953125, 1042.5860595703125], "obj_id": 0}, {"cam_R_m2c": [0.27462485432624817, -0.9601206183433533, -0.05243450030684471, 0.42510199546813965, 0.17014366388320923, -0.8890102505683899, 0.8624786138534546, 0.22185423970222473, 0.45487499237060547], "cam_t_m2c": [9.253613471984863, -1.6662133932113647, 1041.2584228515625], "obj_id": 3}],
  "4": [{"cam_R_m2c": [0.3097798228263855, -0.8071854710578918, 0.5024819374084473, 0.06217959523200989, 0.5445458292961121, 0.8364230990409851, -0.9487729668617249, -0.2278628647327423, 0.21887977421283722], "cam_t_m2c": [-92.06684112548828, 128.021728515625, 1172.7977294921875], "obj_id": 1}, {"cam_R_m2c": [-0.24891623854637146, 0.9656027555465698, -0.07517939805984497, -0.3972701132297516, -0.031000396236777306, 0.9171779155731201, 0.883298933506012, 0.2581670582294464, 0.39132168889045715], "cam_t_m2c": [73.6842269897461, -455.5696716308594, 1010.6866455078125], "obj_id": 0}, {"cam_R_m2c": [0.8319118618965149, 0.10346062481403351, -0.5451775193214417, -0.483841210603714, 0.6162860989570618, -0.6213606595993042, 0.271698921918869, 0.78069669008255, 0.562754213809967], "cam_t_m2c": [168.832763671875, -77.48985290527344, 1258.9931640625], "obj_id": 3}],
  "5": [{"cam_R_m2c": [-0.3134107291698456, 0.8334142565727234, 0.45518621802330017, 0.49636855721473694, 0.5524154305458069, -0.6696681976318359, -0.8095629215240479, 0.016058973968029022, -0.5868135690689087], "cam_t_m2c": [144.8734588623047, 61.977108001708984, 1011.4498291015625], "obj_id": 1}, {"cam_R_m2c": [-0.0062031215056777, -0.4942791163921356, 0.8692810535430908, -0.40940630435943604, -0.7918472290039062, -0.4531712830066681, 0.9123310446739197, -0.3587002754211426, -0.1974489837884903], "cam_t_m2c": [-454.0518493652344, 211.612060546875, 1126.47265625], "obj_id": 0}, {"cam_R_m2c": [-0.7882370352745056, 0.6080055832862854, -0.0949300155043602, -0.6144144535064697, -0.786191463470459, 0.06631647795438766, -0.03431238234043121, 0.11059947311878204, 0.993272602558136], "cam_t_m2c": [-145.95281982421875, -119.16171264648438, 1029.9456787109375], "obj_id": 3}],
  "6": [{"cam_R_m2c": [-0.1710079312324524, -0.06419827044010162, 0.9831758737564087, 0.7665601372718811, 0.6182344555854797, 0.17369984090328217, -0.6189844012260437, 0.7833675146102905, -0.056511133909225464], "cam_t_m2c": [36.47712326049805, 121.08594512939453, 1539.18701171875], "obj_id": 1}, {"cam_R_m2c": [-0.08494914323091507, 0.5530604720115662, 0.8287990689277649, -0.9002814888954163, -0.399023175239563, 0.17399369180202484, 0.4269390106201172, -0.7313718199729919, 0.5318067073822021], "cam_t_m2c": [-398.6978759765625, -82.30076599121094, 1134.7257080078125], "obj_id": 0}, {"cam_R_m2c": [0.14072515070438385, 0.8357892632484436, -0.5307097434997559, -0.6267845630645752, -0.339732825756073, -0.7012295722961426, -0.7663795948028564, 0.43132132291793823, 0.4760507345199585], "cam_t_m2c": [39.229557037353516, -104.77995300292969, 1280.903564453125], "obj_id": 3}],
  "7": [{"cam_R_m2c": [-0.6259630918502808, 0.4855756461620331, 0.6102346181869507, 0.29271045327186584, 0.8715804219245911, -0.39327865839004517, -0.722835123538971, -0.06755590438842773, -0.6877102255821228], "cam_t_m2c": [166.4434814453125, 323.4540710449219, 981.8416748046875], "obj_id": 1}, {"cam_R_m2c": [0.3219860792160034, -0.1331946700811386, 0.9373282194137573, -0.36012691259384155, -0.9328614473342896, -0.00885100569576025, 0.8755761981010437, -0.33470723032951355, -0.3483354449272156], "cam_t_m2c": [-409.3033752441406, 184.65679931640625, 1190.6077880859375], "obj_id": 0}, {"cam_R_m2c": [-0.4207679033279419, 0.9061918258666992, 0.04208163172006607, -0.9063261151313782, -0.4219231903553009, 0.02353501133620739, 0.039082445204257965, -0.028236903250217438, 0.9988369345664978], "cam_t_m2c": [-4.478143692016602, 29.85062026977539, 1029.9674072265625], "obj_id": 3}],
  "8": [{"cam_R_m2c": [0.7450371384620667, 0.6648147106170654, 0.05423116683959961, -0.41337791085243225, 0.5240051746368408, -0.7446725964546204, -0.5234867334365845, 0.532390832901001, 0.6652230620384216], "cam_t_m2c": [121.70413208007812, 33.75522232055664, 1345.9332275390625], "obj_id": 1}, {"cam_R_m2c": [-0.8586030602455139, -0.5015988945960999, 0.1058260127902031, 0.4715883135795593, -0.8537768721580505, -0.22061114013195038, 0.20101012289524078, -0.1395111083984375, 0.9696038365364075], "cam_t_m2c": [-52.02630615234375, 74.57201385498047, 743.8667602539062], "obj_id": 0}, {"cam_R_m2c": [-0.681267261505127, -0.41005808115005493, -0.6064049005508423, -0.5641179084777832, -0.2338446080684662, 0.7918884754180908, -0.4665248990058899, 0.8815717697143555, -0.07201023399829865], "cam_t_m2c": [-117.18328094482422, -123.52093505859375, 1156.3802490234375], "obj_id": 3}],
  "9": [{"cam_R_m2c": [0.06883611530065536, -0.9460874199867249, -0.3165122866630554, 0.14231400191783905, -0.30470773577690125, 0.9417535066604614, -0.9874250292778015, -0.10987070202827454, 0.11366671323776245], "cam_t_m2c": [-350.1385803222656, -90.63082885742188, 1091.2015380859375], "obj_id": 1}, {"cam_R_m2c": [0.22387024760246277, 0.6493737697601318, -0.72677081823349, -0.31637775897979736, 0.7537348866462708, 0.5760111808776855, 0.9218390583992004, 0.10098236054182053, 0.3741862177848816], "cam_t_m2c": [193.144287109375, -354.93121337890625, 919.966796875], "obj_id": 0}, {"cam_R_m2c": [0.9180299639701843, -0.3500298857688904, 0.18627943098545074, 0.3680230677127838, 0.5773313641548157, -0.7288672924041748, 0.1475803554058075, 0.7376771569252014, 0.6588265895843506], "cam_t_m2c": [-20.443138122558594, -8.984825134277344, 1139.8648681640625], "obj_id": 3}],
  "10": [{"cam_R_m2c": [0.16812218725681305, -0.876933217048645, 0.45024755597114563, -0.13623414933681488, 0.4316965937614441, 0.8916715979576111, -0.9763067960739136, -0.21124878525733948, -0.046890437602996826], "cam_t_m2c": [-308.1080017089844, 168.85330200195312, 352.5518798828125], "obj_id": 1}, {"cam_R_m2c": [-0.08687318116426468, 0.9909025430679321, -0.10278588533401489, -0.20092332363128662, 0.08362824469804764, 0.9760306477546692, 0.9757471680641174, 0.10544312000274658, 0.19183054566383362], "cam_t_m2c": [-114.35725402832031, -425.7783508300781, 295.927734375], "obj_id": 0}, {"cam_R_m2c": [0.9019124507904053, 0.15467698872089386, -0.403272807598114, -0.36133745312690735, 0.7817093729972839, -0.5082967877388, 0.23662029206752777, 0.6041567921638489, 0.7609240412712097], "cam_t_m2c": [-20.25291633605957, 3.466599941253662, 439.26971435546875], "obj_id": 3}],
  "11": [{"cam_R_m2c": [0.03607594594359398, 0.4985297918319702, 0.8661215901374817, 0.7470664978027344, 0.5622009634971619, -0.3547135889530182, -0.6637697219848633, 0.65984708070755, -0.3521529734134674], "cam_t_m2c": [199.04673767089844, 226.69625854492188, 1270.3170166015625], "obj_id": 1}, {"cam_R_m2c": [-0.37060654163360596, 0.022302966564893723, 0.9285221099853516, -0.7303040623664856, -0.6246689558029175, -0.2764861583709717, 0.5738524794578552, -0.7805711030960083, 0.24779437482357025], "cam_t_m2c": [-382.9494323730469, 275.9254455566406, 1039.6888427734375], "obj_id": 0}, {"cam_R_m2c": [-0.43501922488212585, 0.6522980332374573, -0.6206977963447571, -0.6088027954101562, -0.7209725379943848, -0.3309953212738037, -0.6634135842323303, 0.23389321565628052, 0.7107576131820679], "cam_t_m2c": [8.986577033996582, 31.858280181884766, 1061.3944091796875], "obj_id": 3}],
  "12": [{"cam_R_m2c": [-0.16983948647975922, -0.48543116450309753, 0.8576193451881409, -0.018922148272395134, 0.8717088103294373, 0.48965877294540405, -0.985289990901947, 0.06693544238805771, -0.15723596513271332], "cam_t_m2c": [-169.45091247558594, 327.5818786621094, 1048.3271484375], "obj_id": 1}, {"cam_R_m2c": [0.03837616741657257, 0.8485705852508545, 0.5276885628700256, -0.300381064414978, -0.49385738372802734, 0.8160122632980347, 0.9530469179153442, -0.18982304632663727, 0.23594222962856293], "cam_t_m2c": [-374.4807434082031, -252.67225646972656, 923.4263305664062], "obj_id": 0}, {"cam_R_m2c": [0.5514734983444214, 0.7110500931739807, -0.4362163543701172, -0.832783579826355, 0.4388939142227173, -0.33740708231925964, -0.04846065863966942, 0.5493448972702026, 0.834189236164093], "cam_t_m2c": [-19.837984085083008, 18.851869583129883, 1042.408935546875], "obj_id": 3}],
  "13": [{"cam_R_m2c": [-0.4767853319644928, 0.7903839945793152, 0.3846672475337982, 0.21717332303524017, 0.5299612879753113, -0.8197419047355652, -0.8517696261405945, -0.30730146169662476, -0.4243280589580536], "cam_t_m2c": [131.04544067382812, 44.71751403808594, 805.2201538085938], "obj_id": 1}, {"cam_R_m2c": [0.17528913915157318, -0.5023918747901917, 0.8466852903366089, -0.102512888610363, -0.8646396994590759, -0.49182218313217163, 0.9791653156280518, -0.0005850941524840891, -0.20306351780891418], "cam_t_m2c": [-446.57464599609375, 222.5978546142578, 975.6492309570312], "obj_id": 0}, {"cam_R_m2c": [-0.7455469965934753, 0.662261426448822, 0.07462744414806366, -0.5945351719856262, -0.7115091681480408, 0.3745430111885071, 0.3011435270309448, 0.2348708212375641, 0.9242014288902283], "cam_t_m2c": [-141.26739501953125, -121.61212921142578, 931.3687744140625], "obj_id": 3}],
  "14": [{"cam_R_m2c": [-0.23202866315841675, -0.9704338908195496, -0.06648924946784973, 0.7816787362098694, -0.22670619189739227, 0.5810186862945557, -0.578913688659668, 0.082839734852314, 0.8111698627471924], "cam_t_m2c": [-365.4530029296875, -45.526729583740234, 1070.694091796875], "obj_id": 1}, {"cam_R_m2c": [0.4459044635295868, 0.7834272980690002, -0.4329097270965576, -0.8389504551887512, 0.5343849062919617, 0.10293126851320267, 0.3119795620441437, 0.31729233264923096, 0.8955413699150085], "cam_t_m2c": [27.027889251708984, -75.36284637451172, 581.407958984375], "obj_id": 0}, {"cam_R_m2c": [0.9695737957954407, 0.03444598615169525, 0.24236363172531128, 0.24472379684448242, -0.11181459575891495, -0.9631239175796509, -0.0060759615153074265, 0.9931318759918213, -0.11684225499629974], "cam_t_m2c": [-28.777748107910156, 8.559569358825684, 1032.513916015625], "obj_id": 3}],
  "15": [{"cam_R_m2c": [0.16017410159111023, 0.07588257640600204, 0.984167754650116, -0.15544690191745758, 0.9865389466285706, -0.05076628550887108, -0.9747720956802368, -0.1448543667793274, 0.16981369256973267], "cam_t_m2c": [65.42121124267578, 146.1647186279297, 1181.2054443359375], "obj_id": 1}, {"cam_R_m2c": [-0.426829069852829, 0.4510906934738159, 0.7837945818901062, -0.05426233634352684, -0.8779241442680359, 0.4757148027420044, 0.902702808380127, 0.16051840782165527, 0.3992009460926056], "cam_t_m2c": [-372.34918212890625, -266.794677734375, 1001.8899536132812], "obj_id": 0}, {"cam_R_m2c": [-0.008835259824991226, 0.6249120235443115, -0.7806451320648193, -0.9824795722961426, 0.13991189002990723, 0.12312007695436478, 0.18616074323654175, 0.7680557370185852, 0.612727165222168], "cam_t_m2c": [15.67435073852539, -188.12649536132812, 1240.43310546875], "obj_id": 3}],
  "16": [{"cam_R_m2c": [-0.24563442170619965, 0.2201905995607376, -0.9440232515335083, -0.3980371952056885, -0.9108836650848389, -0.1088917925953865, -0.8838722705841064, 0.3490087687969208, 0.31138837337493896], "cam_t_m2c": [55.91699981689453, -350.21240234375, 857.2125854492188], "obj_id": 1}, {"cam_R_m2c": [0.43239742517471313, -0.6880313158035278, -0.5827909111976624, 0.6002214550971985, 0.7019593119621277, -0.3833892345428467, 0.6728792786598206, -0.18402716517448425, 0.7164965867996216], "cam_t_m2c": [338.8141784667969, 8.214056015014648, 426.13018798828125], "obj_id": 0}, {"cam_R_m2c": [-0.28081801533699036, -0.5160185098648071, 0.8092377781867981, 0.9121280908584595, 0.1188376322388649, 0.3923006057739258, -0.29860222339630127, 0.8482937812805176, 0.43730342388153076], "cam_t_m2c": [4.657287120819092, -30.70160484313965, 743.1135864257812], "obj_id": 3}],
  "17": [{"cam_R_m2c": [-0.6616852283477783, -0.5027530193328857, 0.5562479496002197, 0.6637030243873596, -0.04760760813951492, 0.7464794516563416, -0.34881314635276794, 0.863118052482605, 0.3651801347732544], "cam_t_m2c": [-198.4036865234375, 18.843767166137695, 1776.7752685546875], "obj_id": 1}, {"cam_R_m2c": [0.5839663147926331, 0.6822414398193359, 0.4399203658103943, -0.8105628490447998, 0.4604087471961975, 0.3619551956653595, 0.04439769685268402, -0.5679527521133423, 0.8218628168106079], "cam_t_m2c": [-346.60552978515625, -178.0332489013672, 1199.18701171875], "obj_id": 0}, {"cam_R_m2c": [0.5616353154182434, 0.8169506192207336, 0.13098636269569397, 0.08178424835205078, 0.10272268950939178, -0.9913422465324402, -0.8233329057693481, 0.5674854516983032, -0.009121005423367023], "cam_t_m2c": [-29.49833106994629, 9.644246101379395, 1478.24609375], "obj_id": 3}],
  "18": [{"cam_R_m2c": [0.884507954120636, 0.13578744232654572, 0.4463266134262085, 0.4664900004863739, -0.24569009244441986, -0.8497194051742554, -0.005723120179027319, 0.9597904682159424, -0.2806583046913147], "cam_t_m2c": [63.16694641113281, -70.97037506103516, 1365.4644775390625], "obj_id": 1}, {"cam_R_m2c": [-0.9785791635513306, 0.16030877828598022, 0.12916599214076996, -0.1608520895242691, -0.203792005777359, -0.9657097458839417, -0.12848876416683197, -0.9658001065254211, 0.2252126783132553], "cam_t_m2c": [-40.3027458190918, 483.83087158203125, 1090.1064453125], "obj_id": 0}, {"cam_R_m2c": [-0.1295485496520996, -0.2532990872859955, -0.9586744904518127, 0.1690041720867157, -0.9583157896995544, 0.23036624491214752, -0.9770644307136536, -0.13217638432979584, 0.16695693135261536], "cam_t_m2c": [-5.23101282119751, 25.318273544311523, 1043.3099365234375], "obj_id": 3}],
  "19": [{"cam_R_m2c": [0.2224772721529007, 0.13923399150371552, -0.9649443626403809, 0.07779589295387268, -0.9891287684440613, -0.12478702515363693, -0.9718289375305176, -0.047306448221206665, -0.23089037835597992], "cam_t_m2c": [42.44474411010742, -362.3299255371094, 858.0220336914062], "obj_id": 1}, {"cam_R_m2c": [0.015502717345952988, -0.6051326394081116, -0.7959736585617065, 0.1741553246974945, 0.7855352163314819, -0.5938049554824829, 0.9845961332321167, -0.12941749393939972, 0.11756502091884613], "cam_t_m2c": [447.17022705078125, 115.89138793945312, 815.196044921875], "obj_id": 0}, {"cam_R_m2c": [-0.21575255692005157, -0.8512625694274902, 0.47833317518234253, 0.9746237397193909, -0.2176705002784729, 0.05222892761230469, 0.05965853109955788, 0.4774634540081024, 0.8766239285469055], "cam_t_m2c": [12.912301063537598, -22.235836029052734, 892.6215209960938], "obj_id": 3}],
  "20": [{"cam_R_m2c": [0.536680281162262, 0.8242967128753662, 0.18030311167240143, -0.7050708532333374, 0.5554775595664978, -0.4408172369003296, -0.46351853013038635, 0.10945143550634384, 0.8793014287948608], "cam_t_m2c": [324.57757568359375, 171.28285217285156, 1679.9632568359375], "obj_id": 1}, {"cam_R_m2c": [-0.7306195497512817, -0.5838392972946167, 0.3540153503417969, 0.658694326877594, -0.7392110228538513, 0.14031732082366943, 0.17976926267147064, 0.3357064425945282, 0.9246535301208496], "cam_t_m2c": [-5.9782304763793945, 15.997739791870117, 1169.12890625], "obj_id": 0}, {"cam_R_m2c": [-0.8247931003570557, -0.16547290980815887, -0.5406801700592041, -0.5645773410797119, 0.18837079405784607, 0.8035974502563477, -0.031125251203775406, 0.96805739402771, -0.24878919124603271], "cam_t_m2c": [31.22145652770996, 0.5818055868148804, 1629.5985107421875], "obj_id": 3}],
  "21": [{"cam_R_m2c": [-0.09552270919084549, 0.2490742802619934, 0.963762104511261, 0.8959943056106567, 0.4433175027370453, -0.025764817371964455, -0.43366992473602295, 0.8610641956329346, -0.2655160129070282], "cam_t_m2c": [104.52039337158203, 193.98768615722656, 1575.167236328125], "obj_id": 1}, {"cam_R_m2c": [-0.2186492681503296, 0.27910345792770386, 0.9350366592407227, -0.9313665628433228, -0.3455621004104614, -0.1146426647901535, 0.2911161482334137, -0.8959285020828247, 0.3355046510696411], "cam_t_m2c": [-439.2563171386719, 172.815673828125, 1261.812744140625], "obj_id": 0}, {"cam_R_m2c": [-0.17526300251483917, 0.7940973043441772, -0.5819726586341858, -0.470834344625473, -0.5867472887039185, -0.6588189005851746, -0.8646373152732849, 0.1585460901260376, 0.4767235517501831], "cam_t_m2c": [-0.5231867432594299, 30.565248489379883, 1292.3382568359375], "obj_id": 3}],
  "22": [{"cam_R_m2c": [-0.016059724614024162, -0.4512527287006378, -0.8922516703605652, -0.0551893450319767, -0.8906063437461853, 0.45141392946243286, -0.998346745967865, 0.05649236589670181, -0.010601462796330452], "cam_t_m2c": [-181.4372100830078, -321.0204162597656, 1342.801025390625], "obj_id": 1}, {"cam_R_m2c": [0.3484489917755127, -0.07516224682331085, -0.9343092441558838, 0.12566334009170532, 0.991527259349823, -0.03289934620261192, 0.928865909576416, -0.10594470053911209, 0.35494181513786316], "cam_t_m2c": [395.841552734375, -159.82347106933594, 1155.4586181640625], "obj_id": 0}, {"cam_R_m2c": [0.3853832185268402, -0.6815009713172913, 0.6221223473548889, 0.9223620295524597, 0.30421683192253113, -0.23811842501163483, -0.026982156559824944, 0.6655888557434082, 0.7458307147026062], "cam_t_m2c": [-7.25462532043457, -25.44513702392578, 1337.4193115234375], "obj_id": 3}],
  "23": [{"cam_R_m2c": [-0.7081533074378967, -0.13321396708488464, -0.6933776140213013, 0.01758784055709839, -0.9850632548332214, 0.17129094898700714, -0.7058393359184265, 0.10910527408123016, 0.6999191641807556], "cam_t_m2c": [-71.48974609375, -142.8233642578125, 929.7666015625], "obj_id": 1}, {"cam_R_m2c": [0.877500593662262, -0.28071701526641846, -0.3888324201107025, 0.1516895294189453, 0.9316225647926331, -0.3302570581436157, 0.4549538195133209, 0.2308189570903778, 0.8600811958312988], "cam_t_m2c": [169.47586059570312, 193.17457580566406, 457.14263916015625], "obj_id": 0}, {"cam_R_m2c": [0.10368121415376663, -0.04713436961174011, 0.9934930205345154, 0.9939393997192383, 0.041597504168748856, -0.10175421088933945, -0.03653063252568245, 0.9980219602584839, 0.05116166174411774], "cam_t_m2c": [-0.9768372178077698, 190.213623046875, 886.7830810546875], "obj_id": 3}],
  "24": [{"cam_R_m2c": [0.030641324818134308, -0.40703344345092773, -0.9128991365432739, 0.7587010860443115, -0.585126519203186, 0.28635546565055847, -0.6507177948951721, -0.701391875743866, 0.2908877432346344], "cam_t_m2c": [-163.90985107421875, -182.90744018554688, 517.22265625], "obj_id": 1}, {"cam_R_m2c": [0.3004264831542969, -0.12118460983037949, -0.9460751414299011, -0.6618931889533997, 0.6876994967460632, -0.29827314615249634, 0.6867614984512329, 0.7158098220825195, 0.12639185786247253], "cam_t_m2c": [412.0113525390625, 61.7412223815918, 570.0823364257812], "obj_id": 0}, {"cam_R_m2c": [0.33839017152786255, -0.7247704267501831, 0.6001667380332947, 0.5812730193138123, -0.3405664265155792, -0.7390105128288269, 0.7400094270706177, 0.5989346504211426, 0.3060449957847595], "cam_t_m2c": [-5.045464992523193, 0.5886722207069397, 759.7603149414062], "obj_id": 3}],
  "25": [{"cam_R_m2c": [0.26020145416259766, -0.6731564998626709, 0.6922106146812439, 0.35510319471359253, 0.7333770394325256, 0.5797067284584045, -0.897884726524353, 0.09496565908193588, 0.4298657774925232], "cam_t_m2c": [-486.9896545410156, 141.78067016601562, 669.49365234375], "obj_id": 0}, {"cam_R_m2c": [0.3954640030860901, -0.21961162984371185, -0.8918402194976807, 0.09981109201908112, 0.9755193591117859, -0.19595853984355927, 0.9130421280860901, -0.01152100320905447, 0.4077024459838867], "cam_t_m2c": [-263.9494323730469, -290.0001220703125, 762.7002563476562], "obj_id": 1}, {"cam_R_m2c": [0.7536956667900085, 0.6177441477775574, -0.22435477375984192, -0.5627656579017639, 0.7829267978668213, 0.26517999172210693, 0.33946675062179565, -0.07360584288835526, 0.9377337098121643], "cam_t_m2c": [-24.719696044921875, -30.677785873413086, 849.7371215820312], "obj_id": 3}],
  "26": [{"cam_R_m2c": [0.3732379674911499, 0.6561315059661865, 0.6558847427368164, -0.016935691237449646, 0.711674690246582, -0.7023049592971802, -0.9275810122489929, 0.2510189712047577, 0.2767360806465149], "cam_t_m2c": [85.76710510253906, 532.1613159179688, 1278.0791015625], "obj_id": 0}, {"cam_R_m2c": [0.15082424879074097, 0.9454767107963562, -0.288661926984787, -0.5726445317268372, 0.3215816915035248, 0.7540977001190186, 0.805810272693634, 0.05156450346112251, 0.5899244546890259], "cam_t_m2c": [-318.1395568847656, 248.50579833984375, 1313.688720703125], "obj_id": 1}, {"cam_R_m2c": [-0.47377222776412964, 0.8451295495033264, 0.24758006632328033, -0.8663942217826843, -0.49768105149269104, 0.04092183709144592, 0.15780016779899597, -0.19511431455612183, 0.9680028557777405], "cam_t_m2c": [-33.40827560424805, 25.683359146118164, 1350.193359375], "obj_id": 3}],
  "27": [{"cam_R_m2c": [0.4580775499343872, -0.47336986660957336, 0.7523868083953857, -0.0863397940993309, 0.8187171816825867, 0.567668616771698, -0.8847091794013977, -0.3249971568584442, 0.3341653048992157], "cam_t_m2c": [-404.1685485839844, 134.23480224609375, 1014.6456909179688], "obj_id": 0}, {"cam_R_m2c": [0.2829541563987732, 0.03650754317641258, -0.9584383368492126, 0.3828495442867279, 0.9119170308113098, 0.14776192605495453, 0.8794106245040894, -0.4087475538253784, 0.24405381083488464], "cam_t_m2c": [-311.3968811035156, -256.94549560546875, 1303.159912109375], "obj_id": 1}, {"cam_R_m2c": [0.5358112454414368, 0.7990195155143738, -0.2728995084762573, -0.5064456462860107, 0.5627513527870178, 0.6533174514770508, 0.6755879521369934, -0.21184609830379486, 0.706188440322876], "cam_t_m2c": [-28.355587005615234, -32.31576919555664, 1341.67578125], "obj_id": 3}],
  "28": [{"cam_R_m2c": [0.625615119934082, 0.6647223234176636, -0.4083503484725952, 0.5659160017967224, -0.746981143951416, -0.3489389717578888, -0.5369774699211121, -0.012790486216545105, -0.8434997200965881], "cam_t_m2c": [438.51727294921875, -229.363525390625, 1113.4833984375], "obj_id": 0}, {"cam_R_m2c": [-0.7926778793334961, 0.5937103629112244, 0.138454407453537, -0.5589085221290588, -0.6170213222503662, -0.5539907813072205, -0.24348075687885284, -0.5165196061134338, 0.8209291100502014], "cam_t_m2c": [44.942569732666016, 30.914899826049805, 1262.5577392578125], "obj_id": 1}, {"cam_R_m2c": [-0.9225971102714539, 0.06941617280244827, -0.3794678747653961, 0.36946719884872437, -0.12389682978391647, -0.9209470748901367, -0.11094348877668381, -0.9898641109466553, 0.08865989744663239], "cam_t_m2c": [-26.816776275634766, -77.20835876464844, 923.1253662109375], "obj_id": 3}],
  "29": [{"cam_R_m2c": [0.3186008334159851, -0.5408176183700562, -0.7784663438796997, 0.12505942583084106, -0.7901012897491455, 0.6000834107398987, -0.9396029114723206, -0.28854161500930786, -0.18409258127212524], "cam_t_m2c": [77.21226501464844, -518.0415649414062, 1061.89013671875], "obj_id": 0}, {"cam_R_m2c": [-0.7233048677444458, -0.6888546943664551, -0.04805030673742294, 0.4332813024520874, -0.3985651433467865, -0.808339536190033, 0.5376774072647095, -0.6054953932762146, 0.5867522954940796], "cam_t_m2c": [311.3318786621094, -212.11373901367188, 1372.478759765625], "obj_id": 1}, {"cam_R_m2c": [0.11609004437923431, -0.5825778841972351, -0.8044414520263672, 0.8677663207054138, 0.45352524518966675, -0.20321524143218994, 0.48322322964668274, -0.6744759678840637, 0.5581912398338318], "cam_t_m2c": [40.3087043762207, -20.106863021850586, 1225.0537109375], "obj_id": 3}],
  "30": [{"cam_R_m2c": [-0.265033096075058, -0.411113440990448, 0.8722058534622192, 0.4696418344974518, 0.7349711656570435, 0.48913586139678955, -0.8421365022659302, 0.5392615795135498, -0.0017156037501990795], "cam_t_m2c": [-496.276611328125, 185.60140991210938, 1190.3280029296875], "obj_id": 0}, {"cam_R_m2c": [0.8558691740036011, -0.07751791924238205, -0.5113500952720642, -0.04399384185671806, 0.9742085933685303, -0.22131918370723724, 0.5153178572654724, 0.21191652119159698, 0.8303847908973694], "cam_t_m2c": [-309.2844543457031, -262.3512878417969, 1094.19580078125], "obj_id": 1}, {"cam_R_m2c": [0.7445451021194458, 0.545208215713501, 0.38522791862487793, -0.6304407119750977, 0.764022171497345, 0.1371665745973587, -0.21953831613063812, -0.344990074634552, 0.9125704169273376], "cam_t_m2c": [-36.66736602783203, -26.245737075805664, 1049.603759765625], "obj_id": 3}],
  "31": [{"cam_R_m2c": [-0.1142226979136467, -0.9934021234512329, 0.01025701779872179, 0.7907119989395142, -0.08465689420700073, 0.6063064932823181, -0.6014378666877747, 0.07736437767744064, 0.7951648831367493], "cam_t_m2c": [-425.4090881347656, -158.50747680664062, 1130.7236328125], "obj_id": 0}, {"cam_R_m2c": [0.19086655974388123, -0.8865059614181519, -0.42151784896850586, -0.09082058072090149, 0.41162192821502686, -0.906818151473999, 0.9774056077003479, 0.21136382222175598, -0.0019481671042740345], "cam_t_m2c": [49.38789749145508, -295.1225280761719, 1158.5311279296875], "obj_id": 1}, {"cam_R_m2c": [0.9207219481468201, -0.19930139183998108, -0.3354848325252533, 0.03819796070456505, 0.9016372561454773, -0.4308029115200043, 0.38834524154663086, 0.3838348686695099, 0.8377701044082642], "cam_t_m2c": [7.14944314956665, -23.81503677368164, 1396.56982421875], "obj_id": 3}],
  "32": [{"cam_R_m2c": [-0.5764960646629333, -0.6084102392196655, 0.5454254746437073, 0.2907083034515381, 0.47111672163009644, 0.8327890634536743, -0.7636364698410034, 0.6386594772338867, -0.09472692012786865], "cam_t_m2c": [-424.6788635253906, 142.76356506347656, 1258.0284423828125], "obj_id": 0}, {"cam_R_m2c": [0.8524740934371948, -0.4744422733783722, -0.21952782571315765, 0.35482749342918396, 0.8335105776786804, -0.42350631952285767, 0.38390806317329407, 0.2831336557865143, 0.8788912892341614], "cam_t_m2c": [-73.33895111083984, -171.52474975585938, 1107.52197265625], "obj_id": 1}, {"cam_R_m2c": [0.9042444825172424, 0.0803958922624588, 0.4193785488605499, -0.22365079820156097, 0.9258021712303162, 0.3047468960285187, -0.36376115679740906, -0.3693600594997406, 0.8551321029663086], "cam_t_m2c": [52.703529357910156, 162.50587463378906, 1039.7637939453125], "obj_id": 3}],
  "33": [{"cam_R_m2c": [0.7633466124534607, 0.03643267601728439, 0.644960880279541, -0.4433712065219879, 0.7556669116020203, 0.48206788301467896, -0.4698126018047333, -0.6539419889450073, 0.5929890275001526], "cam_t_m2c": [-124.69622802734375, 99.6213150024414, 718.7951049804688], "obj_id": 0}, {"cam_R_m2c": [-0.05705491080880165, 0.5236139297485352, -0.8500430583953857, 0.5708730816841125, 0.7156149744987488, 0.40249118208885193, 0.8190535306930542, -0.4623025953769684, -0.3397464156150818], "cam_t_m2c": [-314.02490234375, -194.0030059814453, 1069.235595703125], "obj_id": 1}, {"cam_R_m2c": [-0.047669827938079834, 0.9389987587928772, -0.3406004309654236, -0.36953696608543396, 0.3002157509326935, 0.8793820738792419, 0.9279923439025879, 0.16778455674648285, 0.33268365263938904], "cam_t_m2c": [-26.614368438720703, -29.178653717041016, 1218.5086669921875], "obj_id": 3}],
  "34": [{"cam_R_m2c": [0.026327919214963913, 0.2509448230266571, -0.9676432013511658, 0.18998868763446808, -0.9515919089317322, -0.24161291122436523, -0.981433093547821, -0.17748014628887177, -0.0727299228310585], "cam_t_m2c": [247.9557342529297, -384.4387512207031, 971.5614624023438], "obj_id": 0}, {"cam_R_m2c": [-0.7452793717384338, -0.17108272016048431, 0.6444293856620789, -0.20326359570026398, -0.8622137904167175, -0.4639733135700226, 0.6350137591362, -0.4767788052558899, 0.6078153252601624], "cam_t_m2c": [182.36599731445312, 30.830265045166016, 1232.5570068359375], "obj_id": 1}, {"cam_R_m2c": [-0.5612764954566956, -0.7710657715797424, -0.30070921778678894, 0.7037541270256042, -0.2534414231777191, -0.663699746131897, 0.4355440139770508, -0.5841445326805115, 0.6848916411399841], "cam_t_m2c": [-148.15040588378906, -75.6641616821289, 1125.4488525390625], "obj_id": 3}],
  "35": [{"cam_R_m2c": [0.17240506410598755, -0.5019175410270691, -0.8475584387779236, -0.07250936329364777, -0.8645748496055603, 0.4972451329231262, -0.9823537468910217, -0.0242716483771801, -0.18545079231262207], "cam_t_m2c": [-98.11542510986328, -474.7499694824219, 358.1768493652344], "obj_id": 0}, {"cam_R_m2c": [-0.6778421998023987, -0.7273457050323486, 0.107229083776474, 0.5013695359230042, -0.5639814138412476, -0.6561657190322876, 0.5377345681190491, -0.3910154700279236, 0.7469594478607178], "cam_t_m2c": [148.2147979736328, -93.61293029785156, 555.4710693359375], "obj_id": 1}, {"cam_R_m2c": [0.10307066887617111, -0.7092137932777405, -0.6974181532859802, 0.9597331881523132, 0.255115807056427, -0.11759275197982788, 0.2613207995891571, -0.6572150588035583, 0.7069510817527771], "cam_t_m2c": [-156.904296875, 44.21913528442383, 414.1947937011719], "obj_id": 3}],
  "36": [{"cam_R_m2c": [0.099610835313797, -0.8244796395301819, 0.557055652141571, 0.7386618256568909, 0.4363694190979004, 0.5137708783149719, -0.6666756868362427, 0.3602985739707947, 0.6524786949157715], "cam_t_m2c": [-443.0133361816406, 224.19189453125, 1055.5931396484375], "obj_id": 0}, {"cam_R_m2c": [0.4231221675872803, -0.4534083902835846, -0.7844669818878174, -0.17774079740047455, 0.8074312806129456, -0.5625503659248352, 0.8884682655334473, 0.377459317445755, 0.2610529065132141], "cam_t_m2c": [-114.38421630859375, -136.54188537597656, 973.4764404296875], "obj_id": 1}, {"cam_R_m2c": [0.8914505839347839, 0.3989078402519226, -0.21491482853889465, -0.4399210810661316, 0.8755779266357422, -0.19958136975765228, 0.10856010764837265, 0.27246248722076416, 0.9560224413871765], "cam_t_m2c": [59.1943359375, 117.59365844726562, 1166.7120361328125], "obj_id": 3}],
  "37": [{"cam_R_m2c": [-0.13101275265216827, -0.8986569046974182, -0.4186304211616516, 0.03184298425912857, -0.4258667528629303, 0.9042254090309143, -0.9908691644668579, 0.10513461381196976, 0.08440989255905151], "cam_t_m2c": [-375.8769836425781, -313.2379455566406, 976.9693603515625], "obj_id": 0}, {"cam_R_m2c": [-0.11831675469875336, -0.9850704073905945, -0.12504912912845612, 0.678312361240387, 0.011791303753852844, -0.7346789240837097, 0.7251850366592407, -0.17174725234508514, 0.6667904257774353], "cam_t_m2c": [82.48970031738281, -174.41273498535156, 1101.454833984375], "obj_id": 1}, {"cam_R_m2c": [0.6953607201576233, -0.5579221248626709, -0.4529860317707062, 0.6769800782203674, 0.7200637459754944, 0.15233555436134338, 0.2411874383687973, -0.41259071230888367, 0.8784062266349792], "cam_t_m2c": [-109.02784729003906, 131.5838165283203, 1059.723876953125], "obj_id": 3}],
  "38": [{"cam_R_m2c": [-0.4333116412162781, -0.3533213436603546, 0.8290989398956299, 0.1815999150276184, 0.8668504357337952, 0.4643186628818512, -0.8827584385871887, 0.3517589867115021, -0.311453253030777], "cam_t_m2c": [-475.5485534667969, 217.91357421875, 1050.9854736328125], "obj_id": 0}, {"cam_R_m2c": [0.9331880211830139, -0.0957210510969162, -0.3464067578315735, 0.12030714750289917, 0.9914703369140625, 0.050127796828746796, 0.3386537432670593, -0.08845386654138565, 0.9367441534996033], "cam_t_m2c": [-282.4961242675781, -237.49313354492188, 1065.288818359375], "obj_id": 1}, {"cam_R_m2c": [0.730437159538269, 0.432366281747818, 0.5286974310874939, -0.667131245136261, 0.6174744963645935, 0.4167267084121704, -0.14627860486507416, -0.6571032404899597, 0.7394713759422302], "cam_t_m2c": [-35.769065856933594, -27.167781829833984, 901.1445922851562], "obj_id": 3}],
  "39": [{"cam_R_m2c": [-0.2597673833370209, -0.016952211037278175, -0.9655223488807678, 0.8086948990821838, -0.5502586960792542, -0.2079128623008728, -0.5277625918388367, -0.8348219990730286, 0.15664854645729065], "cam_t_m2c": [88.65788269042969, -127.33448791503906, 575.2705078125], "obj_id": 0}, {"cam_R_m2c": [-0.5203022360801697, -0.4869042634963989, 0.7015766501426697, -0.6431496739387512, -0.31706008315086365, -0.6970160007476807, 0.5618220567703247, -0.8138778209686279, -0.14818523824214935], "cam_t_m2c": [196.837890625, -8.47327709197998, 1043.2857666015625], "obj_id": 1}, {"cam_R_m2c": [-0.2344345897436142, -0.9542446136474609, -0.1856270581483841, 0.16805227100849152, 0.14829275012016296, -0.9745601415634155, 0.9574959874153137, -0.2596657872200012, 0.12559814751148224], "cam_t_m2c": [-164.74667358398438, -40.91102981567383, 1027.2000732421875], "obj_id": 3}],
  "40": [{"cam_R_m2c": [0.21984301507472992, -0.965388298034668, 0.14033640921115875, -0.13342952728271484, 0.11274757981300354, 0.9846239686012268, -0.9663671255111694, -0.2351876199245453, -0.10402446240186691], "cam_t_m2c": [-422.9114990234375, -304.6959228515625, 1052.327392578125], "obj_id": 0}, {"cam_R_m2c": [0.05442485213279724, -0.7091203331947327, -0.7029838562011719, 0.7918995022773743, 0.4594931900501251, -0.4021955132484436, 0.6082212924957275, -0.5348030924797058, 0.5865598320960999], "cam_t_m2c": [-27.999279022216797, -387.4375915527344, 1338.8011474609375], "obj_id": 1}, {"cam_R_m2c": [0.8371906876564026, 0.08413676917552948, -0.540400505065918, 0.27721819281578064, 0.7864723205566406, 0.5519161224365234, 0.4714464843273163, -0.6118679046630859, 0.6351030468940735], "cam_t_m2c": [2.223576784133911, -45.475860595703125, 1219.6243896484375], "obj_id": 3}],
  "41": [{"cam_R_m2c": [-0.29534614086151123, 0.9418638348579407, 0.16019664704799652, -0.42644694447517395, 0.02008223906159401, -0.9042895436286926, -0.854934811592102, -0.33539387583732605, 0.3957238495349884], "cam_t_m2c": [377.8205261230469, 77.14729309082031, 442.36859130859375], "obj_id": 0}, {"cam_R_m2c": [0.21714214980602264, 0.7889980673789978, 0.5747445225715637, -0.36631500720977783, -0.4798973798751831, 0.7971899509429932, 0.90479975938797, -0.3836410641670227, 0.1848159283399582], "cam_t_m2c": [-9.589576721191406, 194.77999877929688, 726.876953125], "obj_id": 1}, {"cam_R_m2c": [-0.6904069781303406, 0.12958908081054688, 0.7117195129394531, -0.19498473405838013, -0.9807491302490234, -0.010572189465165138, 0.696648359298706, -0.14607354998588562, 0.7023841738700867], "cam_t_m2c": [59.746498107910156, -156.48153686523438, 789.0234375], "obj_id": 3}],
  "42": [{"cam_R_m2c": [-0.6400709748268127, -0.6278926730155945, -0.44278639554977417, 0.7052128314971924, -0.7088526487350464, -0.014234645292162895, -0.30493250489234924, -0.32136985659599304, 0.8965141177177429], "cam_t_m2c": [-310.0581970214844, -239.1346893310547, 1160.8741455078125], "obj_id": 0}, {"cam_R_m2c": [0.18231359124183655, -0.9140161275863647, 0.3624032735824585, -0.41553083062171936, -0.40567177534103394, -0.8141034245491028, 0.8911204934120178, -0.002167672151699662, -0.45376133918762207], "cam_t_m2c": [116.77299499511719, -39.94135284423828, 1312.5521240234375], "obj_id": 1}, {"cam_R_m2c": [0.6037787199020386, -0.7944668531417847, 0.06537331640720367, 0.40690699219703674, 0.23664157092571259, -0.8822853565216064, 0.6854764223098755, 0.5593059659004211, 0.4661532938480377], "cam_t_m2c": [-111.9339370727539, -17.760730743408203, 1594.0755615234375], "obj_id": 3}],
  "43": [{"cam_R_m2c": [0.9124348759651184, -0.3841511607170105, 0.1410336196422577, 0.4092182219028473, 0.855057418346405, -0.31846070289611816, 0.0017451959429308772, 0.3482881784439087, 0.9373858571052551], "cam_t_m2c": [-109.86046600341797, 505.1614685058594, 1054.8404541015625], "obj_id": 0}, {"cam_R_m2c": [-0.4788331389427185, -0.00020631188817787915, -0.8779059052467346, -0.6003563404083252, 0.7296991348266602, 0.3272787928581238, 0.6405396461486816, 0.6837683320045471, -0.3495279848575592], "cam_t_m2c": [-105.12361907958984, 58.133724212646484, 842.6781005859375], "obj_id": 1}, {"cam_R_m2c": [0.10770004987716675, 0.5223538279533386, -0.8459001779556274, -0.9941304326057434, 0.06536788493394852, -0.08620724827051163, 0.01026400551199913, 0.8502196669578552, 0.5263279676437378], "cam_t_m2c": [-0.1466553658246994, 8.769904136657715, 1187.057861328125], "obj_id": 3}],
  "44": [{"cam_R_m2c": [0.16854076087474823, 0.9835923314094543, 0.06434299796819687, 0.04550998657941818, 0.05744226276874542, -0.9973109364509583, -0.9846434593200684, 0.17101572453975677, -0.03508185222744942], "cam_t_m2c": [466.8795166015625, 164.80191040039062, 876.4844970703125], "obj_id": 0}, {"cam_R_m2c": [-0.17282214760780334, 0.924799919128418, 0.3389357030391693, -0.7592636346817017, -0.3442867398262024, 0.5522546172142029, 0.6274161338806152, -0.16189968585968018, 0.7616675496101379], "cam_t_m2c": [-17.313249588012695, 186.04995727539062, 976.3591918945312], "obj_id": 1}, {"cam_R_m2c": [-0.9033024907112122, 0.28863680362701416, 0.3173852264881134, -0.40552449226379395, -0.8158815503120422, -0.41217371821403503, 0.1399802416563034, -0.5010250210762024, 0.8540371656417847], "cam_t_m2c": [55.05583572387695, -160.7263641357422, 895.3453979492188], "obj_id": 3}],
