{
  "0": [{"cam_R_m2c": [-0.4501105546951294, 0.8926452994346619, 0.02418169006705284, 0.230551615357399, 0.1423308104276657, -0.9625943303108215, -0.8626971244812012, -0.4276987910270691, -0.26986536383628845], "cam_t_m2c": [-329.8342590332031, -90.5628662109375, 511.18951416015625], "obj_id": 1}, {"cam_R_m2c": [-0.4501105546951294, 0.8926452994346619, 0.02418169006705284, 0.230551615357399, 0.1423308104276657, -0.9625943303108215, -0.8626971244812012, -0.4276987910270691, -0.26986536383628845], "cam_t_m2c": [-329.8342590332031, -90.5628662109375, 511.18951416015625], "obj_id": 2}, {"cam_R_m2c": [-0.4501105546951294, 0.8926452994346619, 0.02418169006705284, 0.230551615357399, 0.1423308104276657, -0.9625943303108215, -0.8626971244812012, -0.4276987910270691, -0.26986536383628845], "cam_t_m2c": [-329.8342590332031, -90.5628662109375, 511.18951416015625], "obj_id": 3}, {"cam_R_m2c": [-0.4501105546951294, 0.8926452994346619, 0.02418169006705284, 0.230551615357399, 0.1423308104276657, -0.9625943303108215, -0.8626971244812012, -0.4276987910270691, -0.26986536383628845], "cam_t_m2c": [-329.8342590332031, -90.5628662109375, 511.18951416015625], "obj_id": 0}, {"cam_R_m2c": [-0.4501105546951294, 0.8926452994346619, 0.02418169006705284, 0.230551615357399, 0.1423308104276657, -0.9625943303108215, -0.8626971244812012, -0.4276987910270691, -0.26986536383628845], "cam_t_m2c": [-329.8342590332031, -90.5628662109375, 511.18951416015625], "obj_id": 2}, {"cam_R_m2c": [-0.4501105546951294, 0.8926452994346619, 0.02418169006705284, 0.230551615357399, 0.1423308104276657, -0.9625943303108215, -0.8626971244812012, -0.4276987910270691, -0.26986536383628845], "cam_t_m2c": [-329.8342590332031, -90.5628662109375, 511.18951416015625], "obj_id": 3}, {"cam_R_m2c": [-0.4501105546951294, 0.8926452994346619, 0.02418169006705284, 0.230551615357399, 0.1423308104276657, -0.9625943303108215, -0.8626971244812012, -0.4276987910270691, -0.26986536383628845], "cam_t_m2c": [-329.8342590332031, -90.5628662109375, 511.18951416015625], "obj_id": 0}, {"cam_R_m2c": [-0.4501105546951294, 0.8926452994346619, 0.02418169006705284, 0.230551615357399, 0.1423308104276657, -0.9625943303108215, -0.8626971244812012, -0.4276987910270691, -0.26986536383628845], "cam_t_m2c": [-329.8342590332031, -90.5628662109375, 511.18951416015625], "obj_id": 1}, {"cam_R_m2c": [-0.4501105546951294, 0.8926452994346619, 0.02418169006705284, 0.230551615357399, 0.1423308104276657, -0.9625943303108215, -0.8626971244812012, -0.4276987910270691, -0.26986536383628845], "cam_t_m2c": [-329.8342590332031, -90.5628662109375, 511.18951416015625], "obj_id": 0}, {"cam_R_m2c": [-0.4501105546951294, 0.8926452994346619, 0.02418169006705284, 0.230551615357399, 0.1423308104276657, -0.9625943303108215, -0.8626971244812012, -0.4276987910270691, -0.26986536383628845], "cam_t_m2c": [-329.8342590332031, -90.5628662109375, 511.18951416015625], "obj_id": 3}, {"cam_R_m2c": [-0.4501105546951294, 0.8926452994346619, 0.02418169006705284, 0.230551615357399, 0.1423308104276657, -0.9625943303108215, -0.8626971244812012, -0.4276987910270691, -0.26986536383628845], "cam_t_m2c": [-329.8342590332031, -90.5628662109375, 511.18951416015625], "obj_id": 3}, {"cam_R_m2c": [-0.4501105546951294, 0.8926452994346619, 0.02418169006705284, 0.230551615357399, 0.1423308104276657, -0.9625943303108215, -0.8626971244812012, -0.4276987910270691, -0.26986536383628845], "cam_t_m2c": [-329.8342590332031, -90.5628662109375, 511.18951416015625], "obj_id": 2}, {"cam_R_m2c": [-0.4501105546951294, 0.8926452994346619, 0.02418169006705284, 0.230551615357399, 0.1423308104276657, -0.9625943303108215, -0.8626971244812012, -0.4276987910270691, -0.26986536383628845], "cam_t_m2c": [-329.8342590332031, -90.5628662109375, 511.18951416015625], "obj_id": 3}, {"cam_R_m2c": [-0.4501105546951294, 0.8926452994346619, 0.02418169006705284, 0.230551615357399, 0.1423308104276657, -0.9625943303108215, -0.8626971244812012, -0.4276987910270691, -0.26986536383628845], "cam_t_m2c": [-329.8342590332031, -90.5628662109375, 511.18951416015625], "obj_id": 0}, {"cam_R_m2c": [-0.4501105546951294, 0.8926452994346619, 0.02418169006705284, 0.230551615357399, 0.1423308104276657, -0.9625943303108215, -0.8626971244812012, -0.4276987910270691, -0.26986536383628845], "cam_t_m2c": [-329.8342590332031, -90.5628662109375, 511.18951416015625], "obj_id": 2}, {"cam_R_m2c": [-0.4501105546951294, 0.8926452994346619, 0.02418169006705284, 0.230551615357399, 0.1423308104276657, -0.9625943303108215, -0.8626971244812012, -0.4276987910270691, -0.26986536383628845], "cam_t_m2c": [-329.8342590332031, -90.5628662109375, 511.18951416015625], "obj_id": 0}, {"cam_R_m2c": [-0.4501105546951294, 0.8926452994346619, 0.02418169006705284, 0.230551615357399, 0.1423308104276657, -0.9625943303108215, -0.8626971244812012, -0.4276987910270691, -0.26986536383628845], "cam_t_m2c": [-329.8342590332031, -90.5628662109375, 511.18951416015625], "obj_id": 3}, {"cam_R_m2c": [-0.4501105546951294, 0.8926452994346619, 0.02418169006705284, 0.230551615357399, 0.1423308104276657, -0.9625943303108215, -0.8626971244812012, -0.4276987910270691, -0.26986536383628845], "cam_t_m2c": [-329.8342590332031, -90.5628662109375, 511.18951416015625], "obj_id": 3}, {"cam_R_m2c": [-0.4501105546951294, 0.8926452994346619, 0.02418169006705284, 0.230551615357399, 0.1423308104276657, -0.9625943303108215, -0.8626971244812012, -0.4276987910270691, -0.26986536383628845], "cam_t_m2c": [-329.8342590332031, -90.5628662109375, 511.18951416015625], "obj_id": 1}, {"cam_R_m2c": [-0.4501105546951294, 0.8926452994346619, 0.02418169006705284, 0.230551615357399, 0.1423308104276657, -0.9625943303108215, -0.8626971244812012, -0.4276987910270691, -0.26986536383628845], "cam_t_m2c": [-329.8342590332031, -90.5628662109375, 511.18951416015625], "obj_id": 2}, {"cam_R_m2c": [-0.4501105546951294, 0.8926452994346619, 0.02418169006705284, 0.230551615357399, 0.1423308104276657, -0.9625943303108215, -0.8626971244812012, -0.4276987910270691, -0.26986536383628845], "cam_t_m2c": [-329.8342590332031, -90.5628662109375, 511.18951416015625], "obj_id": 0}, {"cam_R_m2c": [-0.4501105546951294, 0.8926452994346619, 0.02418169006705284, 0.230551615357399, 0.1423308104276657, -0.9625943303108215, -0.8626971244812012, -0.4276987910270691, -0.26986536383628845], "cam_t_m2c": [-329.8342590332031, -90.5628662109375, 511.18951416015625], "obj_id": 2}, {"cam_R_m2c": [-0.4501105546951294, 0.8926452994346619, 0.02418169006705284, 0.230551615357399, 0.1423308104276657, -0.9625943303108215, -0.8626971244812012, -0.4276987910270691, -0.26986536383628845], "cam_t_m2c": [-329.8342590332031, -90.5628662109375, 511.18951416015625], "obj_id": 1}, {"cam_R_m2c": [-0.4501105546951294, 0.8926452994346619, 0.02418169006705284, 0.230551615357399, 0.1423308104276657, -0.9625943303108215, -0.8626971244812012, -0.4276987910270691, -0.26986536383628845], "cam_t_m2c": [-329.8342590332031, -90.5628662109375, 511.18951416015625], "obj_id": 2}, {"cam_R_m2c": [-0.4777996838092804, -0.6150069236755371, -0.6272749304771423, 0.726202666759491, 0.12526795268058777, -0.6759715676307678, 0.4943046271800995, -0.7785078287124634, 0.3867667317390442], "cam_t_m2c": [-480.1220397949219, -109.47728729248047, 435.6773681640625], "obj_id": 1}, {"cam_R_m2c": [0.6977882385253906, 0.6815261244773865, 0.22048519551753998, -0.48546478152275085, 0.22362084686756134, 0.845173180103302, 0.5267024636268616, -0.6967896819114685, 0.48689693212509155], "cam_t_m2c": [-322.17767333984375, -94.97100067138672, 380.03662109375], "obj_id": 3}, {"cam_R_m2c": [0.7337201833724976, -0.4910867512226105, 0.46956202387809753, 0.31732597947120667, -0.3634171187877655, -0.8759179711341858, 0.6007985472679138, 0.7916829586029053, -0.11081191897392273], "cam_t_m2c": [-508.8536682128906, -224.28855895996094, 764.5531616210938], "obj_id": 1}, {"cam_R_m2c": [-0.3349945545196533, 0.9234606623649597, 0.18708030879497528, 0.5594468712806702, 0.3547089695930481, -0.749133288860321, -0.7581541538238525, -0.14629408717155457, -0.6354527473449707], "cam_t_m2c": [-282.7097473144531, -62.5265007019043, 329.4750061035156], "obj_id": 3}, {"cam_R_m2c": [0.37093815207481384, 0.6826885342597961, 0.6295563578605652, 0.695972204208374, -0.6531975865364075, 0.2982542812824249, 0.614839494228363, 0.32751986384391785, -0.7174281477928162], "cam_t_m2c": [-370.75830078125, -19.330081939697266, 122.5799331665039], "obj_id": 0}, {"cam_R_m2c": [0.7660617828369141, -0.5795083045959473, 0.2780637741088867, -0.6180815100669861, -0.7828815579414368, 0.07121466100215912, 0.17642153799533844, -0.22642090916633606, -0.9579190015792847], "cam_t_m2c": [-571.7119140625, 7580.9169921875, 2675.2431640625], "obj_id": 1}, {"cam_R_m2c": [0.06438121199607849, -0.7675161361694336, -0.6377883553504944, 0.8172966241836548, 0.4072771668434143, -0.40761682391166687, 0.5726091265678406, -0.49501943588256836, 0.6535093784332275], "cam_t_m2c": [-329.4588928222656, -105.19589233398438, 598.6270751953125], "obj_id": 2}, {"cam_R_m2c": [0.01689305528998375, 0.3735416829586029, -0.9274595379829407, -0.9592430591583252, -0.25563469529151917, -0.1204308420419693, -0.28207680583000183, 0.8916935920715332, 0.3539988696575165], "cam_t_m2c": [-211.95773315429688, -154.48330688476562, 776.337890625], "obj_id": 0}]
}