{
  "0": [{"cam_R_m2c": [-0.5047319531440735, 0.17526601254940033, 0.8452972173690796, 0.6231571435928345, 0.7516053318977356, 0.21625113487243652, -0.5974284410476685, 0.6359018683433533, -0.4885775148868561], "cam_t_m2c": [-20.14609146118164, 128.8227081298828, 760.3737182617188], "obj_id": 3}, {"cam_R_m2c": [0.9416805505752563, 0.07060199975967407, -0.32901838421821594, 0.16011522710323334, -0.9539770483970642, 0.25355634093284607, -0.29597440361976624, -0.2914499342441559, -0.9096460938453674], "cam_t_m2c": [28.640487670898438, -132.79708862304688, 896.9876708984375], "obj_id": 3}, {"cam_R_m2c": [-0.1604468673467636, -0.9551501274108887, -0.2488873153924942, 0.9757995009422302, -0.19144681096076965, 0.10565613210201263, -0.14856618642807007, -0.225911945104599, 0.9627522230148315], "cam_t_m2c": [-172.9127655029297, -101.14666748046875, 945.2841796875], "obj_id": 3}, {"cam_R_m2c": [0.9155153632164001, -0.13804106414318085, 0.3778574466705322, -0.2364899218082428, -0.9445196390151978, 0.22793692350387573, 0.32542911171913147, -0.2980392277240753, -0.897367537021637], "cam_t_m2c": [80.0014419555664, -111.39214324951172, 876.1654052734375], "obj_id": 3}, {"cam_R_m2c": [-0.6679904460906982, 0.36792463064193726, 0.646854043006897, -0.7057247161865234, -0.5889713168144226, -0.3937833309173584, 0.23609590530395508, -0.7195444107055664, 0.6530808210372925], "cam_t_m2c": [180.81512451171875, -7.332190990447998, 861.8585205078125], "obj_id": 3}, {"cam_R_m2c": [-0.9542149305343628, 0.037157703191041946, 0.29680490493774414, -0.26809486746788025, -0.546306848526001, -0.7935199737548828, 0.13266117870807648, -0.8367604613304138, 0.5312559604644775], "cam_t_m2c": [7.262670993804932, 197.9480438232422, 914.7599487304688], "obj_id": 3}, {"cam_R_m2c": [-0.3104378581047058, 0.44334349036216736, -0.84087735414505, 0.8741911053657532, 0.48060521483421326, -0.06934291869401932, 0.37338727712631226, -0.7566142082214355, -0.5367649793624878], "cam_t_m2c": [-103.03533172607422, 232.1221160888672, 882.4635620117188], "obj_id": 3}, {"cam_R_m2c": [0.18549057841300964, -0.9613795280456543, -0.20332865417003632, 0.7014942765235901, 0.27445128560066223, -0.6577097773551941, 0.6881125569343567, -0.02063496969640255, 0.7253104448318481], "cam_t_m2c": [-35.00424575805664, 168.87513732910156, 761.70654296875], "obj_id": 3}, {"cam_R_m2c": [0.8104137182235718, 0.5796427130699158, -0.08511105179786682, -0.10810735076665878, 0.29073891043663025, 0.9506753087043762, 0.5757972002029419, -0.7612391710281372, 0.2982824742794037], "cam_t_m2c": [56.68032455444336, -190.4652557373047, 857.5712280273438], "obj_id": 3}, {"cam_R_m2c": [0.8708549737930298, -0.4035707414150238, -0.280610591173172, -0.4432462155818939, -0.3979843258857727, -0.8032068610191345, 0.21247215569019318, 0.8238562345504761, -0.5254678130149841], "cam_t_m2c": [-5.239563941955566, -77.37259674072266, 923.8544921875], "obj_id": 3}, {"cam_R_m2c": [-0.2595885097980499, -0.10907764732837677, 0.9595394134521484, -0.581308901309967, -0.7757790088653564, -0.2454524040222168, 0.7711638808250427, -0.6215054392814636, 0.13797546923160553], "cam_t_m2c": [-196.23138427734375, 88.2224349975586, 1057.153564453125], "obj_id": 3}, {"cam_R_m2c": [-0.6887784004211426, 0.12388736754655838, -0.7143082022666931, 0.7163845896720886, 0.2675105631351471, -0.6443843841552734, 0.11125390231609344, -0.9555574059486389, -0.27300646901130676], "cam_t_m2c": [-44.377532958984375, 167.59693908691406, 924.206298828125], "obj_id": 3}, {"cam_R_m2c": [0.6652247309684753, -0.4666799306869507, -0.5828257203102112, 0.6287137269973755, -0.07092967629432678, 0.7743951082229614, -0.4027343988418579, -0.8815773129463196, 0.24622398614883423], "cam_t_m2c": [-102.18180084228516, 284.0194396972656, 789.3875122070312], "obj_id": 3}, {"cam_R_m2c": [0.07240557670593262, -0.8413054347038269, -0.5356888175010681, 0.3229787349700928, 0.5279354453086853, -0.785473644733429, 0.9436323642730713, -0.11614347994327545, 0.30994927883148193], "cam_t_m2c": [-76.96495056152344, 273.7663269042969, 715.9103393554688], "obj_id": 3}, {"cam_R_m2c": [-0.3979947566986084, -0.8461535573005676, -0.3544350862503052, 0.05933894217014313, -0.40928784012794495, 0.910473644733429, -0.9154664874076843, 0.34133198857307434, 0.21310436725616455], "cam_t_m2c": [-132.8805694580078, 134.38482666015625, 1003.1021728515625], "obj_id": 3}, {"cam_R_m2c": [0.9986586570739746, -0.02493397332727909, -0.04537796974182129, -0.036749377846717834, -0.9587175846099854, -0.281974732875824, -0.03647391498088837, 0.2832641303539276, -0.9583479762077332], "cam_t_m2c": [21.57741928100586, 140.46475219726562, 1045.6820068359375], "obj_id": 3}, {"cam_R_m2c": [0.8131364583969116, -0.547023594379425, -0.19893260300159454, 0.33121854066848755, 0.15380075573921204, 0.9309346675872803, -0.4786473512649536, -0.8228670954704285, 0.3062454164028168], "cam_t_m2c": [-123.96988677978516, -138.12722778320312, 816.802734375], "obj_id": 3}, {"cam_R_m2c": [0.37515372037887573, -0.3389400243759155, -0.8627742528915405, -0.7089966535568237, 0.4946700930595398, -0.5026184916496277, 0.5971461534500122, 0.8002632260322571, -0.054730020463466644], "cam_t_m2c": [-138.50534057617188, 184.2462158203125, 821.644287109375], "obj_id": 3}, {"cam_R_m2c": [-0.17213349044322968, -0.6647791862487793, -0.7269378900527954, -0.6886422634124756, -0.44646257162094116, 0.571351945400238, -0.7043734192848206, 0.5989489555358887, -0.3809438943862915], "cam_t_m2c": [-84.21465301513672, -216.93641662597656, 909.3353881835938], "obj_id": 3}, {"cam_R_m2c": [-0.05270769074559212, -0.605376660823822, 0.7941919565200806, -0.3073803782463074, -0.7468491792678833, -0.5896891951560974, 0.9501258134841919, -0.275200217962265, -0.14671610295772552], "cam_t_m2c": [-226.3446502685547, -79.64995574951172, 710.6349487304688], "obj_id": 3}, {"cam_R_m2c": [-0.06572858989238739, -0.9574449062347412, -0.28103166818618774, 0.17689508199691772, 0.2659991979598999, -0.9476035237312317, 0.9820324182510376, -0.11199785023927689, 0.15188363194465637], "cam_t_m2c": [163.07749938964844, -132.8262939453125, 791.9282836914062], "obj_id": 3}, {"cam_R_m2c": [-0.4601559340953827, -0.862504243850708, 0.2105773389339447, -0.773735523223877, 0.2732560336589813, -0.5715456604957581, 0.4354190528392792, -0.42593133449554443, -0.7930905222892761], "cam_t_m2c": [-237.9034423828125, -2.6637017726898193, 845.150634765625], "obj_id": 3}, {"cam_R_m2c": [0.8198316097259521, -0.14749479293823242, 0.5532824397087097, -0.5726044178009033, -0.2121860831975937, 0.791897177696228, 0.0005981512367725372, -0.9660342931747437, -0.25841301679611206], "cam_t_m2c": [-129.64230346679688, 258.44964599609375, 876.17626953125], "obj_id": 3}, {"cam_R_m2c": [-0.14615173637866974, -0.0777505412697792, -0.9862020015716553, -0.9833001494407654, 0.12070056796073914, 0.13620594143867493, 0.10844499617815018, 0.989639401435852, -0.09409265220165253], "cam_t_m2c": [-37.4980583190918, 255.59710693359375, 884.942138671875], "obj_id": 3}, {"cam_R_m2c": [-0.7114118337631226, -0.2685861885547638, -0.6494262218475342, -0.6601511240005493, 0.5723248720169067, 0.48646146059036255, 0.2410259246826172, 0.7747939825057983, -0.5844660997390747], "cam_t_m2c": [-119.90603637695312, 220.87974548339844, 825.0953979492188], "obj_id": 3}, {"cam_R_m2c": [-0.5077993273735046, -0.8551339507102966, -0.10433357954025269, -0.8493796586990356, 0.5172079205513, -0.1051194816827774, 0.14385339617729187, 0.03523920848965645, -0.9889712333679199], "cam_t_m2c": [59.149776458740234, -72.2628173828125, 689.9304809570312], "obj_id": 3}, {"cam_R_m2c": [0.5074498653411865, -0.48377397656440735, 0.7130619883537292, -0.7748202085494995, -0.618259072303772, 0.13194473087787628, 0.3770255744457245, -0.6194501519203186, -0.6885733008384705], "cam_t_m2c": [-198.66488647460938, 54.19028091430664, 810.1560668945312], "obj_id": 3}, {"cam_R_m2c": [-0.3273048400878906, -0.8282431364059448, 0.45484596490859985, -0.5337520837783813, -0.23515552282333374, -0.8122872710227966, 0.7797309160232544, -0.5086405277252197, -0.3651089668273926], "cam_t_m2c": [-222.55433654785156, -180.0417938232422, 898.5029296875], "obj_id": 3}, {"cam_R_m2c": [0.7951869368553162, -0.6003262400627136, -0.08535870909690857, -0.19132296741008759, -0.3819830119609833, 0.9041483998298645, -0.5753896236419678, -0.7026359438896179, -0.4186041057109833], "cam_t_m2c": [-243.13040161132812, 120.5240478515625, 1073.8994140625], "obj_id": 1}, {"cam_R_m2c": [-0.9069768190383911, -0.42108216881752014, 0.00910294707864523, 0.38844916224479675, -0.8446506857872009, -0.36833736300468445, 0.16278910636901855, -0.33053743839263916, 0.9296476244926453], "cam_t_m2c": [102.01470947265625, -5.597416400909424, 833.05322265625], "obj_id": 1}, {"cam_R_m2c": [-0.10182739049196243, 0.9945830702781677, -0.02087247744202614, 0.525678277015686, 0.0716092512011528, 0.8476640582084656, 0.8445670008659363, 0.07534324377775192, -0.5301224589347839], "cam_t_m2c": [-91.14453125, 164.72531127929688, 747.3895263671875], "obj_id": 1}, {"cam_R_m2c": [-0.06299859285354614, -0.2658705413341522, -0.9619480967521667, -0.8673596978187561, -0.4621996581554413, 0.18455016613006592, -0.4936784505844116, 0.8459813594818115, -0.20148751139640808], "cam_t_m2c": [121.84402465820312, -88.82477569580078, 751.4024047851562], "obj_id": 1}, {"cam_R_m2c": [-0.5951350927352905, -0.4087545573711395, 0.6919060945510864, 0.1883128583431244, 0.7660751938819885, 0.6145462393760681, -0.7812506556510925, 0.49603283405303955, -0.3789444863796234], "cam_t_m2c": [-257.8345031738281, 156.83709716796875, 1030.8369140625], "obj_id": 1}, {"cam_R_m2c": [-0.7701281905174255, 0.6004982590675354, -0.21518485248088837, -0.5231367945671082, -0.7875944972038269, -0.32561159133911133, -0.36500757932662964, -0.13819153606891632, 0.9206913709640503], "cam_t_m2c": [-340.1577453613281, -17.014406204223633, 834.2086791992188], "obj_id": 1}, {"cam_R_m2c": [0.8325312733650208, -0.5136499404907227, -0.20749790966510773, 0.37740299105644226, 0.2516883611679077, 0.8911901116371155, -0.4055350124835968, -0.8202539682388306, 0.4033914804458618], "cam_t_m2c": [-272.9347839355469, 212.99134826660156, 936.8977661132812], "obj_id": 1}, {"cam_R_m2c": [0.9993582963943481, 0.01997106522321701, 0.02973538264632225, -0.02457933872938156, 0.9862017631530762, 0.16371287405490875, -0.02605556510388851, -0.16433869302272797, 0.9860597848892212], "cam_t_m2c": [5.006308555603027, -80.33767700195312, 938.9525756835938], "obj_id": 1}, {"cam_R_m2c": [0.6352598071098328, 0.5525097846984863, -0.5396090149879456, -0.7374932169914246, 0.6413801908493042, -0.2115067094564438, 0.229234978556633, 0.5323197245597839, 0.8149153590202332], "cam_t_m2c": [-113.72158813476562, -110.13461303710938, 898.0211181640625], "obj_id": 1}, {"cam_R_m2c": [-0.33927851915359497, 0.0636516660451889, -0.938529908657074, -0.5656810402870178, 0.7833494544029236, 0.2576209306716919, 0.7515949010848999, 0.6183138489723206, -0.2297670841217041], "cam_t_m2c": [-265.8295593261719, 111.18125915527344, 1045.0078125], "obj_id": 1}, {"cam_R_m2c": [0.5426636338233948, 0.025143465027213097, 0.8395736813545227, 0.24523936212062836, -0.9607419371604919, -0.12973976135253906, 0.803351640701294, 0.2763015627861023, -0.527525782585144], "cam_t_m2c": [3.825080156326294, 96.93675994873047, 727.484619140625], "obj_id": 1}, {"cam_R_m2c": [-0.883155882358551, 0.319492369890213, -0.34345367550849915, 0.4624693989753723, 0.7155317068099976, -0.5235803723335266, 0.0784720629453659, -0.6212399005889893, -0.7796815037727356], "cam_t_m2c": [39.692962646484375, 98.10152435302734, 988.2367553710938], "obj_id": 1}, {"cam_R_m2c": [-0.6022289991378784, -0.7747012972831726, 0.19276374578475952, 0.5315521359443665, -0.2089671641588211, 0.8208439946174622, -0.5956276059150696, 0.5968001484870911, 0.5376404523849487], "cam_t_m2c": [-348.6142578125, 185.06903076171875, 959.160888671875], "obj_id": 1}, {"cam_R_m2c": [-0.1667342483997345, -0.9426634311676025, -0.2891111373901367, 0.9796553254127502, -0.1251649409532547, -0.15687285363674164, 0.11169171333312988, -0.30938535928726196, 0.9443546533584595], "cam_t_m2c": [-148.21458435058594, -210.9173126220703, 894.2127075195312], "obj_id": 1}, {"cam_R_m2c": [-0.5536035299301147, -0.34408438205718994, 0.7583726048469543, -0.3725794851779938, -0.7120956182479858, -0.5950666666030884, 0.7447869777679443, -0.6119850873947144, 0.26601988077163696], "cam_t_m2c": [25.796106338500977, 226.9447784423828, 921.3392944335938], "obj_id": 1}, {"cam_R_m2c": [-0.08370751887559891, -0.9905378222465515, 0.1087561622262001, 0.6735712885856628, -0.13667407631874084, -0.7263758778572083, 0.7343668937683105, 0.012451904825866222, 0.6786384582519531], "cam_t_m2c": [72.187744140625, 96.14453887939453, 904.9159545898438], "obj_id": 1}, {"cam_R_m2c": [-0.9241107702255249, -0.11739014089107513, -0.36364635825157166, 0.1072225496172905, 0.8337538838386536, -0.5416251420974731, 0.36677300930023193, -0.5395127534866333, -0.7578940391540527], "cam_t_m2c": [-125.35250091552734, 179.1870574951172, 798.2632446289062], "obj_id": 1}, {"cam_R_m2c": [0.8251490592956543, -0.5004129409790039, -0.262137234210968, 0.4606914818286896, 0.327523797750473, 0.8249190449714661, -0.3269439935684204, -0.8014455437660217, 0.5007919073104858], "cam_t_m2c": [-71.23869323730469, 192.24266052246094, 977.0733032226562], "obj_id": 1}, {"cam_R_m2c": [-0.43315666913986206, 0.8117635846138, -0.39168256521224976, -0.881953775882721, -0.2921394109725952, 0.3698812425136566, 0.185830220580101, 0.5056624412536621, 0.8424800634384155], "cam_t_m2c": [21.214006423950195, 148.99063110351562, 878.8290405273438], "obj_id": 1}, {"cam_R_m2c": [0.6249282360076904, 0.27299702167510986, -0.7313941121101379, 0.43256041407585144, -0.9009898900985718, 0.033294811844825745, -0.649889349937439, -0.3371790051460266, -0.6811416745185852], "cam_t_m2c": [29.871524810791016, -206.343994140625, 885.130859375], "obj_id": 1}, {"cam_R_m2c": [-0.014370739459991455, 0.7240735292434692, 0.6895730495452881, -0.9030373096466064, 0.28671133518218994, -0.3198753595352173, -0.42932167649269104, -0.6273069977760315, 0.6497451663017273], "cam_t_m2c": [-203.1804656982422, -76.99703979492188, 913.2753295898438], "obj_id": 1}, {"cam_R_m2c": [0.2370537668466568, 0.9664558172225952, 0.09883594512939453, 0.5250798463821411, -0.21305499970912933, 0.8239530324935913, 0.8173717856407166, -0.1434243768453598, -0.5579719543457031], "cam_t_m2c": [-116.49137115478516, 41.76382827758789, 802.676513671875], "obj_id": 1}, {"cam_R_m2c": [-0.2913455665111542, 0.3915581703186035, -0.8728115558624268, -0.16091738641262054, 0.8793318271636963, 0.44819769263267517, 0.9429864287376404, 0.2710309326648712, -0.19318091869354248], "cam_t_m2c": [-72.50394439697266, -134.1243438720703, 996.31884765625], "obj_id": 1}, {"cam_R_m2c": [-0.2668078541755676, -0.7617029547691345, 0.5904421210289001, -0.9454471468925476, 0.08803719282150269, -0.3136542737483978, 0.1869305968284607, -0.64191734790802, -0.7436388731002808], "cam_t_m2c": [45.09260559082031, -106.52495574951172, 844.9360961914062], "obj_id": 1}, {"cam_R_m2c": [0.7040466666221619, 0.6757604479789734, 0.21832549571990967, -0.3694656491279602, 0.08599796146154404, 0.9252563714981079, 0.6064761877059937, -0.7320874333381653, 0.31021690368652344], "cam_t_m2c": [-58.01692199707031, -133.47146606445312, 1049.684326171875], "obj_id": 1}, {"cam_R_m2c": [-0.8677839636802673, -0.3920932710170746, 0.305309534072876, -0.4597887396812439, 0.866591215133667, -0.19394312798976898, -0.18853478133678436, -0.30867862701416016, -0.9322940707206726], "cam_t_m2c": [-102.9553451538086, -117.16390991210938, 998.603271484375], "obj_id": 1}, {"cam_R_m2c": [-0.4986833930015564, 0.46926942467689514, 0.728766679763794, -0.8653149604797363, -0.2205938696861267, -0.45007583498954773, -0.0504453219473362, -0.8550581336021423, 0.5160724520683289], "cam_t_m2c": [-52.3612174987793, 178.5514678955078, 894.1605834960938], "obj_id": 1}, {"cam_R_m2c": [0.7473374605178833, 0.581949770450592, 0.3206574618816376, 0.59737628698349, -0.3771897554397583, -0.7077212333679199, -0.2909094989299774, 0.7204596996307373, -0.6295309662818909], "cam_t_m2c": [-243.3683319091797, 71.90715789794922, 796.8271484375], "obj_id": 1}, {"cam_R_m2c": [-0.7976381182670593, -0.2020774483680725, -0.5682761669158936, -0.4066801965236664, -0.515600323677063, 0.7541665434837341, -0.4454035460948944, 0.8326588273048401, 0.32908183336257935], "cam_t_m2c": [-165.902099609375, 41.623653411865234, 700.9849853515625], "obj_id": 1}, {"cam_R_m2c": [-0.1273772120475769, 0.7104844450950623, -0.692088782787323, -0.9708288908004761, 0.05360175669193268, 0.23370511829853058, 0.2031410187482834, 0.7016685605049133, 0.6829311847686768], "cam_t_m2c": [-147.7692413330078, -43.73888397216797, 917.374267578125], "obj_id": 1}, {"cam_R_m2c": [-0.7397312521934509, -0.5192663669586182, -0.42797186970710754, 0.672523021697998, -0.5491647124290466, -0.49611568450927734, 0.02258913964033127, -0.654813289642334, 0.7554530501365662], "cam_t_m2c": [-84.74905395507812, -117.71450805664062, 779.3261108398438], "obj_id": 1}, {"cam_R_m2c": [0.837091326713562, -0.46381229162216187, 0.2900969088077545, 0.03665820136666298, -0.48153191804885864, -0.8756615519523621, 0.5458335280418396, 0.7436431050300598, -0.3860836625099182], "cam_t_m2c": [70.97319030761719, 140.83023071289062, 902.7754516601562], "obj_id": 1}, {"cam_R_m2c": [0.9824168086051941, -0.1074945479631424, -0.15265041589736938, 0.06017805263400078, 0.9563006162643433, -0.28612545132637024, 0.17673660814762115, 0.2719082236289978, 0.9459545612335205], "cam_t_m2c": [51.182804107666016, 87.32164764404297, 1025.9427490234375], "obj_id": 1}, {"cam_R_m2c": [-0.05912144482135773, -0.8201303482055664, -0.5691141486167908, 0.08040472865104675, 0.5643467307090759, -0.8216129541397095, 0.9950074553489685, -0.09433437138795853, 0.03257733955979347], "cam_t_m2c": [-110.71969604492188, 167.0234375, 805.0101318359375], "obj_id": 1}, {"cam_R_m2c": [-0.8326092958450317, 0.5115001797676086, 0.21243606507778168, 0.18233786523342133, 0.6153155565261841, -0.7669026255607605, -0.5229860544204712, -0.5997952222824097, -0.6055832505226135], "cam_t_m2c": [-17.87468147277832, -52.720359802246094, 730.6488647460938], "obj_id": 1}, {"cam_R_m2c": [-0.26563629508018494, 0.653089702129364, -0.7091624140739441, 0.7103551626205444, 0.6299099922180176, 0.31402069330215454, 0.6517921686172485, -0.4203418791294098, -0.6312525868415833], "cam_t_m2c": [-180.5967559814453, -164.3455810546875, 924.848388671875], "obj_id": 1}, {"cam_R_m2c": [-0.8606138229370117, -0.45046141743659973, -0.23754684627056122, -0.4996802508831024, 0.8369749784469604, 0.2231423258781433, 0.09830377995967865, 0.3107368052005768, -0.9453989267349243], "cam_t_m2c": [-64.8577880859375, 203.2486114501953, 927.59375], "obj_id": 1}, {"cam_R_m2c": [0.6745700240135193, 0.43031635880470276, -0.5998191833496094, -0.7283270359039307, 0.2554381787776947, -0.6358388662338257, -0.12039514631032944, 0.8657823801040649, 0.48572200536727905], "cam_t_m2c": [-128.4828643798828, -104.52519989013672, 1056.1015625], "obj_id": 1}, {"cam_R_m2c": [-0.7705907821655273, -0.5971445441246033, 0.22272884845733643, -0.5616551637649536, 0.47110405564308167, -0.6801502704620361, 0.3012195825576782, -0.6492143869400024, -0.6984177827835083], "cam_t_m2c": [77.26529693603516, -179.01925659179688, 891.0565795898438], "obj_id": 1}, {"cam_R_m2c": [-0.16403624415397644, -0.6425748467445374, 0.7484581470489502, -0.9860600829124451, 0.08536256849765778, -0.14282403886318207, 0.027884867042303085, -0.7614530324935913, -0.647619903087616], "cam_t_m2c": [-177.9405975341797, -153.6422119140625, 878.789794921875], "obj_id": 1}, {"cam_R_m2c": [-0.5083640217781067, -0.6718471050262451, 0.5386900901794434, 0.3859611451625824, 0.3814416527748108, 0.8399619460105896, -0.7698048949241638, 0.6349201202392578, 0.06539582461118698], "cam_t_m2c": [-172.48866271972656, 134.82151794433594, 856.8291625976562], "obj_id": 1}, {"cam_R_m2c": [-0.40051591396331787, 0.5869841575622559, 0.7035883069038391, -0.6181583404541016, -0.7398973107337952, 0.26539066433906555, 0.6763632297515869, -0.3286358118057251, 0.6591898798942566], "cam_t_m2c": [-80.6600570678711, -4.1178483963012695, 868.8311767578125], "obj_id": 1}, {"cam_R_m2c": [-0.6401184797286987, -0.387498676776886, 0.6633949875831604, 0.1476563960313797, -0.9094383120536804, -0.3887406289577484, 0.7539533972740173, -0.15088558197021484, 0.6393651366233826], "cam_t_m2c": [54.92326354980469, -48.45635986328125, 846.8182983398438], "obj_id": 1}, {"cam_R_m2c": [0.014055196195840836, 0.991650402545929, -0.1281871497631073, -0.6696791052818298, 0.10453574359416962, 0.7352564930915833, 0.7425175309181213, 0.07551008462905884, 0.6655568480491638], "cam_t_m2c": [-140.5834503173828, 162.63186645507812, 893.1658935546875], "obj_id": 1}, {"cam_R_m2c": [-0.40822017192840576, 0.5399185419082642, -0.7361005544662476, -0.13137836754322052, -0.8326993584632874, -0.5379136800765991, -0.9033801555633545, -0.12287959456443787, 0.41085854172706604], "cam_t_m2c": [-260.8035888671875, 134.43605041503906, 939.1082763671875], "obj_id": 1}, {"cam_R_m2c": [0.6215507388114929, -0.7535900473594666, -0.2139548808336258, -0.7831791043281555, -0.603861391544342, -0.14826330542564392, -0.017469322308897972, 0.2597181499004364, -0.9655264616012573], "cam_t_m2c": [11.587069511413574, -111.43556213378906, 853.8646240234375], "obj_id": 1}, {"cam_R_m2c": [-0.6084418296813965, 0.14057444036006927, -0.7810487151145935, 0.7514318227767944, -0.21448971331119537, -0.6239744424819946, -0.25524187088012695, -0.9665571451187134, 0.024872582405805588], "cam_t_m2c": [-119.43209075927734, -97.70105743408203, 1009.2601928710938], "obj_id": 1}, {"cam_R_m2c": [0.22560662031173706, -0.8695140480995178, -0.4393709897994995, -0.9688137769699097, -0.1528024673461914, -0.19506706297397614, 0.1024765595793724, 0.4696771204471588, -0.8768704533576965], "cam_t_m2c": [-182.73106384277344, 162.2715301513672, 872.5586547851562], "obj_id": 1}, {"cam_R_m2c": [-0.7527872920036316, 0.6540803909301758, 0.07409520447254181, 0.10992632061243057, 0.013931349851191044, 0.9938420653343201, 0.6490203738212585, 0.756296694278717, -0.08238795399665833], "cam_t_m2c": [-13.356887817382812, 17.800382614135742, 669.57861328125], "obj_id": 1}, {"cam_R_m2c": [0.4301987290382385, 0.07157934457063675, -0.8998919725418091, 0.5970811247825623, -0.7702212333679199, 0.2241731882095337, -0.6770696043968201, -0.6337474584579468, -0.3740869164466858], "cam_t_m2c": [47.54275894165039, -165.355712890625, 873.1836547851562], "obj_id": 1}, {"cam_R_m2c": [0.8194738626480103, 0.05908847227692604, -0.5700623989105225, 0.5731161832809448, -0.08562372624874115, 0.8149885535240173, -0.0006544685456901789, -0.9945737719535828, -0.10403095185756683], "cam_t_m2c": [82.0859375, -137.24649047851562, 916.7738647460938], "obj_id": 1}, {"cam_R_m2c": [0.2172667533159256, 0.48821401596069336, -0.8452467918395996, -0.8371322751045227, -0.35214027762413025, -0.4185769557952881, -0.502000629901886, 0.7985262870788574, 0.3321914076805115], "cam_t_m2c": [71.07377624511719, -93.59249877929688, 701.0406494140625], "obj_id": 1}, {"cam_R_m2c": [0.33345532417297363, 0.049062810838222504, 0.9414883852005005, -0.4058099091053009, 0.9088628888130188, 0.09636665880680084, -0.8509558439254761, -0.4141992926597595, 0.3229753375053406], "cam_t_m2c": [56.18498992919922, -40.969669342041016, 844.7525634765625], "obj_id": 1}, {"cam_R_m2c": [-0.4485526382923126, 0.807209312915802, -0.383683979511261, -0.3866463303565979, 0.21178658306598663, 0.8975805640220642, 0.8057945370674133, 0.5509622693061829, 0.21710720658302307], "cam_t_m2c": [25.48241424560547, 46.18888473510742, 920.7847900390625], "obj_id": 1}, {"cam_R_m2c": [-0.39366695284843445, 0.551021158695221, 0.7358002066612244, -0.8594896793365479, -0.5045307278633118, -0.08201353996992111, 0.32604262232780457, -0.6646987199783325, 0.6722140908241272], "cam_t_m2c": [-32.99724578857422, 261.5334777832031, 868.2757568359375], "obj_id": 3}, {"cam_R_m2c": [0.631626307964325, -0.6012945175170898, 0.48938021063804626, 0.5622276067733765, -0.0793670117855072, -0.8231651186943054, 0.5338054299354553, 0.7950758337974548, 0.28793415427207947], "cam_t_m2c": [-111.81863403320312, 85.045654296875, 1075.2926025390625], "obj_id": 1}, {"cam_R_m2c": [-0.07972165942192078, 0.9519556760787964, 0.2956768274307251, 0.8670881986618042, 0.21254992485046387, -0.4505336582660675, -0.49173417687416077, 0.22046059370040894, -0.8423743844032288], "cam_t_m2c": [-68.67184448242188, -43.05429458618164, 650.9671020507812], "obj_id": 1}, {"cam_R_m2c": [0.5038388967514038, -0.6263031363487244, -0.5948871970176697, 0.1305975317955017, 0.736003041267395, -0.6642618775367737, 0.8538680672645569, 0.2569901645183563, 0.45262059569358826], "cam_t_m2c": [-285.9606018066406, 92.4712142944336, 846.8096923828125], "obj_id": 1}, {"cam_R_m2c": [-0.8354479670524597, -0.2490035742521286, 0.48992201685905457, 0.2675209045410156, 0.5944526791572571, 0.7583261132240295, -0.4800613522529602, 0.7646065354347229, -0.4300205707550049], "cam_t_m2c": [-29.815723419189453, -52.3383903503418, 656.1468505859375], "obj_id": 1}, {"cam_R_m2c": [-0.8903178572654724, 0.05702368915081024, 0.45175427198410034, -0.15711016952991486, -0.9696696400642395, -0.18723422288894653, 0.4273757338523865, -0.23767322301864624, 0.8722736835479736], "cam_t_m2c": [-64.27560424804688, 217.39132690429688, 955.2040405273438], "obj_id": 3}, {"cam_R_m2c": [-0.5416273474693298, -0.7257170677185059, -0.42423367500305176, 0.5880467891693115, -0.6877334117889404, 0.4257032871246338, -0.6006999611854553, -0.01889665797352791, 0.7992511987686157], "cam_t_m2c": [-170.54600524902344, 37.281097412109375, 743.081787109375], "obj_id": 1}, {"cam_R_m2c": [0.32173874974250793, 0.6784743070602417, 0.66042160987854, 0.6633142232894897, 0.3362199664115906, -0.6685584187507629, -0.6756466627120972, 0.6531682014465332, -0.341866672039032], "cam_t_m2c": [-339.4971618652344, -5.006559371948242, 876.4896240234375], "obj_id": 1}, {"cam_R_m2c": [0.6126227378845215, -0.5813538432121277, -0.5354633927345276, 0.7506794333457947, 0.6399825215339661, 0.16402055323123932, 0.24733319878578186, -0.5024440884590149, 0.8284782767295837], "cam_t_m2c": [63.60481643676758, 214.40631103515625, 960.6162719726562], "obj_id": 1}, {"cam_R_m2c": [-0.13647226989269257, 0.9542490839958191, -0.2660525143146515, 0.9420299530029297, 0.20810569822788239, 0.26319485902786255, 0.3065205216407776, -0.21471063792705536, -0.9273318648338318], "cam_t_m2c": [-79.5625, -148.65196228027344, 1047.1624755859375], "obj_id": 3}, {"cam_R_m2c": [0.3505660891532898, -0.7874860763549805, 0.5069212317466736, 0.5722275972366333, 0.6085927486419678, 0.5497003197669983, -0.7413899302482605, 0.097368024289608, 0.6639732718467712], "cam_t_m2c": [-142.2210235595703, -135.81222534179688, 844.8681030273438], "obj_id": 1}, {"cam_R_m2c": [-0.23088815808296204, 0.7484056353569031, 0.6217551827430725, 0.39905527234077454, -0.5099636316299438, 0.7620313167572021, 0.8873811960220337, 0.4240587651729584, -0.18091049790382385], "cam_t_m2c": [144.28274536132812, 160.87953186035156, 1025.4765625], "obj_id": 1}, {"cam_R_m2c": [-0.5195046663284302, -0.6479823589324951, 0.5569862723350525, -0.060228731483221054, -0.6224611401557922, -0.7803297638893127, 0.8523422479629517, -0.43893155455589294, 0.284344345331192], "cam_t_m2c": [-36.30720138549805, 102.03041076660156, 1013.960693359375], "obj_id": 3}, {"cam_R_m2c": [-0.32262852787971497, 0.6353240013122559, 0.7016225457191467, 0.02593369036912918, 0.7469160556793213, -0.6644123792648315, -0.9461703300476074, -0.19616274535655975, -0.25745272636413574], "cam_t_m2c": [-128.40234375, -43.78226852416992, 660.9067993164062], "obj_id": 1}, {"cam_R_m2c": [-0.8226224780082703, -0.2252691239118576, 0.5220593810081482, 0.3505471646785736, 0.5219742059707642, 0.7775986194610596, -0.44767048954963684, 0.8226765990257263, -0.3504202365875244], "cam_t_m2c": [-191.40859985351562, -56.270973205566406, 771.0205688476562], "obj_id": 3}, {"cam_R_m2c": [-0.5109614729881287, 0.07681120187044144, -0.8561649322509766, 0.6621757745742798, 0.670269787311554, -0.3350546956062317, 0.5481255054473877, -0.7381317615509033, -0.393344521522522], "cam_t_m2c": [-93.8759765625, 241.044677734375, 851.3604125976562], "obj_id": 3}, {"cam_R_m2c": [0.09630140662193298, 0.41564691066741943, 0.9044135212898254, 0.5971601009368896, 0.7028178572654724, -0.3865836560726166, -0.7963202595710754, 0.5773082375526428, -0.18052540719509125], "cam_t_m2c": [-66.92976379394531, 83.93572998046875, 884.350341796875], "obj_id": 3}, {"cam_R_m2c": [0.7953746318817139, 0.43087539076805115, 0.4262927770614624, 0.4117465913295746, -0.9002200365066528, 0.14166297018527985, 0.44479644298553467, 0.06284947693347931, -0.8934236168861389], "cam_t_m2c": [-32.474632263183594, 261.00030517578125, 859.2864379882812], "obj_id": 3}, {"cam_R_m2c": [-0.1736496239900589, -0.434915155172348, 0.8835691213607788, 0.6861859560012817, -0.6969890594482422, -0.20821815729141235, 0.7063953876495361, 0.570135772228241, 0.41946473717689514], "cam_t_m2c": [50.027408599853516, -12.360727310180664, 836.1217651367188], "obj_id": 1}, {"cam_R_m2c": [0.5253475308418274, -0.6771954298019409, -0.5151855945587158, 0.5933621525764465, -0.14239531755447388, 0.7922403216362, -0.6098616123199463, -0.7218931913375854, 0.3270151913166046], "cam_t_m2c": [36.34270095825195, 125.35206604003906, 1063.952392578125], "obj_id": 3}, {"cam_R_m2c": [-0.34090980887413025, -0.42332667112350464, 0.8393896818161011, 0.6268280148506165, -0.7677856087684631, -0.13263480365276337, 0.7006191611289978, 0.4809364676475525, 0.5270985960960388], "cam_t_m2c": [-192.2314910888672, 13.700786590576172, 951.7033081054688], "obj_id": 3}, {"cam_R_m2c": [-0.06784582883119583, 0.9743314981460571, -0.21465033292770386, 0.9728091359138489, 0.016850922256708145, -0.23099380731582642, -0.22144754230976105, -0.2244858294725418, -0.9489818811416626], "cam_t_m2c": [63.52945327758789, 34.357627868652344, 993.0003662109375], "obj_id": 3}, {"cam_R_m2c": [0.729923665523529, -0.5813063383102417, 0.3595753014087677, 0.6825311779975891, 0.6482670903205872, -0.3374921679496765, -0.03691451624035835, 0.4917648732662201, 0.8699451684951782], "cam_t_m2c": [3.774766683578491, -10.440327644348145, 707.080810546875], "obj_id": 1}, {"cam_R_m2c": [-0.30508533120155334, -0.5939945578575134, 0.7443744540214539, 0.9240602254867554, 0.004375223070383072, 0.3822217285633087, -0.2302943915128708, 0.8044571280479431, 0.5475519895553589], "cam_t_m2c": [170.0225830078125, -83.11702728271484, 826.3597412109375], "obj_id": 3}, {"cam_R_m2c": [-0.6694881319999695, 0.4055223762989044, -0.6223641633987427, -0.2468138486146927, 0.6687973737716675, 0.7012795209884644, 0.7006200551986694, 0.6231064200401306, -0.3476633131504059], "cam_t_m2c": [-94.3719711303711, 157.0056610107422, 844.4703979492188], "obj_id": 3}, {"cam_R_m2c": [0.1036422997713089, -0.8451677560806274, 0.524356484413147, 0.16404640674591064, -0.5054497122764587, -0.8471182584762573, 0.98099285364151, 0.17381608486175537, 0.08626078069210052], "cam_t_m2c": [-161.64476013183594, -40.03498077392578, 928.9319458007812], "obj_id": 1}, {"cam_R_m2c": [-0.9431961178779602, 0.2003685086965561, 0.26501551270484924, 0.2636076509952545, -0.03417528420686722, 0.9640243053436279, 0.20221714675426483, 0.9791242480278015, -0.02058449387550354], "cam_t_m2c": [111.37065124511719, 16.617094039916992, 892.0995483398438], "obj_id": 1}, {"cam_R_m2c": [-0.1754700392484665, -0.938477098941803, -0.29744064807891846, -0.46702298521995544, 0.34531909227371216, -0.8140296339988708, 0.8666601181030273, -0.003926210105419159, -0.49888351559638977], "cam_t_m2c": [107.44469451904297, -55.32339096069336, 749.7359008789062], "obj_id": 1}, {"cam_R_m2c": [0.20070970058441162, 0.8245267868041992, 0.5290285348892212, 0.9796223640441895, -0.1730332225561142, -0.10197784006595612, 0.007456056773662567, 0.5387161374092102, -0.8424543142318726], "cam_t_m2c": [-268.53143310546875, 161.98825073242188, 984.386474609375], "obj_id": 1}, {"cam_R_m2c": [-0.049998704344034195, 0.9588390588760376, -0.27951332926750183, 0.9852551221847534, 0.09320167452096939, 0.14347754418849945, 0.16362297534942627, -0.2682182490825653, -0.9493610262870789], "cam_t_m2c": [168.54757690429688, -127.79098510742188, 785.3278198242188], "obj_id": 1}, {"cam_R_m2c": [0.4109649658203125, -0.8085963129997253, 0.42104610800743103, -0.8927263021469116, -0.4505583643913269, 0.0060787806287407875, 0.18479055166244507, -0.37837710976600647, -0.9070188999176025], "cam_t_m2c": [-122.75336456298828, 186.32989501953125, 884.5880737304688], "obj_id": 3}, {"cam_R_m2c": [0.5884024500846863, -0.16741248965263367, 0.7910471558570862, 0.7940616011619568, 0.3041298985481262, -0.5262804627418518, -0.15247514843940735, 0.9378049373626709, 0.31188660860061646], "cam_t_m2c": [-52.113033294677734, 118.2865982055664, 771.5895385742188], "obj_id": 3}, {"cam_R_m2c": [0.2370942384004593, 0.7998594045639038, -0.5513721108436584, 0.9608458280563354, -0.2768419086933136, 0.011564514599740505, -0.14339295029640198, -0.5325255393981934, -0.834179162979126], "cam_t_m2c": [-159.33175659179688, -34.02125930786133, 842.5480346679688], "obj_id": 3}, {"cam_R_m2c": [0.6824067234992981, -0.0275392085313797, -0.7304537296295166, -0.26914182305336, 0.9196216464042664, -0.28610959649086, 0.6796202659606934, 0.39183875918388367, 0.6201440095901489], "cam_t_m2c": [-275.7060241699219, 32.55706024169922, 804.0590209960938], "obj_id": 1}, {"cam_R_m2c": [-0.6154024004936218, 0.6803299784660339, -0.3980337977409363, 0.05626336485147476, -0.46577876806259155, -0.8831107020378113, -0.7862024307250977, -0.5658631920814514, 0.24836376309394836], "cam_t_m2c": [-0.5756790637969971, 63.08714294433594, 886.9336547851562], "obj_id": 3}, {"cam_R_m2c": [-0.3631625175476074, 0.3190005123615265, 0.875415027141571, -0.654556930065155, -0.7560021877288818, 0.003946120850741863, 0.6630746126174927, -0.571575939655304, 0.48335587978363037], "cam_t_m2c": [-194.3855743408203, -86.55960845947266, 892.9451904296875], "obj_id": 1}, {"cam_R_m2c": [-0.3742500841617584, -0.7241063117980957, 0.5793157815933228, 0.3985142707824707, 0.4385008215904236, 0.8055453896522522, -0.8373309373855591, 0.5323411226272583, 0.12445776909589767], "cam_t_m2c": [-161.92665100097656, -134.51918029785156, 803.3148193359375], "obj_id": 1}, {"cam_R_m2c": [0.056601785123348236, -0.2906149625778198, 0.9551644325256348, 0.030713040381669998, 0.9567523002624512, 0.2892780303955078, -0.9979243278503418, 0.012962356209754944, 0.06307955831289291], "cam_t_m2c": [-43.464439392089844, 29.42702865600586, 984.0445556640625], "obj_id": 3}, {"cam_R_m2c": [0.007216656114906073, 0.89178866147995, -0.4523945748806, -0.12048425525426865, -0.44833502173423767, -0.8857082724571228, -0.9926889538764954, 0.06089824438095093, 0.10421106964349747], "cam_t_m2c": [2.9404940605163574, 275.8353271484375, 801.1077880859375], "obj_id": 3}, {"cam_R_m2c": [-0.31085634231567383, -0.8549308776855469, -0.41528481245040894, -0.6023083329200745, 0.5151920318603516, -0.6097555160522461, 0.7352502346038818, 0.06058313325047493, -0.6750827431678772], "cam_t_m2c": [157.2573699951172, 192.2677459716797, 978.9732666015625], "obj_id": 3}, {"cam_R_m2c": [0.6434304714202881, -0.6407328248023987, -0.41887786984443665, 0.73512864112854, 0.36457177996635437, 0.5715533494949341, -0.2135019749403, -0.6756839752197266, 0.7055976390838623], "cam_t_m2c": [-133.3585205078125, -179.17408752441406, 885.086669921875], "obj_id": 1}, {"cam_R_m2c": [-0.25371217727661133, -0.3825482428073883, -0.8884182572364807, -0.800301194190979, 0.5988805294036865, -0.0293269082903862, 0.5432754158973694, 0.7035616040229797, -0.4580971300601959], "cam_t_m2c": [25.5655460357666, 81.0555648803711, 1067.8558349609375], "obj_id": 1}, {"cam_R_m2c": [-0.11346844583749771, 0.9372328519821167, -0.32972612977027893, -0.4125592112541199, -0.34635183215141296, -0.8425171375274658, -0.9038360714912415, 0.0404323935508728, 0.4259641766548157], "cam_t_m2c": [39.58976364135742, 72.09046936035156, 1087.5531005859375], "obj_id": 3}, {"cam_R_m2c": [-0.5989862084388733, -0.5964808464050293, 0.5342528820037842, 0.0478551983833313, -0.6926551461219788, -0.7196796536445618, 0.7993281483650208, -0.40551137924194336, 0.44343554973602295], "cam_t_m2c": [-31.037765502929688, 126.1841812133789, 836.6851196289062], "obj_id": 3}, {"cam_R_m2c": [-0.5728331208229065, 0.4754262864589691, 0.6677060723304749, 0.5520557165145874, -0.37836015224456787, 0.743019163608551, 0.6058844923973083, 0.7942372560501099, -0.045724160969257355], "cam_t_m2c": [-315.1349182128906, 206.41513061523438, 956.4903564453125], "obj_id": 3}, {"cam_R_m2c": [0.8385915160179138, 0.2710196375846863, -0.47255969047546387, 0.5009790658950806, -0.7243954539299011, 0.47357282042503357, -0.2139725685119629, -0.6338766813278198, -0.7432470321655273], "cam_t_m2c": [-128.4293975830078, 252.073974609375, 883.229736328125], "obj_id": 3}, {"cam_R_m2c": [0.8748795986175537, 0.436341792345047, -0.21021774411201477, -0.41838037967681885, 0.8995078206062317, 0.12587128579616547, 0.2440154105424881, -0.022171245887875557, 0.9695178866386414], "cam_t_m2c": [-135.51065063476562, -149.58740234375, 980.5049438476562], "obj_id": 3}, {"cam_R_m2c": [-0.7882352471351624, 0.4577351212501526, -0.4112949073314667, -0.6137381196022034, -0.5360569953918457, 0.5796276330947876, 0.044838402420282364, 0.7093104124069214, 0.7034687399864197], "cam_t_m2c": [-155.5449981689453, 68.0711669921875, 928.0009155273438], "obj_id": 3}, {"cam_R_m2c": [-0.8368215560913086, 0.5254471898078918, -0.15373603999614716, 0.2850411534309387, 0.17841070890426636, -0.9417648911476135, -0.4674195647239685, -0.8319103121757507, -0.29907193779945374], "cam_t_m2c": [-114.3095703125, -172.72119140625, 833.2410278320312], "obj_id": 3}, {"cam_R_m2c": [0.496651291847229, -0.646207869052887, 0.5794418454170227, 0.5939983129501343, 0.7398272156715393, 0.31594568490982056, -0.6328534483909607, 0.18727266788482666, 0.7512825727462769], "cam_t_m2c": [-123.62464141845703, 94.2159423828125, 1086.5936279296875], "obj_id": 1}, {"cam_R_m2c": [-0.9034279584884644, 0.2329624444246292, 0.35992521047592163, -0.42382484674453735, -0.6120123267173767, -0.6676924228668213, 0.06473143398761749, -0.7557573318481445, 0.6516445279121399], "cam_t_m2c": [-21.295612335205078, -207.24615478515625, 949.0106201171875], "obj_id": 3}, {"cam_R_m2c": [-0.2803826630115509, 0.7801201939582825, -0.5592834949493408, -0.38066431879997253, 0.4445115923881531, 0.8108662962913513, 0.8811811804771423, 0.4402521252632141, 0.1723305881023407], "cam_t_m2c": [-165.92652893066406, 7.299542427062988, 890.1019287109375], "obj_id": 1}, {"cam_R_m2c": [-0.28726065158843994, 0.5400839447975159, 0.7910691499710083, -0.9575634002685547, -0.14163824915885925, -0.2510194778442383, -0.023525860160589218, -0.8296070098876953, 0.5578518509864807], "cam_t_m2c": [-140.2190704345703, 233.4615020751953, 873.7522583007812], "obj_id": 3}, {"cam_R_m2c": [0.8022425770759583, -0.531912624835968, -0.2710641026496887, -0.24173247814178467, -0.704582691192627, 0.6671794652938843, -0.5458683371543884, -0.4697147607803345, -0.6938267946243286], "cam_t_m2c": [-132.4942169189453, -10.898183822631836, 704.3749389648438], "obj_id": 3}, {"cam_R_m2c": [-0.7582297325134277, 0.37874799966812134, 0.5306952595710754, 0.5978978872299194, 0.07931697368621826, 0.7976382970809937, 0.2600107789039612, 0.9220947027206421, -0.2865930497646332], "cam_t_m2c": [-114.50202178955078, -48.448997497558594, 722.0088500976562], "obj_id": 1}, {"cam_R_m2c": [-0.6453602910041809, -0.2147739827632904, -0.7330634593963623, 0.49956005811691284, -0.8446604609489441, -0.1923232525587082, -0.577883780002594, -0.49032706022262573, 0.6524029970169067], "cam_t_m2c": [100.15961456298828, -73.07052612304688, 710.626708984375], "obj_id": 1}, {"cam_R_m2c": [0.