{
  "0": [{"cam_R_m2c": [0.8440002799034119, -0.22118410468101501, -0.4886114299297333, 0.08015898615121841, 0.9527932405471802, -0.29284724593162537, 0.5303188562393188, 0.20799656212329865, 0.8218876719474792], "cam_t_m2c": [4.025998592376709, 1.4641512632369995, 912.030029296875], "obj_id": 3}, {"cam_R_m2c": [-0.6657027006149292, -0.18594607710838318, 0.7226782441139221, -0.20893114805221558, -0.883276104927063, -0.41972726583480835, 0.7163710594177246, -0.43040362000465393, 0.5491495132446289], "cam_t_m2c": [-160.74649047851562, -92.51606750488281, 680.71630859375], "obj_id": 3}, {"cam_R_m2c": [0.4490694999694824, 0.8815342783927917, -0.14571864902973175, 0.6010009050369263, -0.17733719944953918, 0.7793262600898743, 0.661161482334137, -0.4375486969947815, -0.6094396114349365], "cam_t_m2c": [4.598533630371094, -12.024473190307617, 580.0162963867188], "obj_id": 3}, {"cam_R_m2c": [-0.9958756566047668, 0.0022758767008781433, 0.09070007503032684, -0.04882941395044327, -0.856001615524292, -0.5146619081497192, 0.0764681026339531, -0.5169680714607239, 0.8525823354721069], "cam_t_m2c": [-191.93516540527344, -98.2867202758789, 730.9515380859375], "obj_id": 3}, {"cam_R_m2c": [0.31117644906044006, -0.18033161759376526, -0.9330861568450928, -0.24959290027618408, -0.9628733992576599, 0.10285123437643051, -0.916991114616394, 0.2008867859840393, -0.3446330726146698], "cam_t_m2c": [-248.18153381347656, -47.38835906982422, 855.2183837890625], "obj_id": 3}, {"cam_R_m2c": [0.7156050205230713, 0.16845613718032837, -0.6778878569602966, 0.020071137696504593, -0.9750418066978455, -0.2211114913225174, -0.6982166767120361, 0.14462250471115112, -0.7011258602142334], "cam_t_m2c": [-65.17693328857422, 154.9613494873047, 880.1812133789062], "obj_id": 3}, {"cam_R_m2c": [0.34292152523994446, 0.04023733735084534, 0.9385018944740295, 0.9136732220649719, -0.24634607136249542, -0.3232874870300293, 0.21818803250789642, 0.9683462977409363, -0.12124114483594894], "cam_t_m2c": [53.439125061035156, 169.6818084716797, 870.6959838867188], "obj_id": 3}, {"cam_R_m2c": [-0.26409468054771423, 0.9219839572906494, -0.2831951975822449, 0.9529441595077515, 0.2947392761707306, 0.0708959624171257, 0.14883369207382202, -0.25114595890045166, -0.9564383029937744], "cam_t_m2c": [26.702409744262695, 32.34325408935547, 930.9782104492188], "obj_id": 3}, {"cam_R_m2c": [-0.9726936221122742, -0.12575873732566833, 0.1950680911540985, 0.22963561117649078, -0.39951008558273315, 0.8875015377998352, -0.03367939591407776, 0.9080618023872375, 0.4174797832965851], "cam_t_m2c": [-183.9998321533203, -164.0689239501953, 678.492919921875], "obj_id": 3}, {"cam_R_m2c": [-0.9633194208145142, -0.08147095143795013, 0.2556913197040558, -0.2679135203361511, 0.3467363119125366, -0.8988861441612244, -0.01542434748262167, -0.9344176650047302, -0.3558449447154999], "cam_t_m2c": [-127.83798217773438, -30.63080596923828, 686.0949096679688], "obj_id": 3}, {"cam_R_m2c": [-0.23302629590034485, 0.1510968655347824, -0.9606603980064392, 0.16354085505008698, -0.9676976799964905, -0.19187363982200623, -0.9586204290390015, -0.20181883871555328, 0.20078854262828827], "cam_t_m2c": [27.737302780151367, 202.30599975585938, 629.4819946289062], "obj_id": 3}, {"cam_R_m2c": [0.7414002418518066, 0.34731775522232056, 0.5741915702819824, 0.664783239364624, -0.4969141185283661, -0.5577986836433411, 0.09159054607152939, 0.7952650785446167, -0.5993033051490784], "cam_t_m2c": [-31.395740509033203, 146.50332641601562, 830.5401000976562], "obj_id": 3}, {"cam_R_m2c": [-0.26063138246536255, 0.749682605266571, 0.608315110206604, 0.07898255437612534, -0.6114228367805481, 0.787352442741394, 0.9622021913528442, 0.25325503945350647, 0.10014414042234421], "cam_t_m2c": [103.67863464355469, 140.79676818847656, 960.133544921875], "obj_id": 3}, {"cam_R_m2c": [-0.3647696077823639, 0.9197712540626526, 0.1447891741991043, 0.8797654509544373, 0.39138633012771606, -0.2698693871498108, -0.3048866093158722, 0.028940360993146896, -0.9519488215446472], "cam_t_m2c": [108.78096008300781, 79.02720642089844, 1008.0744018554688], "obj_id": 3}, {"cam_R_m2c": [0.7362496852874756, 0.500129222869873, 0.45585867762565613, -0.5519469380378723, 0.054065048694610596, 0.8321247100830078, 0.3915238678455353, -0.8642613887786865, 0.315850168466568], "cam_t_m2c": [5.809928894042969, 189.1854705810547, 721.2021484375], "obj_id": 3}, {"cam_R_m2c": [-0.8711260557174683, -0.336714506149292, 0.35743868350982666, -0.17224350571632385, -0.47213053703308105, -0.864537239074707, 0.45986002683639526, -0.8146876096725464, 0.35328856110572815], "cam_t_m2c": [-145.51902770996094, 204.61827087402344, 771.8824462890625], "obj_id": 3}, {"cam_R_m2c": [-0.4352082312107086, 0.8534516096115112, 0.286729633808136, -0.2012007087469101, -0.4026114344596863, 0.8929848670959473, 0.8775601387023926, 0.330944299697876, 0.34693509340286255], "cam_t_m2c": [4.42596435546875, -134.0070343017578, 653.4334716796875], "obj_id": 3}, {"cam_R_m2c": [-0.7519506812095642, 0.09814880043268204, 0.651871919631958, -0.12500004470348358, 0.9496856331825256, -0.28717970848083496, -0.6472597122192383, -0.29742899537086487, -0.7018481492996216], "cam_t_m2c": [97.11385345458984, 97.69062805175781, 858.0867309570312], "obj_id": 3}, {"cam_R_m2c": [0.26223960518836975, 0.22684520483016968, 0.9379613995552063, -0.9569286704063416, 0.18660064041614532, 0.2224133163690567, -0.12457077205181122, -0.9558877348899841, 0.26600879430770874], "cam_t_m2c": [-88.07380676269531, -129.33197021484375, 565.2557373046875], "obj_id": 3}, {"cam_R_m2c": [-0.4177204370498657, 0.4534342586994171, -0.7873416543006897, 0.4564744234085083, -0.6445254683494568, -0.6133660674095154, -0.785582959651947, -0.6156169176101685, 0.06225040927529335], "cam_t_m2c": [152.26333618164062, -154.95806884765625, 707.06689453125], "obj_id": 3}, {"cam_R_m2c": [-0.2962251305580139, 0.953490674495697, -0.055732134729623795, 0.8207422494888306, 0.2242715209722519, -0.5254372954368591, -0.4885004758834839, -0.20138947665691376, -0.8490049839019775], "cam_t_m2c": [-236.08880615234375, -182.45892333984375, 804.588623046875], "obj_id": 3}, {"cam_R_m2c": [0.030509546399116516, 0.9995030164718628, -0.007916843518614769, -0.18279728293418884, -0.0022073800209909678, -0.9831480383872986, -0.9826770424842834, 0.03144248202443123, 0.1826392114162445], "cam_t_m2c": [127.33431243896484, -5.151963710784912, 674.0264282226562], "obj_id": 3}, {"cam_R_m2c": [-0.8653399348258972, 0.467926025390625, -0.17953276634216309, -0.5011846423149109, -0.8085248470306396, 0.3083851933479309, -0.0008552502258680761, 0.35683709383010864, 0.9341662526130676], "cam_t_m2c": [86.03607177734375, 186.9961395263672, 879.5439453125], "obj_id": 3}, {"cam_R_m2c": [-0.16555273532867432, -0.3030381202697754, 0.938488245010376, -0.5972983837127686, 0.7880393862724304, 0.14909251034259796, -0.7847464084625244, -0.5358748435974121, -0.311466246843338], "cam_t_m2c": [0.868334949016571, 179.98553466796875, 915.2197875976562], "obj_id": 3}, {"cam_R_m2c": [0.35886627435684204, 0.06646529585123062, 0.9310195446014404, -0.20885536074638367, 0.9778881072998047, 0.010693146847188473, -0.9097221493721008, -0.19828583300113678, 0.3648127019405365], "cam_t_m2c": [88.6923828125, 123.603515625, 889.029541015625], "obj_id": 3}, {"cam_R_m2c": [0.17153488099575043, 0.8676994442939758, 0.46655479073524475, -0.4345993399620056, 0.49165117740631104, -0.7545875906944275, -0.8841375112533569, -0.07332636415958405, 0.4614369869232178], "cam_t_m2c": [-88.0514907836914, -198.8299560546875, 856.4461059570312], "obj_id": 3}, {"cam_R_m2c": [-0.7953961491584778, 0.5191799402236938, -0.31272515654563904, -0.3415870666503906, -0.8102181553840637, -0.47630318999290466, -0.5006626844406128, -0.2720268666744232, 0.8217896819114685], "cam_t_m2c": [121.5475845336914, 5.519888401031494, 750.5076904296875], "obj_id": 3}, {"cam_R_m2c": [-0.1649841070175171, 0.8738659024238586, -0.4573165774345398, 0.211161807179451, -0.4216233491897583, -0.8818414211273193, -0.9634265899658203, -0.2420576810836792, -0.11496586352586746], "cam_t_m2c": [47.12847900390625, -94.25794219970703, 531.9973754882812], "obj_id": 3}, {"cam_R_m2c": [-0.5129060745239258, 0.7152971029281616, 0.47463396191596985, -0.6340667009353638, -0.6883912682533264, 0.3522454798221588, 0.5786940455436707, -0.12028075009584427, 0.8066261410713196], "cam_t_m2c": [70.30887603759766, 242.4197235107422, 619.3934326171875], "obj_id": 1}, {"cam_R_m2c": [0.8286911845207214, 0.28929418325424194, -0.47914478182792664, 0.49686145782470703, -0.7743518352508545, 0.39180052280426025, -0.25768110156059265, -0.5627502202987671, -0.7854377031326294], "cam_t_m2c": [-166.87176513671875, -56.82827377319336, 836.7285766601562], "obj_id": 1}, {"cam_R_m2c": [-0.12010135501623154, -0.8854366540908813, 0.44897380471229553, 0.9738438725471497, -0.017209693789482117, 0.22656530141830444, -0.1928824931383133, 0.4644412100315094, 0.86434406042099], "cam_t_m2c": [80.74137878417969, 26.183277130126953, 910.5892944335938], "obj_id": 1}, {"cam_R_m2c": [0.03546670451760292, -0.22764107584953308, 0.9730989336967468, -0.9480157494544983, 0.3004573881626129, 0.10483964532613754, -0.316240519285202, -0.9262315034866333, -0.20515106618404388], "cam_t_m2c": [-172.2575225830078, -174.9588165283203, 838.4692993164062], "obj_id": 1}, {"cam_R_m2c": [0.8875476121902466, 0.3519431948661804, -0.29731327295303345, -0.3433598577976227, 0.9355756044387817, 0.08247613906860352, 0.30718594789505005, 0.028883937746286392, 0.9512110948562622], "cam_t_m2c": [109.93090057373047, 239.52804565429688, 661.94873046875], "obj_id": 1}, {"cam_R_m2c": [0.6913576722145081, -0.671058714389801, -0.26777735352516174, -0.5303370952606201, -0.7230281829833984, 0.4426879584789276, -0.4906802177429199, -0.16404344141483307, -0.8557583689689636], "cam_t_m2c": [217.88958740234375, -10.53442668914795, 623.50634765625], "obj_id": 1}, {"cam_R_m2c": [-0.47019508481025696, 0.8479627370834351, 0.244694784283638, -0.11983466893434525, -0.336027592420578, 0.9341974854469299, 0.8743889331817627, 0.4099322557449341, 0.2596139907836914], "cam_t_m2c": [175.6050262451172, 214.95945739746094, 747.3253784179688], "obj_id": 1}, {"cam_R_m2c": [-0.8728801012039185, 0.2997504770755768, -0.38500627875328064, -0.15647169947624207, 0.5754209160804749, 0.8027498722076416, 0.46216535568237305, 0.7609469890594482, -0.4553709924221039], "cam_t_m2c": [-143.71820068359375, -23.369760513305664, 680.0255126953125], "obj_id": 1}, {"cam_R_m2c": [-0.8380767107009888, -0.5382527709007263, 0.0889449492096901, -0.4344337284564972, 0.757064163684845, 0.4879765808582306, -0.32999178767204285, 0.3703211545944214, -0.8683130145072937], "cam_t_m2c": [-30.446210861206055, -58.63783645629883, 629.18017578125], "obj_id": 1}, {"cam_R_m2c": [-0.15115739405155182, -0.1080034077167511, 0.9825917482376099, 0.17044737935066223, 0.9762772917747498, 0.13353018462657928, -0.9737037420272827, 0.18766428530216217, -0.12916263937950134], "cam_t_m2c": [99.59490203857422, 218.3458251953125, 619.5970458984375], "obj_id": 1}, {"cam_R_m2c": [-0.740326464176178, -0.37835800647735596, -0.5556634664535522, 0.6698816418647766, -0.48449432849884033, -0.562604546546936, -0.05634989216923714, -0.788739800453186, 0.6121390461921692], "cam_t_m2c": [-11.757641792297363, -46.9019660949707, 921.2286987304688], "obj_id": 1}, {"cam_R_m2c": [0.8608314990997314, 0.15364886820316315, 0.4851403534412384, 0.4868840277194977, 0.028642531484365463, -0.8729968070983887, -0.1480306088924408, 0.9877102375030518, -0.05015278235077858], "cam_t_m2c": [-148.85145568847656, 132.38299560546875, 785.7972412109375], "obj_id": 1}, {"cam_R_m2c": [0.9055787920951843, 0.3845388889312744, -0.17904441058635712, 0.028844213113188744, 0.3652952313423157, 0.9304447770118713, 0.4231962561607361, -0.8477554321289062, 0.3197118937969208], "cam_t_m2c": [225.89942932128906, 220.10377502441406, 680.6420288085938], "obj_id": 1}, {"cam_R_m2c": [0.34986257553100586, 0.92131507396698, -0.16963109374046326, 0.7869308590888977, -0.19078968465328217, 0.5868040919303894, 0.5082675814628601, -0.3387887179851532, -0.7917614579200745], "cam_t_m2c": [-24.22458267211914, -127.95901489257812, 548.4515991210938], "obj_id": 1}, {"cam_R_m2c": [0.08879367262125015, 0.3696928024291992, -0.9249014854431152, 0.3273114562034607, -0.8878318071365356, -0.3234527111053467, -0.9407352209091187, -0.2740103602409363, -0.19983841478824615], "cam_t_m2c": [-76.75199127197266, 177.7083282470703, 904.1862182617188], "obj_id": 1}, {"cam_R_m2c": [-0.05367763713002205, 0.8296982645988464, -0.5556252002716064, 0.9983243346214294, 0.032546889036893845, -0.047844644635915756, -0.021612778306007385, -0.5572623610496521, -0.8300549983978271], "cam_t_m2c": [-144.03128051757812, 68.66097259521484, 848.3944091796875], "obj_id": 1}, {"cam_R_m2c": [0.6894392371177673, 0.5339754223823547, 0.48943203687667847, 0.44431111216545105, 0.22188632190227509, -0.8679596781730652, -0.572067379951477, 0.8158655762672424, -0.084274061024189], "cam_t_m2c": [93.7796859741211, 76.15257263183594, 874.525634765625], "obj_id": 1}, {"cam_R_m2c": [-0.47447678446769714, 0.8479695320129395, 0.23626092076301575, -0.005312634166330099, -0.271150141954422, 0.9625222682952881, 0.8802518248558044, 0.45543941855430603, 0.1331595629453659], "cam_t_m2c": [-23.028919219970703, 204.1370391845703, 803.4813232421875], "obj_id": 1}, {"cam_R_m2c": [0.08069046586751938, -0.9921442270278931, 0.0955972969532013, -0.4370943605899811, 0.05097464099526405, 0.8979699611663818, -0.8957887887954712, -0.11424263566732407, -0.4295474588871002], "cam_t_m2c": [-75.26714324951172, 93.67794036865234, 875.1749267578125], "obj_id": 1}, {"cam_R_m2c": [-0.17470653355121613, -0.3315708041191101, 0.927112877368927, -0.2272609919309616, -0.9025905728340149, -0.36562615633010864, 0.9580343961715698, -0.2745738923549652, 0.08233550190925598], "cam_t_m2c": [-175.6949005126953, -152.6622772216797, 639.3611450195312], "obj_id": 1}, {"cam_R_m2c": [-0.04242031276226044, -0.30795806646347046, -0.9504536986351013, -0.933853805065155, -0.3259216248989105, 0.14728191494941711, -0.3551301658153534, 0.8938326239585876, -0.273762047290802], "cam_t_m2c": [50.30162048339844, -13.831547737121582, 600.7969970703125], "obj_id": 1}, {"cam_R_m2c": [-0.40667158365249634, -0.8442090153694153, 0.349183589220047, 0.9133496284484863, -0.36722511053085327, 0.17589199542999268, -0.020260604098439217, 0.39045703411102295, 0.9203981757164001], "cam_t_m2c": [49.2982292175293, -18.400266647338867, 784.7232055664062], "obj_id": 1}, {"cam_R_m2c": [-0.16814130544662476, -0.23039937019348145, 0.9584594368934631, 0.5832729339599609, 0.7605783939361572, 0.2851545512676239, -0.7946829795837402, 0.6069897413253784, 0.006501094438135624], "cam_t_m2c": [-112.64469146728516, -11.570804595947266, 574.73095703125], "obj_id": 1}, {"cam_R_m2c": [-0.08190394937992096, 0.9516929388046265, -0.2959260642528534, -0.5010724663734436, -0.29598933458328247, -0.8132137656211853, -0.8615208268165588, 0.0816749706864357, 0.5011098384857178], "cam_t_m2c": [-147.3710479736328, -112.5361099243164, 736.3092651367188], "obj_id": 1}, {"cam_R_m2c": [-0.9581823945045471, -0.273981511592865, -0.0825875923037529, 0.0803464949131012, -0.5345851182937622, 0.8412866592407227, -0.2746470868587494, 0.7994704246520996, 0.5342434644699097], "cam_t_m2c": [-146.87045288085938, 24.547624588012695, 550.6027221679688], "obj_id": 1}, {"cam_R_m2c": [0.721495509147644, 0.6896920204162598, 0.0613928958773613, -0.3502819538116455, 0.4400358498096466, -0.8268439769744873, -0.5972828269004822, 0.5750594139099121, 0.5590705871582031], "cam_t_m2c": [-82.53422546386719, 5.634530544281006, 570.5477905273438], "obj_id": 1}, {"cam_R_m2c": [0.23840053379535675, -0.12066823244094849, -0.9636411666870117, -0.5831183195114136, -0.8112655282020569, -0.0426732562482357, -0.7766196727752686, 0.572090208530426, -0.2637699246406555], "cam_t_m2c": [-9.401701927185059, 134.10491943359375, 851.7294921875], "obj_id": 1}, {"cam_R_m2c": [-0.3860875070095062, -0.8992652893066406, -0.20556791126728058, 0.12542113661766052, 0.16960389912128448, -0.9774988293647766, 0.9138959050178528, -0.4031827449798584, 0.04730501025915146], "cam_t_m2c": [170.7018585205078, 14.035398483276367, 749.3723754882812], "obj_id": 1}, {"cam_R_m2c": [0.7777434587478638, -0.29179248213768005, 0.5567514896392822, -0.5015318989753723, 0.24587051570415497, 0.8294656872749329, -0.37892064452171326, -0.9243401885032654, 0.0448809452354908], "cam_t_m2c": [133.93711853027344, -83.81268310546875, 821.3301391601562], "obj_id": 1}, {"cam_R_m2c": [-0.21732568740844727, -0.8950206637382507, 0.3894962668418884, -0.5244171619415283, 0.44361361861228943, 0.726769208908081, -0.8232593536376953, -0.0463128499686718, -0.5657728314399719], "cam_t_m2c": [8.44710922241211, 5.7092814445495605, 646.178955078125], "obj_id": 1}, {"cam_R_m2c": [0.8109951019287109, 0.58225017786026, -0.05719882994890213, 0.5779650807380676, -0.7821596264839172, 0.23277178406715393, 0.09079279005527496, -0.22183570265769958, -0.9708478450775146], "cam_t_m2c": [-9.594403266906738, -150.6846923828125, 707.143310546875], "obj_id": 1}, {"cam_R_m2c": [-0.9471648335456848, -0.01723719760775566, -0.3202835023403168, 0.30713433027267456, 0.23907814919948578, -0.921146035194397, 0.09245075285434723, -0.9708473086357117, -0.221152201294899], "cam_t_m2c": [-130.743896484375, 98.71005249023438, 878.7813110351562], "obj_id": 1}, {"cam_R_m2c": [-0.918842613697052, 0.22685696184635162, -0.3228987455368042, 0.047313392162323, 0.8756731748580933, 0.48058080673217773, 0.3917768895626068, 0.4263008236885071, -0.8153391480445862], "cam_t_m2c": [-176.99085998535156, 149.85240173339844, 761.8595581054688], "obj_id": 1}, {"cam_R_m2c": [-0.3318071961402893, 0.9015759825706482, 0.27760493755340576, 0.7612307071685791, 0.4297018349170685, -0.4856789708137512, -0.5571638941764832, 0.050169579684734344, -0.8288854360580444], "cam_t_m2c": [75.10539245605469, 70.56372833251953, 869.2715454101562], "obj_id": 1}, {"cam_R_m2c": [0.9895846247673035, -0.04906083643436432, -0.13533397018909454, -0.1377599686384201, -0.049984611570835114, -0.9892035126686096, 0.04176652804017067, 0.9975442290306091, -0.056222621351480484], "cam_t_m2c": [-32.013877868652344, -147.22891235351562, 809.8629150390625], "obj_id": 1}, {"cam_R_m2c": [0.14889895915985107, -0.24252411723136902, 0.9586506485939026, 0.9882982969284058, 0.06894761323928833, -0.13606111705303192, -0.03309851512312889, 0.9676921963691711, 0.24995245039463043], "cam_t_m2c": [3.5880725383758545, -69.83448028564453, 546.4342041015625], "obj_id": 1}, {"cam_R_m2c": [0.588566243648529, 0.48182326555252075, 0.649181067943573, -0.17808854579925537, 0.8605412840843201, -0.47723492980003357, -0.7885900139808655, 0.16527266800403595, 0.5922927856445312], "cam_t_m2c": [-5.73757266998291, 176.41122436523438, 842.7539672851562], "obj_id": 1}, {"cam_R_m2c": [-0.7282494306564331, -0.6644758582115173, 0.16770362854003906, -0.677865207195282, 0.7344123125076294, -0.03372422233223915, -0.10075467824935913, -0.13824009895324707, -0.9852604269981384], "cam_t_m2c": [-80.26920318603516, 57.915870666503906, 533.413330078125], "obj_id": 1}, {"cam_R_m2c": [0.41138628125190735, 0.9075239896774292, -0.08462502062320709, -0.0902763158082962, -0.05181877315044403, -0.9945676326751709, -0.9069792628288269, 0.41679105162620544, 0.060610461980104446], "cam_t_m2c": [-212.76016235351562, -135.04071044921875, 676.014892578125], "obj_id": 1}, {"cam_R_m2c": [-0.11783517897129059, 0.8949950933456421, -0.4302308261394501, -0.6535521149635315, -0.39608779549598694, -0.6449682712554932, -0.7476526498794556, 0.20517832040786743, 0.6315990686416626], "cam_t_m2c": [22.6826114654541, -94.924560546875, 581.7739868164062], "obj_id": 1}, {"cam_R_m2c": [0.8569434285163879, 0.42875945568084717, -0.28603026270866394, -0.20693901181221008, 0.7944820523262024, 0.5709418058395386, 0.47204259037971497, -0.430074006319046, 0.7695531845092773], "cam_t_m2c": [100.09745025634766, 91.7369613647461, 788.8675537109375], "obj_id": 1}, {"cam_R_m2c": [-0.08017995953559875, -0.569729208946228, -0.8179118633270264, 0.08823660016059875, -0.8213891983032227, 0.5635015964508057, -0.9928672909736633, -0.026988226920366287, 0.11612993478775024], "cam_t_m2c": [-20.678726196289062, -8.600194931030273, 732.0673828125], "obj_id": 1}, {"cam_R_m2c": [0.293172150850296, 0.17038996517658234, -0.9407535195350647, 0.709801435470581, -0.6979962587356567, 0.09477760642766953, -0.6404934525489807, -0.6955344080924988, -0.3255760073661804], "cam_t_m2c": [-142.01412963867188, -71.59827423095703, 778.3505249023438], "obj_id": 1}, {"cam_R_m2c": [-0.4840400516986847, -0.8745654821395874, 0.02898387983441353, 0.04824254289269447, 0.006401242688298225, 0.9988150000572205, -0.873714804649353, 0.48486489057540894, 0.039092980325222015], "cam_t_m2c": [64.3974609375, 132.89453125, 800.839599609375], "obj_id": 1}, {"cam_R_m2c": [0.691866934299469, -0.6355604529380798, 0.34261205792427063, -0.6762623190879822, -0.7366601824760437, -0.0009009664063341916, 0.25296133756637573, -0.2310722917318344, -0.9394763708114624], "cam_t_m2c": [144.1025848388672, 159.83798217773438, 699.4503173828125], "obj_id": 1}, {"cam_R_m2c": [-0.7374486327171326, 0.4025973081588745, 0.5422959327697754, -0.6378380060195923, -0.15108941495418549, -0.7552050352096558, -0.22210833430290222, -0.9028218984603882, 0.36821258068084717], "cam_t_m2c": [-122.8354721069336, -105.67271423339844, 712.2811279296875], "obj_id": 1}, {"cam_R_m2c": [0.8286404609680176, 0.21469105780124664, 0.5169746279716492, 0.42275118827819824, -0.8453695178031921, -0.3265449106693268, 0.366928368806839, 0.48913994431495667, -0.7912682294845581], "cam_t_m2c": [-67.45527648925781, 28.777118682861328, 569.5980834960938], "obj_id": 1}, {"cam_R_m2c": [-0.4857710897922516, 0.5336635708808899, 0.6922640204429626, -0.636288583278656, 0.32711565494537354, -0.6986644864082336, -0.5993021726608276, -0.7798708081245422, 0.18066078424453735], "cam_t_m2c": [109.67411804199219, 123.29423522949219, 793.142578125], "obj_id": 1}, {"cam_R_m2c": [0.4251048266887665, -0.8777756690979004, 0.22089745104312897, 0.6233550906181335, 0.4608590602874756, 0.6316940188407898, -0.656288206577301, -0.13083860278129578, 0.743079423904419], "cam_t_m2c": [6.739580154418945, -141.03201293945312, 894.6151123046875], "obj_id": 1}, {"cam_R_m2c": [0.04905739799141884, -0.0010964245302602649, 0.9987953901290894, -0.10713561624288559, -0.9942356944084167, 0.004170714877545834, 0.9930334091186523, -0.1072111576795578, -0.04889209195971489], "cam_t_m2c": [-175.94122314453125, -134.3719940185547, 681.7926025390625], "obj_id": 1}, {"cam_R_m2c": [-0.573459804058075, 0.330333948135376, 0.7496821284294128, 0.3031330704689026, -0.7645905613899231, 0.5687808394432068, 0.7610874772071838, 0.5534264445304871, 0.3383267819881439], "cam_t_m2c": [-216.82632446289062, -88.23855590820312, 690.9351806640625], "obj_id": 1}, {"cam_R_m2c": [-0.19948618113994598, -0.8423293828964233, 0.5006857514381409, -0.9665226936340332, 0.25328078866004944, 0.04101922735571861, -0.16136576235294342, -0.475741446018219, -0.8646564483642578], "cam_t_m2c": [-108.44696807861328, -207.47264099121094, 841.2847290039062], "obj_id": 1}, {"cam_R_m2c": [-0.05017133429646492, 0.35604992508888245, -0.9331191778182983, -0.922114908695221, 0.3423803746700287, 0.1802215725183487, 0.3836495876312256, 0.8694850206375122, 0.3111412227153778], "cam_t_m2c": [-140.38095092773438, -67.9381332397461, 785.1219482421875], "obj_id": 1}, {"cam_R_m2c": [-0.03177022561430931, -0.8785286545753479, 0.476631760597229, 0.3474847078323364, 0.43741706013679504, 0.8294097781181335, -0.9371471405029297, 0.19197291135787964, 0.29137855768203735], "cam_t_m2c": [-122.17011260986328, 50.33173370361328, 784.2468872070312], "obj_id": 1}, {"cam_R_m2c": [-0.005214257165789604, -0.3418751358985901, -0.9397308230400085, -0.3277873992919922, -0.8872382640838623, 0.3245971202850342, -0.9447370171546936, 0.30972450971603394, -0.1074359118938446], "cam_t_m2c": [5.196414470672607, 171.92575073242188, 931.0208740234375], "obj_id": 3}, {"cam_R_m2c": [-0.6284108757972717, 0.18471792340278625, -0.7556313276290894, 0.6929075717926025, 0.5743931531906128, -0.43583425879478455, 0.35352304577827454, -0.7974658012390137, -0.4889473021030426], "cam_t_m2c": [-54.53387451171875, 202.5745849609375, 655.8646240234375], "obj_id": 1}, {"cam_R_m2c": [0.4899733066558838, -0.8711551427841187, -0.0318569578230381, 0.27424994111061096, 0.1887320578098297, -0.9429565668106079, 0.8274739384651184, 0.4532867670059204, 0.3313879370689392], "cam_t_m2c": [47.39359664916992, -190.15182495117188, 839.4434204101562], "obj_id": 1}, {"cam_R_m2c": [-0.7558879852294922, 0.6323526501655579, 0.1695980727672577, 0.6294311285018921, 0.7731817364692688, -0.07750159502029419, -0.1801384687423706, 0.04816778004169464, -0.9824612140655518], "cam_t_m2c": [193.0119171142578, 68.68218994140625, 713.9996948242188], "obj_id": 1}, {"cam_R_m2c": [0.9962821006774902, 0.05903491750359535, -0.06274475157260895, -0.04746090620756149, 0.98392653465271, 0.17215102910995483, 0.07189915329217911, -0.1685330718755722, 0.9830702543258667], "cam_t_m2c": [8.824281692504883, -197.74685668945312, 848.248779296875], "obj_id": 1}, {"cam_R_m2c": [0.5680115818977356, -0.19985565543174744, -0.7983862161636353, 0.29694950580596924, -0.8549597263336182, 0.42528200149536133, -0.7675831317901611, -0.4786454737186432, -0.4262799918651581], "cam_t_m2c": [-13.86967945098877, 205.6365203857422, 836.2386474609375], "obj_id": 3}, {"cam_R_m2c": [0.8687958717346191, 0.4699852764606476, 0.15590879321098328, 0.057656437158584595, -0.40873244404792786, 0.9108311533927917, 0.49180224537849426, -0.7823371887207031, -0.38220274448394775], "cam_t_m2c": [119.81242370605469, -56.78956985473633, 791.6181030273438], "obj_id": 1}, {"cam_R_m2c": [0.16050946712493896, -0.7754281163215637, -0.6106945872306824, -0.04646812751889229, 0.6120941042900085, -0.7894184589385986, 0.9859398603439331, 0.155086949467659, 0.06221421808004379], "cam_t_m2c": [203.18702697753906, 27.46581268310547, 607.0118408203125], "obj_id": 1}, {"cam_R_m2c": [-0.44750335812568665, 0.8769532442092896, 0.17519588768482208, 0.6268035173416138, 0.16784586012363434, 0.7608843445777893, 0.6378541588783264, 0.4503117799758911, -0.6247889399528503], "cam_t_m2c": [-129.07733154296875, 191.85772705078125, 890.3583984375], "obj_id": 1}, {"cam_R_m2c": [0.23460985720157623, -0.69754958152771, 0.6770397424697876, 0.8934168219566345, -0.11975505948066711, -0.43297234177589417, 0.38309863209724426, 0.7064582705497742, 0.595106840133667], "cam_t_m2c": [-130.78985595703125, 14.719161033630371, 532.0045776367188], "obj_id": 3}, {"cam_R_m2c": [0.1387677639722824, 0.8063005805015564, -0.5749980211257935, -0.16005824506282806, 0.5912424325942993, 0.7904515862464905, 0.9773048162460327, -0.017655959352850914, 0.2111004889011383], "cam_t_m2c": [9.63573169708252, -110.49840545654297, 630.0613403320312], "obj_id": 1}, {"cam_R_m2c": [-0.056370556354522705, -0.9587218165397644, -0.27870187163352966, 0.9304932355880737, -0.15164406597614288, 0.33344611525535583, -0.36194559931755066, -0.24053366482257843, 0.9006325006484985], "cam_t_m2c": [-239.8362579345703, 189.95103454589844, 854.1683349609375], "obj_id": 1}, {"cam_R_m2c": [0.09452712535858154, 0.5889328718185425, -0.8026348352432251, 0.618092954158783, -0.6667438745498657, -0.4164295494556427, -0.7804009318351746, -0.45673906803131104, -0.42704060673713684], "cam_t_m2c": [-91.58975219726562, 162.37442016601562, 738.1026611328125], "obj_id": 3}, {"cam_R_m2c": [0.6740790009498596, -0.2882573902606964, -0.6800919771194458, -0.6060678362846375, 0.3104889988899231, -0.7323102355003357, 0.42225489020347595, 0.9058168530464172, 0.034590594470500946], "cam_t_m2c": [95.60346984863281, -176.4672088623047, 805.4478149414062], "obj_id": 1}, {"cam_R_m2c": [0.9929600954055786, -0.0037966447416692972, -0.11838862299919128, 0.032041966915130615, 0.9708316326141357, 0.23761145770549774, 0.1140332967042923, -0.23973210155963898, 0.9641187191009521], "cam_t_m2c": [103.0118408203125, -100.42140197753906, 703.4034423828125], "obj_id": 3}, {"cam_R_m2c": [0.394106388092041, 0.40264809131622314, 0.8261686563491821, 0.9114492535591125, -0.05574822425842285, -0.4076177179813385, -0.11806901544332504, 0.9136555790901184, -0.3889640271663666], "cam_t_m2c": [60.29841613769531, 153.0373077392578, 899.1015625], "obj_id": 3}, {"cam_R_m2c": [0.39060088992118835, -0.42078179121017456, -0.8187633752822876, -0.150278702378273, 0.848341166973114, -0.5076746940612793, 0.9082109332084656, 0.3213408589363098, 0.26812827587127686], "cam_t_m2c": [-16.665132522583008, 62.497840881347656, 787.8505859375], "obj_id": 3}, {"cam_R_m2c": [-0.7742229104042053, -0.6324321627616882, 0.024665679782629013, 0.5049405097961426, -0.6407055854797363, -0.5783869028091431, 0.3815939426422119, -0.43534570932388306, 0.8153895735740662], "cam_t_m2c": [8.253286361694336, 165.18978881835938, 936.1786499023438], "obj_id": 3}, {"cam_R_m2c": [0.0398373007774353, -0.02686605416238308, -0.9988449811935425, 0.9984632134437561, -0.03747217729687691, 0.04083000123500824, -0.03852580487728119, -0.9989364743232727, 0.025331944227218628], "cam_t_m2c": [-124.20091247558594, -53.13875198364258, 806.3372802734375], "obj_id": 1}, {"cam_R_m2c": [-0.0627041757106781, 0.8514575362205505, 0.5206611752510071, -0.07414558529853821, -0.5242202877998352, 0.8483485579490662, 0.9952740669250488, 0.014590352773666382, 0.09600277990102768], "cam_t_m2c": [-169.74102783203125, 205.0215606689453, 757.9749755859375], "obj_id": 3}, {"cam_R_m2c": [0.17392215132713318, -0.018794309347867966, -0.9845800399780273, 0.9729399085044861, -0.1511615514755249, 0.1747514009475708, -0.15211501717567444, -0.9883303642272949, -0.008004575036466122], "cam_t_m2c": [48.12152099609375, 75.52261352539062, 643.6187133789062], "obj_id": 3}, {"cam_R_m2c": [0.39662760496139526, -0.7597935795783997, 0.5151699781417847, 0.5365986227989197, -0.26344215869903564, -0.8016606569290161, 0.7448142766952515, 0.5944002270698547, 0.3032159209251404], "cam_t_m2c": [-187.903564453125, 88.04168701171875, 751.6934204101562], "obj_id": 3}, {"cam_R_m2c": [-0.4523314833641052, 0.47521165013313293, -0.7546988129615784, 0.36543965339660645, 0.8706745505332947, 0.32921066880226135, 0.8135417699813843, -0.12688452005386353, -0.5674946904182434], "cam_t_m2c": [-30.704282760620117, -136.6594696044922, 861.808349609375], "obj_id": 1}, {"cam_R_m2c": [0.5960813164710999, 0.19577357172966003, -0.7786910533905029, 0.5248461961746216, 0.6389364004135132, 0.562402606010437, 0.6076375842094421, -0.7439307570457458, 0.27810704708099365], "cam_t_m2c": [-243.5440216064453, -124.22740936279297, 820.6613159179688], "obj_id": 3}, {"cam_R_m2c": [0.24040327966213226, -0.43913835287094116, 0.8656579256057739, 0.3987518548965454, 0.8577665686607361, 0.32439708709716797, -0.8849876523017883, 0.2671966254711151, 0.381317138671875], "cam_t_m2c": [42.18331527709961, 89.2096176147461, 847.0623168945312], "obj_id": 3}, {"cam_R_m2c": [-0.44773754477500916, 0.5428726077079773, -0.7105070352554321, 0.7904886603355408, -0.13107261061668396, -0.5982871651649475, -0.4179218113422394, -0.8295234441757202, -0.37044841051101685], "cam_t_m2c": [16.872913360595703, 18.09408950805664, 635.434326171875], "obj_id": 1}, {"cam_R_m2c": [0.8127553462982178, -0.58223956823349, 0.020634258165955544, 0.4411543011665344, 0.6381738185882568, 0.6309651732444763, -0.3805411458015442, -0.5037174224853516, 0.7755367159843445], "cam_t_m2c": [-193.42294311523438, -0.9534749984741211, 821.2195434570312], "obj_id": 1}, {"cam_R_m2c": [-0.31661704182624817, 0.9130974411964417, 0.2569176256656647, 0.300625741481781, 0.3534840941429138, -0.88581782579422, -0.8996542692184448, -0.20322896540164948, -0.3864196836948395], "cam_t_m2c": [-150.4305419921875, -150.8416748046875, 855.0345458984375], "obj_id": 1}, {"cam_R_m2c": [0.06965452432632446, -0.9865149259567261, -0.14810970425605774, 0.6693667769432068, 0.15630483627319336, -0.7263035774230957, 0.7396596074104309, -0.04854942485690117, 0.6712276935577393], "cam_t_m2c": [139.49520874023438, 211.8770294189453, 687.6388549804688], "obj_id": 1}, {"cam_R_m2c": [0.22772450745105743, -0.7090362906455994, 0.6673897504806519, 0.8131475448608398, -0.23857179284095764, -0.5309186577796936, 0.5356609225273132, 0.6635895371437073, 0.5222224593162537], "cam_t_m2c": [-236.9310302734375, -184.20957946777344, 814.3387451171875], "obj_id": 1}, {"cam_R_m2c": [-0.6625785827636719, 0.7489920854568481, 0.00034927178057841957, -0.5475403070449829, -0.48405060172080994, -0.6825644969940186, -0.5110664367675781, -0.4524439871311188, 0.7308252453804016], "cam_t_m2c": [58.251380920410156, 141.3769073486328, 829.88037109375], "obj_id": 3}, {"cam_R_m2c": [-0.2528377175331116, -0.15668310225009918, -0.9547373056411743, 0.3799264132976532, 0.8914542198181152, -0.2469114363193512, 0.8897914290428162, -0.4251585006713867, -0.1658651977777481], "cam_t_m2c": [24.85145378112793, 5.791605472564697, 883.6358642578125], "obj_id": 3}, {"cam_R_m2c": [0.09421496093273163, -0.5561422109603882, 0.8257297277450562, 0.5460126996040344, -0.6646797060966492, -0.5099719166755676, 0.8324625492095947, 0.49890586733818054, 0.2410377562046051], "cam_t_m2c": [51.457645416259766, -38.521217346191406, 691.1345825195312], "obj_id": 3}, {"cam_R_m2c": [-0.9434088468551636, 0.09864513576030731, 0.3166206479072571, 0.20474658906459808, 0.9243017435073853, 0.3220948576927185, -0.2608799338340759, 0.36869415640830994, -0.8921917080879211], "cam_t_m2c": [186.15357971191406, -4.634568691253662, 703.9946899414062], "obj_id": 1}, {"cam_R_m2c": [0.8738034963607788, -0.48567822575569153, 0.024167954921722412, -0.43717628717422485, -0.8063623905181885, -0.3983170688152313, 0.21294206380844116, 0.3374851942062378, -0.916929304599762], "cam_t_m2c": [-81.25489807128906, 41.62814712524414, 803.2385864257812], "obj_id": 3}, {"cam_R_m2c": [-0.11681731790304184, -0.2399175465106964, -0.9637390971183777, 0.04882116988301277, -0.9705968499183655, 0.23570702970027924, -0.9919525980949402, -0.01951618492603302, 0.12509581446647644], "cam_t_m2c": [48.409332275390625, -35.86838150024414, 610.4332885742188], "obj_id": 1}, {"cam_R_m2c": [0.7698356509208679, 0.5307897925376892, -0.3544224798679352, -0.2616868317127228, 0.768988847732544, 0.5832462310791016, 0.58212810754776, -0.35625603795051575, 0.7308956980705261], "cam_t_m2c": [44.13874435424805, -136.33697509765625, 646.1414184570312], "obj_id": 1}, {"cam_R_m2c": [0.3634316623210907, 0.49288415908813477, -0.7905584573745728, -0.6848830580711365, 0.7166100740432739, 0.1319289207458496, 0.6315478086471558, 0.4934929311275482, 0.5980067849159241], "cam_t_m2c": [-91.60000610351562, 91.24517822265625, 704.0721435546875], "obj_id": 3}, {"cam_R_m2c": [0.36624476313591003, -0.9214248061180115, 0.12977349758148193, -0.7814902663230896, -0.3802873194217682, -0.49462586641311646, 0.5051116943359375, 0.07973743975162506, -0.859362781047821], "cam_t_m2c": [4.563511848449707, 130.54351806640625, 996.5523681640625], "obj_id": 3}, {"cam_R_m2c": [-0.1787722110748291, 0.8567154407501221, 0.4838171601295471, 0.12980955839157104, 0.5079779028892517, -0.8515326380729675, -0.9752896428108215, -0.08942633867263794, -0.20202215015888214], "cam_t_m2c": [-224.36370849609375, 177.8380126953125, 908.2977905273438], "obj_id": 3}, {"cam_R_m2c": [-0.29132524132728577, 0.9294725060462952, 0.22629719972610474, 0.28906840085983276, -0.13996678590774536, 0.9470210075378418, 0.9119040966033936, 0.34130650758743286, -0.2279052734375], "cam_t_m2c": [-25.49300193786621, -113.84736633300781, 581.7816772460938], "obj_id": 1}, {"cam_R_m2c": [-0.2012585997581482, 0.2021765410900116, 0.9584463834762573, -0.15083274245262146, 0.9604015350341797, -0.2342614382505417, -0.9678555130958557, -0.19171224534511566, -0.16279421746730804], "cam_t_m2c": [-173.12060546875, 177.93124389648438, 721.2533569335938], "obj_id": 1}, {"cam_R_m2c": [0.36189350485801697, -0.9270948171615601, -0.097612664103508, -0.9098488092422485, -0.3284659683704376, -0.2535451352596283, 0.20299795269966125, 0.1805690973997116, -0.9623858332633972], "cam_t_m2c": [-195.7084197998047, 183.7432861328125, 710.2537231445312], "obj_id": 3}, {"cam_R_m2c": [0.21328423917293549, 0.5123198628425598, -0.8318883180618286, 0.6665000319480896, -0.6988747119903564, -0.2595222294330597, -0.7143441438674927, -0.49910157918930054, -0.4905201196670532], "cam_t_m2c": [-18.07817268371582, 54.427764892578125, 860.50048828125], "obj_id": 3}, {"cam_R_m2c": [0.3969822824001312, -0.8360236883163452, -0.37877362966537476, 0.8820432424545288, 0.23339462280273438, 0.40930020809173584, -0.25378093123435974, -0.49657967686653137, 0.8300625681877136], "cam_t_m2c": [203.019287109375, 229.18043518066406, 711.9108276367188], "obj_id": 3}, {"cam_R_m2c": [-0.5219258666038513, -0.16446764767169952, 0.8369849324226379, 0.10057414323091507, -0.98625648021698, -0.1310836374759674, 0.8470408320426941, 0.015763096511363983, 0.5312939882278442], "cam_t_m2c": [80.4869384765625, 187.31297302246094, 871.7349243164062], "obj_id": 3}, {"cam_R_m2c": [-0.9733467102050781, -0.14549802243709564, -0.1772744208574295, -0.22881203889846802, 0.5637819170951843, 0.7935962080955505, -0.015522589907050133, 0.8130069375038147, -0.5820468664169312], "cam_t_m2c": [-54.843379974365234, -25.899412155151367, 544.5175170898438], "obj_id": 3}, {"cam_R_m2c": [0.5177740454673767, -0.826062023639679, 0.22255678474903107, -0.304484099149704, 0.0651748850941658, 0.9502849578857422, -0.7994994521141052, -0.5597978830337524, -0.21777686476707458], "cam_t_m2c": [39.36054229736328, 92.67589569091797, 710.6485595703125], "obj_id": 3}, {"cam_R_m2c": [0.9968039989471436, -0.07801900058984756, 0.0171718318015337, -0.026119694113731384, -0.5214358568191528, -0.8528905510902405, 0.07549567520618439, 0.8497161865234375, -0.5218071937561035], "cam_t_m2c": [-19.51861000061035, -147.96511840820312, 625.2866821289062], "obj_id": 3}, {"cam_R_m2c": [-0.028015147894620895, 0.6791123747825623, -0.73349928855896, -0.08634476363658905, 0.7294008135795593, 0.6786155104637146, 0.9958711862564087, 0.08234544098377228, 0.03820357471704483], "cam_t_m2c": [-46.43024826049805, 218.37001037597656, 649.8642578125], "obj_id": 1}, {"cam_R_m2c": [0.6590538024902344, -0.053009431809186935, -0.7502253651618958, -0.1431370973587036, -0.988121509552002, -0.055923569947481155, -0.7383493781089783, 0.14424172043800354, -0.6588128805160522], "cam_t_m2c": [-156.9529571533203, -102.32048034667969, 577.6041870117188], "obj_id": 3}, {"cam_R_m2c": [-0.2084863930940628, -0.7506635785102844, 0.6269273161888123, 0.3841898441314697, 0.5266259908676147, 0.7583292722702026, -0.899406373500824, 0.3989603519439697, 0.17860287427902222], "cam_t_m2c": [48.42716979980469, 24.653793334960938, 687.6641235351562], "obj_id": 1}, {"cam_R_m2c": [0.018449218943715096, -0.17310728132724762, -0.984730064868927, -0.6546574831008911, -0.7465057373046875, 0.1189642995595932, -0.755700409412384, 0.6424661874771118, -0.12709830701351166], "cam_t_m2c": [89.9567642211914, 169.01466369628906, 859.4561767578125], "obj_id": 3}, {"cam_R_m2c": [-0.5438954830169678, 0.47868970036506653, 0.6892269849777222, -0.6496491432189941, -0.7600814700126648, 0.015237264335155487, 0.5311625599861145, -0.43946823477745056, 0.7243852019309998], "cam_t_m2c": [89.89274597167969, -122.38843536376953, 799.9262084960938], "obj_id": 3}, {"cam_R_m2c": [0.7118445634841919, -0.6868234276771545, -0.14680205285549164, 0.6942107677459717, 0.6563628315925598, 0.29539671540260315, -0.10652998834848404, -0.31218811869621277, 0.9440285563468933], "cam_t_m2c": [57.398040771484375, -138.59178161621094, 772.9766235351562], "obj_id": 1}, {"cam_R_m2c": [0.9281046390533447, 0.1730976551771164, 0.32963454723358154, 0.024020973592996597, -0.9113481640815735, 0.4109346866607666, 0.3715437054634094, -0.3734722435474396, -0.8499844670295715], "cam_t_m