{
  "0": [{"cam_R_m2c": [0.0397251732647419, 0.7144045829772949, 0.6986042261123657, -0.976177453994751, -0.12150421738624573, 0.17976124584674835, 0.21330569684505463, -0.6891027688980103, 0.692559003829956], "cam_t_m2c": [-39.889930725097656, 12.984075546264648, 375.3632507324219], "obj_id": 0}, {"cam_R_m2c": [-0.9494637250900269, -0.02662425860762596, -0.3127453923225403, -0.011038371361792088, -0.9929472208023071, 0.1180417612195015, -0.3136824667453766, 0.11552857607603073, 0.9424735903739929], "cam_t_m2c": [-278.02984619140625, -28.290987014770508, 412.19000244140625], "obj_id": 1}, {"cam_R_m2c": [-0.13590091466903687, 0.6715596914291382, -0.7283807396888733, 0.023984018713235855, -0.7327560186386108, -0.6800686120986938, -0.99043208360672, -0.10989145934581757, 0.08347554504871368], "cam_t_m2c": [-57.72647476196289, -38.662513732910156, 155.15687561035156], "obj_id": 2}, {"cam_R_m2c": [0.41560426354408264, 0.26244255900382996, -0.8708599209785461, 0.7786750793457031, 0.3921410143375397, 0.4897862374782562, 0.4700406491756439, -0.8816741704940796, -0.04138200730085373], "cam_t_m2c": [133.6971893310547, -236.48272705078125, 288.4317626953125], "obj_id": 3}, {"cam_R_m2c": [0.3804329037666321, -0.02514851838350296, -0.9244664907455444, 0.7691900730133057, -0.5463719964027405, 0.33139723539352417, -0.5134367942810059, -0.8371649384498596, -0.188513845205307], "cam_t_m2c": [-169.96823120117188, -67.63995361328125, 467.6397399902344], "obj_id": 0}, {"cam_R_m2c": [-0.9665530323982239, -0.2467665672302246, 0.0698678269982338, -0.2484770268201828, 0.9684918522834778, -0.01681482046842575, -0.06351708620786667, -0.033612966537475586, -0.9974145293235779], "cam_t_m2c": [-222.4280548095703, -64.9157485961914, 453.6788330078125], "obj_id": 1}, {"cam_R_m2c": [-0.04943140223622322, 0.9552173614501953, 0.29174697399139404, -0.33013734221458435, 0.26005882024765015, -0.9074022173881531, -0.9426377415657043, -0.14117074012756348, 0.30249786376953125], "cam_t_m2c": [-316.27685546875, -31.392297744750977, 349.6507873535156], "obj_id": 2}, {"cam_R_m2c": [-0.6676700711250305, -0.2778855860233307, -0.6906490325927734, 0.6239215135574341, 0.29723185300827026, -0.7227551937103271, 0.40612611174583435, -0.9134728908538818, -0.025073928758502007], "cam_t_m2c": [-99.418212890625, -136.76893615722656, 498.9919738769531], "obj_id": 3}, {"cam_R_m2c": [0.12898322939872742, 0.047150857746601105, -0.9905251264572144, 0.21270506083965302, -0.9769353270530701, -0.018806157633662224, -0.968565821647644, -0.2082640379667282, -0.13603737950325012], "cam_t_m2c": [30.095815658569336, 1.4333089590072632, 327.09893798828125], "obj_id": 0}, {"cam_R_m2c": [0.3352181315422058, -0.2380448281764984, -0.9115719795227051, -0.922003448009491, -0.281861811876297, -0.2654497027397156, -0.19374841451644897, 0.9294560551643372, -0.3139633238315582], "cam_t_m2c": [-166.41622924804688, 33.37910842895508, 335.3694763183594], "obj_id": 1}, {"cam_R_m2c": [-0.41718360781669617, 0.7984136939048767, -0.4341583847999573, 0.6541799902915955, 0.5954278707504272, 0.4663842022418976, 0.6308774948120117, -0.08944988995790482, -0.7707089781761169], "cam_t_m2c": [-198.45530700683594, 48.869834899902344, 305.93170166015625], "obj_id": 2}, {"cam_R_m2c": [-0.9028090834617615, 0.23150131106376648, 0.36241233348846436, 0.33182284235954285, 0.9110690951347351, 0.24463577568531036, -0.2735491693019867, 0.34111613035202026, -0.8993389010429382], "cam_t_m2c": [-163.2906951904297, -23.8734073638916, 427.61761474609375], "obj_id": 3}, {"cam_R_m2c": [-0.3169676661491394, 0.7552944421768188, 0.5736390352249146, -0.6767302751541138, 0.24365398287773132, -0.6947437524795532, -0.6645055413246155, -0.6084101796150208, 0.43390023708343506], "cam_t_m2c": [-52.02997589111328, -48.10227584838867, 297.2322082519531], "obj_id": 0}, {"cam_R_m2c": [0.3980622887611389, -0.9142876267433167, 0.0749972015619278, 0.7813377976417542, 0.2950671911239624, -0.5499514937400818, 0.48068463802337646, 0.2775130867958069, 0.8318225741386414], "cam_t_m2c": [-145.08773803710938, 8.097248077392578, 384.5688781738281], "obj_id": 1}, {"cam_R_m2c": [0.8896353840827942, 0.41857683658599854, -0.18259860575199127, -0.44763097167015076, 0.720114529132843, -0.5301523804664612, -0.09041762351989746, 0.5533791184425354, 0.8280073404312134], "cam_t_m2c": [-102.09992980957031, 55.53921890258789, 316.4803771972656], "obj_id": 2}, {"cam_R_m2c": [0.18618471920490265, 0.8701701164245605, -0.4562225043773651, 0.6246288418769836, 0.2535935044288635, 0.7385992407798767, 0.7584021091461182, -0.4224855899810791, -0.49631813168525696], "cam_t_m2c": [-13.380149841308594, -208.12594604492188, 286.4438171386719], "obj_id": 3}]
}