{
  "0": [{"cam_R_m2c": [-0.4315885901451111, -0.49135246872901917, 0.7565077543258667, 0.5312281847000122, 0.5393498539924622, 0.6533745527267456, -0.7290595769882202, 0.6838672757148743, 0.028243033215403557], "cam_t_m2c": [1833.722900390625, 441.303955078125, 2062.8310546875], "obj_id": 0}, {"cam_R_m2c": [-0.8308628797531128, -0.2559637129306793, 0.4941144585609436, 0.2706105411052704, -0.9617207646369934, -0.04315873980522156, 0.48624730110168457, 0.09785359352827072, 0.8683249354362488], "cam_t_m2c": [172.80027770996094, -35.63362503051758, 1224.4432373046875], "obj_id": 2}, {"cam_R_m2c": [-0.2870442569255829, -0.19400636851787567, -0.9380654692649841, 0.6884931325912476, 0.6390865445137024, -0.34284910559654236, 0.6660199165344238, -0.7442646026611328, -0.049873996526002884], "cam_t_m2c": [1846.1717529296875, 344.75048828125, 1953.116943359375], "obj_id": 2}],
  "1": [{"cam_R_m2c": [-0.49004071950912476, -0.5230599045753479, 0.6973295211791992, -0.033475615084171295, 0.8106675148010254, 0.5845490097999573, -0.8710565567016602, 0.2631092667579651, -0.41476985812187195], "cam_t_m2c": [1811.7529296875, 1190.9630126953125, 1532.0634765625], "obj_id": 0}, {"cam_R_m2c": [-0.8417001962661743, -0.16956986486911774, 0.5126276016235352, 0.45785415172576904, -0.727384090423584, 0.5111576318740845, 0.2862001955509186, 0.6649500727653503, 0.689877450466156], "cam_t_m2c": [182.6697540283203, 212.66773986816406, 1252.0804443359375], "obj_id": 2}, {"cam_R_m2c": [-0.33285343647003174, -0.26305675506591797, -0.9055439829826355, 0.9314828515052795, 0.05776882544159889, -0.3591693937778473, 0.14679421484470367, -0.9630493521690369, 0.2258041799068451], "cam_t_m2c": [1830.428955078125, 1049.134765625, 1500.3013916015625], "obj_id": 2}]
}