{
  "0": [{"cam_R_m2c": [0.9635338187217712, 0.16203108429908752, -0.21295198798179626, 0.2655881941318512, -0.48200756311416626, 0.8349440693855286, 0.0326424315571785, -0.8610544204711914, -0.5074641108512878], "cam_t_m2c": [-50.1795768737793, -21.40884780883789, 398.0272521972656], "obj_id": 3}, {"cam_R_m2c": [-0.9615471363067627, 0.13499900698661804, -0.23917050659656525, -0.2743130028247833, -0.5145817399024963, 0.8123780488967896, -0.013402539305388927, 0.8467472791671753, 0.5318264961242676], "cam_t_m2c": [-85.96682739257812, -10.279078483581543, 312.68438720703125], "obj_id": 3}, {"cam_R_m2c": [-0.9095435738563538, 0.10433533042669296, -0.4022989869117737, -0.3630013167858124, 0.27193865180015564, 0.8912235498428345, 0.202386736869812, 0.9566417932510376, -0.2094661444425583], "cam_t_m2c": [84.00562286376953, 6.384246349334717, 358.97784423828125], "obj_id": 3}, {"cam_R_m2c": [-0.7487104535102844, 0.6619860529899597, 0.034738555550575256, -0.09530821442604065, -0.15935777127742767, 0.9826093912124634, 0.6560096144676208, 0.7323791980743408, 0.1824057698249817], "cam_t_m2c": [-70.3099594116211, 29.355968475341797, 400.576171875], "obj_id": 1}, {"cam_R_m2c": [-0.029970737174153328, 0.9174096584320068, -0.3968139588832855, 0.9397280812263489, 0.16114044189453125, 0.30157068371772766, 0.3406066298484802, -0.3638589382171631, -0.8669450879096985], "cam_t_m2c": [-111.53028869628906, 71.052001953125, 91.35767364501953], "obj_id": 0}, {"cam_R_m2c": [-0.4492470622062683, -0.7372304797172546, 0.5046465396881104, 0.7410286068916321, -0.6230107545852661, -0.2504675090312958, 0.4990525543689728, 0.26143574714660645, 0.8261948227882385], "cam_t_m2c": [95.27808380126953, -47.25651550292969, 462.4736328125], "obj_id": 0}, {"cam_R_m2c": [-0.2544102668762207, 0.6783648729324341, -0.689272403717041, 0.8713492751121521, 0.46998700499534607, 0.14093466103076935, 0.4195541441440582, -0.5647417902946472, -0.7106622457504272], "cam_t_m2c": [-88.45015716552734, 46.11891174316406, 311.6216125488281], "obj_id": 2}, {"cam_R_m2c": [0.5634973049163818, 0.4450896382331848, 0.6959640979766846, -0.8036112189292908, 0.49063217639923096, 0.33688148856163025, -0.19151996076107025, -0.7491163611412048, 0.634148895740509], "cam_t_m2c": [-164.4664306640625, 38.430606842041016, 190.31309509277344], "obj_id": 1}, {"cam_R_m2c": [0.9211145639419556, 0.3024459481239319, 0.24510078132152557, 0.35049423575401306, -0.3703073561191559, -0.8602478504180908, -0.16941586136817932, 0.8782932758331299, -0.44710108637809753], "cam_t_m2c": [-128.3462677001953, 18.787511825561523, 287.1316223144531], "obj_id": 3}, {"cam_R_m2c": [0.015742110088467598, -0.7656872272491455, -0.6430204510688782, 0.4374980330467224, -0.5729964971542358, 0.6930155754089355, -0.8990815877914429, -0.2922297418117523, 0.32596638798713684], "cam_t_m2c": [114.13301086425781, -9.123594284057617, 446.0534362792969], "obj_id": 3}, {"cam_R_m2c": [-0.4006563127040863, -0.5454702973365784, 0.7361633777618408, 0.7270353436470032, -0.6782335638999939, -0.10685798525810242, 0.5575786232948303, 0.492403507232666, 0.6683149337768555], "cam_t_m2c": [-157.9163818359375, -179.36351013183594, 583.3191528320312], "obj_id": 0}, {"cam_R_m2c": [0.6760547757148743, 0.09179889410734177, 0.731110692024231, 0.4704698622226715, 0.7098603844642639, -0.5241720080375671, -0.5671049356460571, 0.6983345746994019, 0.43671590089797974], "cam_t_m2c": [-9.737024307250977, -0.9334185123443604, 346.93865966796875], "obj_id": 3}, {"cam_R_m2c": [-0.47468385100364685, -0.8306929469108582, 0.29090288281440735, 0.7620245218276978, -0.5532721877098083, -0.33646464347839355, 0.44044727087020874, 0.061960797756910324, 0.8956378102302551], "cam_t_m2c": [6.361184597015381, -210.7852783203125, 757.4337768554688], "obj_id": 0}, {"cam_R_m2c": [-0.25440075993537903, -0.9311200976371765, -0.261334091424942, 0.8713546395301819, -0.10345780104398727, -0.4796222448348999, 0.4195488691329956, -0.3497309684753418, 0.8376556634902954], "cam_t_m2c": [-298.51287841796875, -42.45615005493164, 368.2062683105469], "obj_id": 2}, {"cam_R_m2c": [-0.047463309019804, 0.8483774065971375, 0.5272598266601562, 0.8337633609771729, -0.2570400834083557, 0.4886399507522583, 0.5500780344009399, 0.4628024399280548, -0.6951459646224976], "cam_t_m2c": [194.57789611816406, -79.83132934570312, 590.3397216796875], "obj_id": 0}, {"cam_R_m2c": [-0.3601566553115845, 0.9291583299636841, 0.08337746560573578, 0.3172532916069031, 0.20603857934474945, -0.9256880283355713, -0.8772897720336914, -0.3069410026073456, -0.3689846694469452], "cam_t_m2c": [-190.26914978027344, -108.97112274169922, 520.3681030273438], "obj_id": 3}, {"cam_R_m2c": [0.3879457712173462, 0.058682288974523544, 0.9198122024536133, 0.48933684825897217, 0.8325907588005066, -0.2595035135746002, -0.7810553908348083, 0.5507712960243225, 0.2942846715450287], "cam_t_m2c": [-97.968994140625, -54.80678939819336, 399.3233947753906], "obj_id": 3}, {"cam_R_m2c": [-0.3046400547027588, 0.38068410754203796, 0.8730830550193787, 0.85151606798172, -0.3018488883972168, 0.4287278354167938, 0.426749050617218, 0.8740519285202026, -0.23220336437225342], "cam_t_m2c": [217.5731964111328, 149.34039306640625, 232.94627380371094], "obj_id": 0}, {"cam_R_m2c": [-0.8343594074249268, 0.4491244852542877, -0.31958043575286865, 0.5292450785636902, 0.4906461238861084, -0.6922182440757751, -0.1540912389755249, -0.7466951608657837, -0.6470721364021301], "cam_t_m2c": [-89.92337799072266, -71.72730255126953, 401.73175048828125], "obj_id": 1}, {"cam_R_m2c": [0.5131832957267761, 0.014319924637675285, 0.858159601688385, -0.24607497453689575, -0.9554300308227539, 0.16309699416160583, 0.8222469687461853, -0.2948702573776245, -0.48678696155548096], "cam_t_m2c": [-163.0291290283203, -65.84786987304688, 454.6651611328125], "obj_id": 3}, {"cam_R_m2c": [0.00508477259427309, 0.2242182195186615, -0.9745256900787354, 0.4350126385688782, -0.8779913187026978, -0.19973789155483246, -0.900409996509552, -0.42291536927223206, -0.10200212895870209], "cam_t_m2c": [-35.997901916503906, -30.576618194580078, 449.9237060546875], "obj_id": 3}, {"cam_R_m2c": [-0.24230694770812988, 0.9648110270500183, -0.10211235284805298, 0.41830018162727356, 0.19885413348674774, 0.8862741589546204, 0.8753925561904907, 0.17203682661056519, -0.451764315366745], "cam_t_m2c": [-76.90650177001953, -47.88748550415039, 540.2288208007812], "obj_id": 1}, {"cam_R_m2c": [-0.25439783930778503, 0.8285815715789795, -0.49873268604278564, 0.8713563680648804, 0.4201028645038605, 0.2534790337085724, 0.41954708099365234, -0.3700893819332123, -0.8288630843162537], "cam_t_m2c": [-140.72779846191406, 44.76565170288086, 282.7342834472656], "obj_id": 2}, {"cam_R_m2c": [0.325955867767334, 0.1629754900932312, -0.9312313199043274, -0.9398949146270752, -0.0501372404396534, -0.3377629220485687, -0.10173645615577698, 0.9853553771972656, 0.13683731853961945], "cam_t_m2c": [-245.46080017089844, -99.381591796875, 513.0665893554688], "obj_id": 0}, {"cam_R_m2c": [0.24694059789180756, -0.9665988087654114, 0.0686081126332283, -0.968133270740509, -0.24304652214050293, 0.06038517877459526, -0.04169327765703201, -0.08133334666490555, -0.9958145022392273], "cam_t_m2c": [-65.42266845703125, -106.6037826538086, 458.5789794921875], "obj_id": 1}, {"cam_R_m2c": [0.9664292931556702, -0.152423694729805, -0.20683668553829193, 0.24500694870948792, 0.7891303300857544, 0.5632449984550476, 0.07736921310424805, -0.595012903213501, 0.799983561038971], "cam_t_m2c": [-28.293996810913086, -48.142601013183594, 406.52166748046875], "obj_id": 3}, {"cam_R_m2c": [-0.9287877678871155, -0.3706008493900299, 0.0028825642075389624, -0.1867053508758545, 0.46116775274276733, -0.8674476146697998, 0.32014748454093933, -0.8062129616737366, -0.4975201189517975], "cam_t_m2c": [33.40678787231445, -46.644371032714844, 500.27490234375], "obj_id": 3}, {"cam_R_m2c": [0.19721196591854095, 0.963127076625824, -0.18301275372505188, 0.8647879958152771, -0.08297165483236313, 0.4952346086502075, 0.46178898215293884, -0.2559334337711334, -0.8492637276649475], "cam_t_m2c": [-87.514892578125, -32.591590881347656, 321.17718505859375], "obj_id": 0}, {"cam_R_m2c": [-0.026487965136766434, -0.8190104961395264, -0.5731666088104248, -0.9959816336631775, -0.027446430176496506, 0.08524685353040695, -0.08554951846599579, 0.5731214880943298, -0.814992368221283], "cam_t_m2c": [-193.05560302734375, -67.86492919921875, 453.1667785644531], "obj_id": 0}, {"cam_R_m2c": [-0.1014893651008606, -0.8727991580963135, 0.4774111211299896, -0.8581287264823914, 0.31958770751953125, 0.4018441140651703, -0.5033039450645447, -0.36889728903770447, -0.7814087867736816], "cam_t_m2c": [2.715068817138672, 1.3920245170593262, 312.9553527832031], "obj_id": 2}, {"cam_R_m2c": [-0.5214136242866516, 0.6339716911315918, 0.5711458921432495, -0.6556429266929626, 0.13073353469371796, -0.7436673045158386, -0.5461319088935852, -0.7622261047363281, 0.34749284386634827], "cam_t_m2c": [-154.27618408203125, -152.3225555419922, 407.1585388183594], "obj_id": 1}, {"cam_R_m2c": [0.36856117844581604, 0.9295953512191772, 0.0038934138137847185, -0.8224867582321167, 0.3280414044857025, -0.4646551012992859, -0.43321841955184937, 0.16805154085159302, 0.8854832053184509], "cam_t_m2c": [97.59349822998047, -115.66798400878906, 754.90673828125], "obj_id": 0}, {"cam_R_m2c": [0.3605579435825348, 0.6787919402122498, -0.6397181749343872, -0.862855076789856, -0.01773444376885891, -0.5051400065422058, -0.3542301058769226, 0.7341163158416748, 0.5793048739433289], "cam_t_m2c": [11.175026893615723, -12.368815422058105, 487.96392822265625], "obj_id": 0}, {"cam_R_m2c": [-0.265312135219574, -0.9359490275382996, 0.23153585195541382, 0.7742847204208374, -0.34992673993110657, -0.5272897481918335, 0.574536919593811, 0.03937830775976181, 0.8175308704376221], "cam_t_m2c": [-136.2637176513672, -70.11629486083984, 436.7023010253906], "obj_id": 1}, {"cam_R_m2c": [0.5389580726623535, 0.37837156653404236, -0.7525683641433716, 0.6524648070335388, -0.7525882720947266, 0.08888661116361618, -0.532741904258728, -0.5389305353164673, -0.6524876952171326], "cam_t_m2c": [-125.08390808105469, -42.96578598022461, 430.1494445800781], "obj_id": 3}, {"cam_R_m2c": [-0.10314057767391205, -0.8411020636558533, -0.530951201915741, -0.9939485788345337, 0.06687392294406891, 0.08714322000741959, -0.03778960183262825, 0.5367262363433838, -0.842909574508667], "cam_t_m2c": [-142.1240997314453, -60.738922119140625, 495.4688720703125], "obj_id": 0}, {"cam_R_m2c": [-0.3301456570625305, -0.3497770130634308, -0.8767324686050415, 0.9436776041984558, -0.14378073811531067, -0.2979927062988281, -0.021826252341270447, -0.9257338047027588, 0.3775453567504883], "cam_t_m2c": [-131.01666259765625, 0.7405877113342285, 225.57171630859375], "obj_id": 0}, {"cam_R_m2c": [0.20853807032108307, 0.9723300337791443, 0.10529078543186188, -0.8894526958465576, 0.2333182692527771, -0.3929840326309204, -0.40667644143104553, -0.011699048802256584, 0.9134973287582397], "cam_t_m2c": [1.2596632242202759, -28.612934112548828, 374.3901062011719], "obj_id": 2}, {"cam_R_m2c": [0.13914623856544495, -0.5146548748016357, -0.846031129360199, -0.9859426021575928, 0.0078000258654356, -0.16690227389335632, 0.09249613434076309, 0.8573619723320007, -0.5063347816467285], "cam_t_m2c": [-69.61338806152344, -107.85521697998047, 637.2926025390625], "obj_id": 0}, {"cam_R_m2c": [0.2200774997472763, -0.8809748888015747, -0.418866366147995, -0.8972368836402893, -0.35131412744522095, 0.2674775719642639, -0.38279473781585693, 0.3169565796852112, -0.8677594661712646], "cam_t_m2c": [-91.47972869873047, -86.38601684570312, 364.93145751953125], "obj_id": 1}, {"cam_R_m2c": [-0.07151170819997787, -0.9696840643882751, -0.23366396129131317, 0.9368640780448914, 0.01509550865739584, -0.3493676483631134, 0.3423035144805908, -0.2438952624797821, 0.9073827266693115], "cam_t_m2c": [-149.8445281982422, 17.711393356323242, 333.39508056640625], "obj_id": 2}],
  "1": [{"cam_R_m2c": [0.9635338187217712, 0.16203108429908752, -0.21295198798179626, 0.2655881941318512, -0.48200756311416626, 0.8349440693855286, 0.0326424315571785, -0.8610544204711914, -0.5074641108512878], "cam_t_m2c": [-50.1795768737793, -21.40884780883789, 398.0272521972656], "obj_id": 3}, {"cam_R_m2c": [-0.9615471363067627, 0.13499900698661804, -0.23917050659656525, -0.2743130028247833, -0.5145817399024963, 0.8123780488967896, -0.013402539305388927, 0.8467472791671753, 0.5318264961242676], "cam_t_m2c": [-85.96682739257812, -10.279078483581543, 312.68438720703125], "obj_id": 3}, {"cam_R_m2c": [-0.9095435738563538, 0.10433533042669296, -0.4022989869117737, -0.3630013167858124, 0.27193865180015564, 0.8912235498428345, 0.202386736869812, 0.9566417932510376, -0.2094661444425583], "cam_t_m2c": [84.00562286376953, 6.384246349334717, 358.97784423828125], "obj_id": 3}, {"cam_R_m2c": [-0.7487104535102844, 0.6619860529899597, 0.034738555550575256, -0.09530821442604065, -0.15935777127742767, 0.9826093912124634, 0.6560096144676208, 0.7323791980743408, 0.1824057698249817], "cam_t_m2c": [-70.3099594116211, 29.355968475341797, 400.576171875], "obj_id": 1}, {"cam_R_m2c": [-0.029970737174153328, 0.9174096584320068, -0.3968139588832855, 0.9397280812263489, 0.16114044189453125, 0.30157068371772766, 0.3406066298484802, -0.3638589382171631, -0.8669450879096985], "cam_t_m2c": [-111.53028869628906, 71.052001953125, 91.35767364501953], "obj_id": 0}, {"cam_R_m2c": [-0.4492470622062683, -0.7372304797172546, 0.5046465396881104, 0.7410286068916321, -0.6230107545852661, -0.2504675090312958, 0.4990525543689728, 0.26143574714660645, 0.8261948227882385], "cam_t_m2c": [95.27808380126953, -47.25651550292969, 462.4736328125], "obj_id": 0}, {"cam_R_m2c": [-0.2544102668762207, 0.6783648729324341, -0.689272403717041, 0.8713492751121521, 0.46998700499534607, 0.14093466103076935, 0.4195541441440582, -0.5647417902946472, -0.7106622457504272], "cam_t_m2c": [-88.45015716552734, 46.11891174316406, 311.6216125488281], "obj_id": 2}, {"cam_R_m2c": [0.5634973049163818, 0.4450896382331848, 0.6959640979766846, -0.8036112189292908, 0.49063217639923096, 0.33688148856163025, -0.19151996076107025, -0.7491163611412048, 0.634148895740509], "cam_t_m2c": [-164.4664306640625, 38.430606842041016, 190.31309509277344], "obj_id": 1}, {"cam_R_m2c": [0.9211145639419556, 0.3024459481239319, 0.24510078132152557, 0.35049423575401306, -0.3703073561191559, -0.8602478504180908, -0.16941586136817932, 0.8782932758331299, -0.44710108637809753], "cam_t_m2c": [-128.3462677001953, 18.787511825561523, 287.1316223144531], "obj_id": 3}, {"cam_R_m2c": [0.015742110088467598, -0.7656872272491455, -0.6430204510688782, 0.4374980330467224, -0.5729964971542358, 0.6930155754089355, -0.8990815877914429, -0.2922297418117523, 0.32596638798713684], "cam_t_m2c": [114.13301086425781, -9.123594284057617, 446.0534362792969], "obj_id": 3}, {"cam_R_m2c": [-0.4006563127040863, -0.5454702973365784, 0.7361633777618408, 0.7270353436470032, -0.6782335638999939, -0.10685798525810242, 0.5575786232948303, 0.492403507232666, 0.6683149337768555], "cam_t_m2c": [-157.9163818359375, -179.36351013183594, 583.3191528320312], "obj_id": 0}, {"cam_R_m2c": [0.6760547757148743, 0.09179889410734177, 0.731110692024231, 0.4704698622226715, 0.7098603844642639, -0.5241720080375671, -0.5671049356460571, 0.6983345746994019, 0.43671590089797974], "cam_t_m2c": [-9.737024307250977, -0.9334185123443604, 346.93865966796875], "obj_id": 3}, {"cam_R_m2c": [-0.47468385100364685, -0.8306929469108582, 0.29090288281440735, 0.7620245218276978, -0.5532721877098083, -0.33646464347839355, 0.44044727087020874, 0.061960797756910324, 0.8956378102302551], "cam_t_m2c": [6.361184597015381, -210.7852783203125, 757.4337768554688], "obj_id": 0}, {"cam_R_m2c": [-0.25440075993537903, -0.9311200976371765, -0.261334091424942, 0.8713546395301819, -0.10345780104398727, -0.4796222448348999, 0.4195488691329956, -0.3497309684753418, 0.8376556634902954], "cam_t_m2c": [-298.51287841796875, -42.45615005493164, 368.2062683105469], "obj_id": 2}, {"cam_R_m2c": [-0.047463309019804, 0.8483774065971375, 0.5272598266601562, 0.8337633609771729, -0.2570400834083557, 0.4886399507522583, 0.5500780344009399, 0.4628024399280548, -0.6951459646224976], "cam_t_m2c": [194.57789611816406, -79.83132934570312, 590.3397216796875], "obj_id": 0}, {"cam_R_m2c": [-0.3601566553115845, 0.9291583299636841, 0.08337746560573578, 0.3172532916069031, 0.20603857934474945, -0.9256880283355713, -0.8772897720336914, -0.3069410026073456, -0.3689846694469452], "cam_t_m2c": [-190.26914978027344, -108.97112274169922, 520.3681030273438], "obj_id": 3}, {"cam_R_m2c": [0.3879457712173462, 0.058682288974523544, 0.9198122024536133, 0.48933684825897217, 0.8325907588005066, -0.2595035135746002, -0.7810553908348083, 0.5507712960243225, 0.2942846715450287], "cam_t_m2c": [-97.968994140625, -54.80678939819336, 399.3233947753906], "obj_id": 3}, {"cam_R_m2c": [-0.3046400547027588, 0.38068410754203796, 0.8730830550193787, 0.85151606798172, -0.3018488883972168, 0.4287278354167938, 0.426749050617218, 0.8740519285202026, -0.23220336437225342], "cam_t_m2c": [217.5731964111328, 149.34039306640625, 232.94627380371094], "obj_id": 0}, {"cam_R_m2c": [-0.8343594074249268, 0.4491244852542877, -0.31958043575286865, 0.5292450785636902, 0.4906461238861084, -0.6922182440757751, -0.1540912389755249, -0.7466951608657837, -0.6470721364021301], "cam_t_m2c": [-89.92337799072266, -71.72730255126953, 401.73175048828125], "obj_id": 1}, {"cam_R_m2c": [0.5131832957267761, 0.014319924637675285, 0.858159601688385, -0.24607497453689575, -0.9554300308227539, 0.16309699416160583, 0.8222469687461853, -0.2948702573776245, -0.48678696155548096], "cam_t_m2c": [-163.0291290283203, -65.84786987304688, 454.6651611328125], "obj_id": 3}, {"cam_R_m2c": [0.00508477259427309, 0.2242182195186615, -0.9745256900787354, 0.4350126385688782, -0.8779913187026978, -0.19973789155483246, -0.900409996509552, -0.42291536927223206, -0.10200212895870209], "cam_t_m2c": [-35.997901916503906, -30.576618194580078, 449.9237060546875], "obj_id": 3}, {"cam_R_m2c": [-0.24230694770812988, 0.9648110270500183, -0.10211235284805298, 0.41830018162727356, 0.19885413348674774, 0.8862741589546204, 0.8753925561904907, 0.17203682661056519, -0.451764315366745], "cam_t_m2c": [-76.90650177001953, -47.88748550415039, 540.2288208007812], "obj_id": 1}, {"cam_R_m2c": [-0.25439783930778503, 0.8285815715789795, -0.49873268604278564, 0.8713563680648804, 0.4201028645038605, 0.2534790337085724, 0.41954708099365234, -0.3700893819332123, -0.8288630843162537], "cam_t_m2c": [-140.72779846191406, 44.76565170288086, 282.7342834472656], "obj_id": 2}, {"cam_R_m2c": [0.325955867767334, 0.1629754900932312, -0.9312313199043274, -0.9398949146270752, -0.0501372404396534, -0.3377629220485687, -0.10173645615577698, 0.9853553771972656, 0.13683731853961945], "cam_t_m2c": [-245.46080017089844, -99.381591796875, 513.0665893554688], "obj_id": 0}, {"cam_R_m2c": [0.24694059789180756, -0.9665988087654114, 0.0686081126332283, -0.968133270740509, -0.24304652214050293, 0.06038517877459526, -0.04169327765703201, -0.08133334666490555, -0.9958145022392273], "cam_t_m2c": [-65.42266845703125, -106.6037826538086, 458.5789794921875], "obj_id": 1}, {"cam_R_m2c": [0.9664292931556702, -0.152423694729805, -0.20683668553829193, 0.24500694870948792, 0.7891303300857544, 0.5632449984550476, 0.07736921310424805, -0.595012903213501, 0.799983561038971], "cam_t_m2c": [-28.293996810913086, -48.142601013183594, 406.52166748046875], "obj_id": 3}, {"cam_R_m2c": [-0.9287877678871155, -0.3706008493900299, 0.0028825642075389624, -0.1867053508758545, 0.46116775274276733, -0.8674476146697998, 0.32014748454093933, -0.8062129616737366, -0.4975201189517975], "cam_t_m2c": [33.40678787231445, -46.644371032714844, 500.27490234375], "obj_id": 3}, {"cam_R_m2c": [0.19721196591854095, 0.963127076625824, -0.18301275372505188, 0.8647879958152771, -0.08297165483236313, 0.4952346086502075, 0.46178898215293884, -0.2559334337711334, -0.8492637276649475], "cam_t_m2c": [-87.514892578125, -32.591590881347656, 321.17718505859375], "obj_id": 0}, {"cam_R_m2c": [-0.026487965136766434, -0.8190104961395264, -0.5731666088104248, -0.9959816336631775, -0.027446430176496506, 0.08524685353040695, -0.08554951846599579, 0.5731214880943298, -0.814992368221283], "cam_t_m2c": [-193.05560302734375, -67.86492919921875, 453.1667785644531], "obj_id": 0}, {"cam_R_m2c": [-0.1014893651008606, -0.8727991580963135, 0.4774111211299896, -0.8581287264823914, 0.31958770751953125, 0.4018441140651703, -0.5033039450645447, -0.36889728903770447, -0.7814087867736816], "cam_t_m2c": [2.715068817138672, 1.3920245170593262, 312.9553527832031], "obj_id": 2}, {"cam_R_m2c": [-0.5214136242866516, 0.6339716911315918, 0.5711458921432495, -0.6556429266929626, 0.13073353469371796, -0.7436673045158386, -0.5461319088935852, -0.7622261047363281, 0.34749284386634827], "cam_t_m2c": [-154.27618408203125, -152.3225555419922, 407.1585388183594], "obj_id": 1}, {"cam_R_m2c": [0.36856117844581604, 0.9295953512191772, 0.0038934138137847185, -0.8224867582321167, 0.3280414044857025, -0.4646551012992859, -0.43321841955184937, 0.16805154085159302, 0.8854832053184509], "cam_t_m2c": [97.59349822998047, -115.66798400878906, 754.90673828125], "obj_id": 0}, {"cam_R_m2c": [0.3605579435825348, 0.6787919402122498, -0.6397181749343872, -0.862855076789856, -0.01773444376885891, -0.5051400065422058, -0.3542301058769226, 0.7341163158416748, 0.5793048739433289], "cam_t_m2c": [11.175026893615723, -12.368815422058105, 487.96392822265625], "obj_id": 0}, {"cam_R_m2c": [-0.265312135219574, -0.9359490275382996, 0.23153585195541382, 0.7742847204208374, -0.34992673993110657, -0.5272897481918335, 0.574536919593811, 0.03937830775976181, 0.8175308704376221], "cam_t_m2c": [-136.2637176513672, -70.11629486083984, 436.7023010253906], "obj_id": 1}, {"cam_R_m2c": [0.5389580726623535, 0.37837156653404236, -0.7525683641433716, 0.6524648070335388, -0.7525882720947266, 0.08888661116361618, -0.532741904258728, -0.5389305353164673, -0.6524876952171326], "cam_t_m2c": [-125.08390808105469, -42.96578598022461, 430.1494445800781], "obj_id": 3}, {"cam_R_m2c": [-0.10314057767391205, -0.8411020636558533, -0.530951201915741, -0.9939485788345337, 0.06687392294406891, 0.08714322000741959, -0.03778960183262825, 0.5367262363433838, -0.842909574508667], "cam_t_m2c": [-142.1240997314453, -60.738922119140625, 495.4688720703125], "obj_id": 0}, {"cam_R_m2c": [-0.3301456570625305, -0.3497770130634308, -0.8767324686050415, 0.9436776041984558, -0.14378073811531067, -0.2979927062988281, -0.021826252341270447, -0.9257338047027588, 0.3775453567504883], "cam_t_m2c": [-131.01666259765625, 0.7405877113342285, 225.57171630859375], "obj_id": 0}, {"cam_R_m2c": [0.20853807032108307, 0.9723300337791443, 0.10529078543186188, -0.8894526958465576, 0.2333182692527771, -0.3929840326309204, -0.40667644143104553, -0.011699048802256584, 0.9134973287582397], "cam_t_m2c": [1.2596632242202759, -28.612934112548828, 374.3901062011719], "obj_id": 2}, {"cam_R_m2c": [0.13914623856544495, -0.5146548748016357, -0.846031129360199, -0.9859426021575928, 0.0078000258654356, -0.16690227389335632, 0.09249613434076309, 0.8573619723320007, -0.5063347816467285], "cam_t_m2c": [-69.61338806152344, -107.85521697998047, 637.2926025390625], "obj_id": 0}, {"cam_R_m2c": [0.2200774997472763, -0.8809748888015747, -0.418866366147995, -0.8972368836402893, -0.35131412744522095, 0.2674775719642639, -0.38279473781585693, 0.3169565796852112, -0.8677594661712646], "cam_t_m2c": [-91.47972869873047, -86.38601684570312, 364.93145751953125], "obj_id": 1}, {"cam_R_m2c": [-0.07151170819997787, -0.9696840643882751, -0.23366396129131317, 0.9368640780448914, 0.01509550865739584, -0.3493676483631134, 0.3423035144805908, -0.2438952624797821, 0.9073827266693115], "cam_t_m2c": [-149.8445281982422, 17.711393356323242, 333.39508056640625], "obj_id": 2}],
  "2": [{"cam_R_m2c": [0.9635338187217712, 0.16203108429908752, -0.21295198798179626, 0.2655881941318512, -0.48200756311416626, 0.8349440693855286, 0.0326424315571785, -0.8610544204711914, -0.5074641108512878], "cam_t_m2c": [-50.1795768737793, -21.40884780883789, 398.0272521972656], "obj_id": 3}, {"cam_R_m2c": [-0.9615471363067627, 0.13499900698661804, -0.23917050659656525, -0.2743130028247833, -0.5145817399024963, 0.8123780488967896, -0.013402539305388927, 0.8467472791671753, 0.5318264961242676], "cam_t_m2c": [-85.96682739257812, -10.279078483581543, 312.68438720703125], "obj_id": 3}, {"cam_R_m2c": [-0.9095435738563538, 0.10433533042669296, -0.4022989869117737, -0.3630013167858124, 0.27193865180015564, 0.8912235498428345, 0.202386736869812, 0.9566417932510376, -0.2094661444425583], "cam_t_m2c": [84.00562286376953, 6.384246349334717, 358.97784423828125], "obj_id": 3}, {"cam_R_m2c": [-0.7487104535102844, 0.6619860529899597, 0.034738555550575256, -0.09530821442604065, -0.15935777127742767, 0.9826093912124634, 0.6560096144676208, 0.7323791980743408, 0.1824057698249817], "cam_t_m2c": [-70.3099594116211, 29.355968475341797, 400.576171875], "obj_id": 1}, {"cam_R_m2c": [-0.029970737174153328, 0.9174096584320068, -0.3968139588832855, 0.9397280812263489, 0.16114044189453125, 0.30157068371772766, 0.3406066298484802, -0.3638589382171631, -0.8669450879096985], "cam_t_m2c": [-111.53028869628906, 71.052001953125, 91.35767364501953], "obj_id": 0}, {"cam_R_m2c": [-0.4492470622062683, -0.7372304797172546, 0.5046465396881104, 0.7410286068916321, -0.6230107545852661, -0.2504675090312958, 0.4990525543689728, 0.26143574714660645, 0.8261948227882385], "cam_t_m2c": [95.27808380126953, -47.25651550292969, 462.4736328125], "obj_id": 0}, {"cam_R_m2c": [-0.2544102668762207, 0.6783648729324341, -0.689272403717041, 0.8713492751121521, 0.46998700499534607, 0.14093466103076935, 0.4195541441440582, -0.5647417902946472, -0.7106622457504272], "cam_t_m2c": [-88.45015716552734, 46.11891174316406, 311.6216125488281], "obj_id": 2}, {"cam_R_m2c": [0.5634973049163818, 0.4450896382331848, 0.6959640979766846, -0.8036112189292908, 0.49063217639923096, 0.33688148856163025, -0.19151996076107025, -0.7491163611412048, 0.634148895740509], "cam_t_m2c": [-164.4664306640625, 38.430606842041016, 190.31309509277344], "obj_id": 1}, {"cam_R_m2c": [0.9211145639419556, 0.3024459481239319, 0.24510078132152557, 0.35049423575401306, -0.3703073561191559, -0.8602478504180908, -0.16941586136817932, 0.8782932758331299, -0.44710108637809753], "cam_t_m2c": [-128.3462677001953, 18.787511825561523, 287.1316223144531], "obj_id": 3}, {"cam_R_m2c": [0.015742110088467598, -0.7656872272491455, -0.6430204510688782, 0.4374980330467224, -0.5729964971542358, 0.6930155754089355, -0.8990815877914429, -0.2922297418117523, 0.32596638798713684], "cam_t_m2c": [114.13301086425781, -9.123594284057617, 446.0534362792969], "obj_id": 3}, {"cam_R_m2c": [-0.4006563127040863, -0.5454702973365784, 0.7361633777618408, 0.7270353436470032, -0.6782335638999939, -0.10685798525810242, 0.5575786232948303, 0.492403507232666, 0.6683149337768555], "cam_t_m2c": [-157.9163818359375, -179.36351013183594, 583.3191528320312], "obj_id": 0}, {"cam_R_m2c": [0.6760547757148743, 0.09179889410734177, 0.731110692024231, 0.4704698622226715, 0.7098603844642639, -0.5241720080375671, -0.5671049356460571, 0.6983345746994019, 0.43671590089797974], "cam_t_m2c": [-9.737024307250977, -0.9334185123443604, 346.93865966796875], "obj_id": 3}, {"cam_R_m2c": [-0.47468385100364685, -0.8306929469108582, 0.29090288281440735, 0.7620245218276978, -0.5532721877098083, -0.33646464347839355, 0.44044727087020874, 0.061960797756910324, 0.8956378102302551], "cam_t_m2c": [6.361184597015381, -210.7852783203125, 757.4337768554688], "obj_id": 0}, {"cam_R_m2c": [-0.25440075993537903, -0.9311200976371765, -0.261334091424942, 0.8713546395301819, -0.10345780104398727, -0.4796222448348999, 0.4195488691329956, -0.3497309684753418, 0.8376556634902954], "cam_t_m2c": [-298.51287841796875, -42.45615005493164, 368.2062683105469], "obj_id": 2}, {"cam_R_m2c": [-0.047463309019804, 0.8483774065971375, 0.5272598266601562, 0.8337633609771729, -0.2570400834083557, 0.4886399507522583, 0.5500780344009399, 0.4628024399280548, -0.6951459646224976], "cam_t_m2c": [194.57789611816406, -79.83132934570312, 590.3397216796875], "obj_id": 0}, {"cam_R_m2c": [-0.3601566553115845, 0.9291583299636841, 0.08337746560573578, 0.3172532916069031, 0.20603857934474945, -0.9256880283355713, -0.8772897720336914, -0.3069410026073456, -0.3689846694469452], "cam_t_m2c": [-190.26914978027344, -108.97112274169922, 520.3681030273438], "obj_id": 3}, {"cam_R_m2c": [0.3879457712173462, 0.058682288974523544, 0.9198122024536133, 0.48933684825897217, 0.8325907588005066, -0.2595035135746002, -0.7810553908348083, 0.5507712960243225, 0.2942846715450287], "cam_t_m2c": [-97.968994140625, -54.80678939819336, 399.3233947753906], "obj_id": 3}, {"cam_R_m2c": [-0.3046400547027588, 0.38068410754203796, 0.8730830550193787, 0.85151606798172, -0.3018488883972168, 0.4287278354167938, 0.426749050617218, 0.8740519285202026, -0.23220336437225342], "cam_t_m2c": [217.5731964111328, 149.34039306640625, 232.94627380371094], "obj_id": 0}, {"cam_R_m2c": [-0.8343594074249268, 0.4491244852542877, -0.31958043575286865, 0.5292450785636902, 0.4906461238861084, -0.6922182440757751, -0.1540912389755249, -0.7466951608657837, -0.6470721364021301], "cam_t_m2c": [-89.92337799072266, -71.72730255126953, 401.73175048828125], "obj_id": 1}, {"cam_R_m2c": [0.5131832957267761, 0.014319924637675285, 0.858159601688385, -0.24607497453689575, -0.9554300308227539, 0.16309699416160583, 0.8222469687461853, -0.2948702573776245, -0.48678696155548096], "cam_t_m2c": [-163.0291290283203, -65.84786987304688, 454.6651611328125], "obj_id": 3}, {"cam_R_m2c": [0.00508477259427309, 0.2242182195186615, -0.9745256900787354, 0.4350126385688782, -0.8779913187026978, -0.19973789155483246, -0.900409996509552, -0.42291536927223206, -0.10200212895870209], "cam_t_m2c": [-35.997901916503906, -30.576618194580078, 449.9237060546875], "obj_id": 3}, {"cam_R_m2c": [-0.24230694770812988, 0.9648110270500183, -0.10211235284805298, 0.41830018162727356, 0.19885413348674774, 0.8862741589546204, 0.8753925561904907, 0.17203682661056519, -0.451764315366745], "cam_t_m2c": [-76.90650177001953, -47.88748550415039, 540.2288208007812], "obj_id": 1}, {"cam_R_m2c": [-0.25439783930778503, 0.8285815715789795, -0.49873268604278564, 0.8713563680648804, 0.4201028645038605, 0.2534790337085724, 0.41954708099365234, -0.3700893819332123, -0.8288630843162537], "cam_t_m2c": [-140.72779846191406, 44.76565170288086, 282.7342834472656], "obj_id": 2}, {"cam_R_m2c": [0.325955867767334, 0.1629754900932312, -0.9312313199043274, -0.9398949146270752, -0.0501372404396534, -0.3377629220485687, -0.10173645615577698, 0.9853553771972656, 0.13683731853961945], "cam_t_m2c": [-245.46080017089844, -99.381591796875, 513.0665893554688], "obj_id": 0}, {"cam_R_m2c": [0.24694059789180756, -0.9665988087654114, 0.0686081126332283, -0.968133270740509, -0.24304652214050293, 0.06038517877459526, -0.04169327765703201, -0.08133334666490555, -0.9958145022392273], "cam_t_m2c": [-65.42266845703125, -106.6037826538086, 458.5789794921875], "obj_id": 1}, {"cam_R_m2c": [0.9664292931556702, -0.152423694729805, -0.20683668553829193, 0.24500694870948792, 0.7891303300857544, 0.5632449984550476, 0.07736921310424805, -0.595012903213501, 0.799983561038971], "cam_t_m2c": [-28.293996810913086, -48.142601013183594, 406.52166748046875], "obj_id": 3}, {"cam_R_m2c": [-0.9287877678871155, -0.3706008493900299, 0.0028825642075389624, -0.1867053508758545, 0.46116775274276733, -0.8674476146697998, 0.32014748454093933, -0.8062129616737366, -0.4975201189517975], "cam_t_m2c": [33.40678787231445, -46.644371032714844, 500.27490234375], "obj_id": 3}, {"cam_R_m2c": [0.19721196591854095, 0.963127076625824, -0.18301275372505188, 0.8647879958152771, -0.08297165483236313, 0.4952346086502075, 0.46178898215293884, -0.2559334337711334, -0.8492637276649475], "cam_t_m2c": [-87.514892578125, -32.591590881347656, 321.17718505859375], "obj_id": 0}, {"cam_R_m2c": [-0.026487965136766434, -0.8190104961395264, -0.5731666088104248, -0.9959816336631775, -0.027446430176496506, 0.08524685353040695, -0.08554951846599579, 0.5731214880943298, -0.814992368221283], "cam_t_m2c": [-193.05560302734375, -67.86492919921875, 453.1667785644531], "obj_id": 0}, {"cam_R_m2c": [-0.1014893651008606, -0.8727991580963135, 0.4774111211299896, -0.8581287264823914, 0.31958770751953125, 0.4018441140651703, -0.5033039450645447, -0.36889728903770447, -0.7814087867736816], "cam_t_m2c": [2.715068817138672, 1.3920245170593262, 312.9553527832031], "obj_id": 2}, {"cam_R_m2c": [-0.5214136242866516, 0.6339716911315918, 0.5711458921432495, -0.6556429266929626, 0.13073353469371796, -0.7436673045158386, -0.5461319088935852, -0.7622261047363281, 0.34749284386634827], "cam_t_m2c": [-154.27618408203125, -152.3225555419922, 407.1585388183594], "obj_id": 1}, {"cam_R_m2c": [0.36856117844581604, 0.9295953512191772, 0.0038934138137847185, -0.8224867582321167, 0.3280414044857025, -0.4646551012992859, -0.43321841955184937, 0.16805154085159302, 0.8854832053184509], "cam_t_m2c": [97.59349822998047, -115.66798400878906, 754.90673828125], "obj_id": 0}, {"cam_R_m2c": [0.3605579435825348, 0.6787919402122498, -0.6397181749343872, -0.862855076789856, -0.01773444376885891, -0.5051400065422058, -0.3542301058769226, 0.7341163158416748, 0.5793048739433289], "cam_t_m2c": [11.175026893615723, -12.368815422058105, 487.96392822265625], "obj_id": 0}, {"cam_R_m2c": [-0.265312135219574, -0.9359490275382996, 0.23153585195541382, 0.7742847204208374, -0.34992673993110657, -0.5272897481918335, 0.574536919593811, 0.03937830775976181, 0.8175308704376221], "cam_t_m2c": [-136.2637176513672, -70.11629486083984, 436.7023010253906], "obj_id": 1}, {"cam_R_m2c": [0.5389580726623535, 0.37837156653404236, -0.7525683641433716, 0.6524648070335388, -0.7525882720947266, 0.08888661116361618, -0.532741904258728, -0.5389305353164673, -0.6524876952171326], "cam_t_m2c": [-125.08390808105469, -42.96578598022461, 430.1494445800781], "obj_id": 3}, {"cam_R_m2c": [-0.10314057767391205, -0.8411020636558533, -0.530951201915741, -0.9939485788345337, 0.06687392294406891, 0.08714322000741959, -0.03778960183262825, 0.5367262363433838, -0.842909574508667], "cam_t_m2c": [-142.1240997314453, -60.738922119140625, 495.4688720703125], "obj_id": 0}, {"cam_R_m2c": [-0.3301456570625305, -0.3497770130634308, -0.8767324686050415, 0.9436776041984558, -0.14378073811531067, -0.2979927062988281, -0.021826252341270447, -0.9257338047027588, 0.3775453567504883], "cam_t_m2c": [-131.01666259765625, 0.7405877113342285, 225.57171630859375], "obj_id": 0}, {"cam_R_m2c": [0.20853807032108307, 0.9723300337791443, 0.10529078543186188, -0.8894526958465576, 0.2333182692527771, -0.3929840326309204, -0.40667644143104553, -0.011699048802256584, 0.9134973287582397], "cam_t_m2c": [1.2596632242202759, -28.612934112548828, 374.3901062011719], "obj_id": 2}, {"cam_R_m2c": [0.13914623856544495, -0.5146548748016357, -0.846031129360199, -0.9859426021575928, 0.0078000258654356, -0.16690227389335632, 0.09249613434076309, 0.8573619723320007, -0.5063347816467285], "cam_t_m2c": [-69.61338806152344, -107.85521697998047, 637.2926025390625], "obj_id": 0}, {"cam_R_m2c": [0.2200774997472763, -0.8809748888015747, -0.418866366147995, -0.8972368836402893, -0.35131412744522095, 0.2674775719642639, -0.38279473781585693, 0.3169565796852112, -0.8677594661712646], "cam_t_m2c": [-91.47972869873047, -86.38601684570312, 364.93145751953125], "obj_id": 1}, {"cam_R_m2c": [-0.07151170819997787, -0.9696840643882751, -0.23366396129131317, 0.9368640780448914, 0.01509550865739584, -0.3493676483631134, 0.3423035144805908, -0.2438952624797821, 0.9073827266693115], "cam_t_m2c": [-149.8445281982422, 17.711393356323242, 333.39508056640625], "obj_id": 2}]
}