{
  "0": [{"cam_R_m2c": [0.23877529799938202, 0.9673354029655457, 0.08513856679201126, -0.9701268672943115, 0.2337505966424942, 0.06491896510124207, 0.04289722070097923, -0.09809625893831253, 0.9942519664764404], "cam_t_m2c": [346.1477355957031, 165.15147399902344, 419.6089172363281], "obj_id": 2}, {"cam_R_m2c": [-0.9401187300682068, 0.028508756309747696, -0.33965256810188293, -0.020685145631432533, -0.9994311332702637, -0.026633238419890404, -0.3402186632156372, -0.018012644723057747, 0.9401738047599792], "cam_t_m2c": [346.1477355957031, 165.15147399902344, 419.6089172363281], "obj_id": 1}, {"cam_R_m2c": [-0.499851793050766, -0.2537977695465088, 0.8280910849571228, -0.8298130035400391, 0.41422319412231445, -0.37393784523010254, -0.24810996651649475, -0.8740742802619934, -0.41765493154525757], "cam_t_m2c": [346.1477355957031, 165.15147399902344, 419.6089172363281], "obj_id": 0}, {"cam_R_m2c": [0.12034811079502106, -0.8054189085960388, -0.5803591012954712, -0.3654477894306183, -0.579498827457428, 0.7284427881240845, -0.9230190515518188, 0.12442426383495331, -0.3640801012516022], "cam_t_m2c": [346.1477355957031, 165.15147399902344, 419.6089172363281], "obj_id": 0}, {"cam_R_m2c": [-0.4758886396884918, -0.7164939641952515, 0.5100651383399963, -0.8626332879066467, 0.4932995140552521, -0.11189013719558716, -0.1714462786912918, -0.4932464063167572, -0.8528271317481995], "cam_t_m2c": [346.1477355957031, 165.15147399902344, 419.6089172363281], "obj_id": 0}, {"cam_R_m2c": [0.7228735685348511, 0.449148565530777, 0.5250898599624634, -0.62201327085495, 0.09203694015741348, 0.7775787711143494, 0.300920695066452, -0.8887040019035339, 0.34590741991996765], "cam_t_m2c": [346.1477355957031, 165.15147399902344, 419.6089172363281], "obj_id": 1}, {"cam_R_m2c": [-0.12915948033332825, -0.9916133284568787, -0.004567637573927641, 0.25220048427581787, -0.03730364516377449, 0.9669557213783264, -0.9590165615081787, 0.12373951822519302, 0.2549034655094147], "cam_t_m2c": [346.1477355957031, 165.15147399902344, 419.6089172363281], "obj_id": 2}, {"cam_R_m2c": [-0.2515678405761719, -0.8350307941436768, 0.4893229901790619, -0.2769128382205963, 0.5465474724769592, 0.7903196215629578, -0.9273794889450073, 0.06331923604011536, -0.3687244951725006], "cam_t_m2c": [346.1477355957031, 165.15147399902344, 419.6089172363281], "obj_id": 1}, {"cam_R_m2c": [-0.3781687319278717, 0.8947746157646179, 0.2374163419008255, -0.9253978729248047, -0.3723236918449402, -0.07080698758363724, 0.02503945678472519, -0.24648158252239227, 0.9688239693641663], "cam_t_m2c": [346.1477355957031, 165.15147399902344, 419.6089172363281], "obj_id": 1}, {"cam_R_m2c": [0.7378647923469543, -0.14716021716594696, 0.6587104201316833, 0.6555984616279602, 0.38827720284461975, -0.6476352214813232, -0.1604560911655426, 0.909716784954071, 0.38297411799430847], "cam_t_m2c": [346.1477355957031, 165.15147399902344, 419.6089172363281], "obj_id": 0}],
  "1": [{"cam_R_m2c": [0.23877529799938202, 0.9673354029655457, 0.08513856679201126, -0.9701268672943115, 0.2337505966424942, 0.06491896510124207, 0.04289722070097923, -0.09809625893831253, 0.9942519664764404], "cam_t_m2c": [346.1477355957031, 165.15147399902344, 419.6089172363281], "obj_id": 2}, {"cam_R_m2c": [-0.9401187300682068, 0.028508756309747696, -0.33965256810188293, -0.020685145631432533, -0.9994311332702637, -0.026633238419890404, -0.3402186632156372, -0.018012644723057747, 0.9401738047599792], "cam_t_m2c": [346.1477355957031, 165.15147399902344, 419.6089172363281], "obj_id": 1}, {"cam_R_m2c": [-0.499851793050766, -0.2537977695465088, 0.8280910849571228, -0.8298130035400391, 0.41422319412231445, -0.37393784523010254, -0.24810996651649475, -0.8740742802619934, -0.41765493154525757], "cam_t_m2c": [346.1477355957031, 165.15147399902344, 419.6089172363281], "obj_id": 0}, {"cam_R_m2c": [0.12034811079502106, -0.8054189085960388, -0.5803591012954712, -0.3654477894306183, -0.579498827457428, 0.7284427881240845, -0.9230190515518188, 0.12442426383495331, -0.3640801012516022], "cam_t_m2c": [346.1477355957031, 165.15147399902344, 419.6089172363281], "obj_id": 0}, {"cam_R_m2c": [-0.4758886396884918, -0.7164939641952515, 0.5100651383399963, -0.8626332879066467, 0.4932995140552521, -0.11189013719558716, -0.1714462786912918, -0.4932464063167572, -0.8528271317481995], "cam_t_m2c": [346.1477355957031, 165.15147399902344, 419.6089172363281], "obj_id": 0}, {"cam_R_m2c": [0.7228735685348511, 0.449148565530777, 0.5250898599624634, -0.62201327085495, 0.09203694015741348, 0.7775787711143494, 0.300920695066452, -0.8887040019035339, 0.34590741991996765], "cam_t_m2c": [346.1477355957031, 165.15147399902344, 419.6089172363281], "obj_id": 1}, {"cam_R_m2c": [-0.12915948033332825, -0.9916133284568787, -0.004567637573927641, 0.25220048427581787, -0.03730364516377449, 0.9669557213783264, -0.9590165615081787, 0.12373951822519302, 0.2549034655094147], "cam_t_m2c": [346.1477355957031, 165.15147399902344, 419.6089172363281], "obj_id": 2}, {"cam_R_m2c": [-0.2515678405761719, -0.8350307941436768, 0.4893229901790619, -0.2769128382205963, 0.5465474724769592, 0.7903196215629578, -0.9273794889450073, 0.06331923604011536, -0.3687244951725006], "cam_t_m2c": [346.1477355957031, 165.15147399902344, 419.6089172363281], "obj_id": 1}, {"cam_R_m2c": [-0.3781687319278717, 0.8947746157646179, 0.2374163419008255, -0.9253978729248047, -0.3723236918449402, -0.07080698758363724, 0.02503945678472519, -0.24648158252239227, 0.9688239693641663], "cam_t_m2c": [346.1477355957031, 165.15147399902344, 419.6089172363281], "obj_id": 1}, {"cam_R_m2c": [0.7378647923469543, -0.14716021716594696, 0.6587104201316833, 0.6555984616279602, 0.38827720284461975, -0.6476352214813232, -0.1604560911655426, 0.909716784954071, 0.38297411799430847], "cam_t_m2c": [346.1477355957031, 165.15147399902344, 419.6089172363281], "obj_id": 0}],
  "2": [{"cam_R_m2c": [0.23877529799938202, 0.9673354029655457, 0.08513856679201126, -0.9701268672943115, 0.2337505966424942, 0.06491896510124207, 0.04289722070097923, -0.09809625893831253, 0.9942519664764404], "cam_t_m2c": [346.1477355957031, 165.15147399902344, 419.6089172363281], "obj_id": 2}, {"cam_R_m2c": [-0.9401187300682068, 0.028508756309747696, -0.33965256810188293, -0.020685145631432533, -0.9994311332702637, -0.026633238419890404, -0.3402186632156372, -0.018012644723057747, 0.9401738047599792], "cam_t_m2c": [346.1477355957031, 165.15147399902344, 419.6089172363281], "obj_id": 1}, {"cam_R_m2c": [-0.499851793050766, -0.2537977695465088, 0.8280910849571228, -0.8298130035400391, 0.41422319412231445, -0.37393784523010254, -0.24810996651649475, -0.8740742802619934, -0.41765493154525757], "cam_t_m2c": [346.1477355957031, 165.15147399902344, 419.6089172363281], "obj_id": 0}, {"cam_R_m2c": [0.12034811079502106, -0.8054189085960388, -0.5803591012954712, -0.3654477894306183, -0.579498827457428, 0.7284427881240845, -0.9230190515518188, 0.12442426383495331, -0.3640801012516022], "cam_t_m2c": [346.1477355957031, 165.15147399902344, 419.6089172363281], "obj_id": 0}, {"cam_R_m2c": [-0.4758886396884918, -0.7164939641952515, 0.5100651383399963, -0.8626332879066467, 0.4932995140552521, -0.11189013719558716, -0.1714462786912918, -0.4932464063167572, -0.8528271317481995], "cam_t_m2c": [346.1477355957031, 165.15147399902344, 419.6089172363281], "obj_id": 0}, {"cam_R_m2c": [0.7228735685348511, 0.449148565530777, 0.5250898599624634, -0.62201327085495, 0.09203694015741348, 0.7775787711143494, 0.300920695066452, -0.8887040019035339, 0.34590741991996765], "cam_t_m2c": [346.1477355957031, 165.15147399902344, 419.6089172363281], "obj_id": 1}, {"cam_R_m2c": [-0.12915948033332825, -0.9916133284568787, -0.004567637573927641, 0.25220048427581787, -0.03730364516377449, 0.9669557213783264, -0.9590165615081787, 0.12373951822519302, 0.2549034655094147], "cam_t_m2c": [346.1477355957031, 165.15147399902344, 419.6089172363281], "obj_id": 2}, {"cam_R_m2c": [-0.2515678405761719, -0.8350307941436768, 0.4893229901790619, -0.2769128382205963, 0.5465474724769592, 0.7903196215629578, -0.9273794889450073, 0.06331923604011536, -0.3687244951725006], "cam_t_m2c": [346.1477355957031, 165.15147399902344, 419.6089172363281], "obj_id": 1}, {"cam_R_m2c": [-0.3781687319278717, 0.8947746157646179, 0.2374163419008255, -0.9253978729248047, -0.3723236918449402, -0.07080698758363724, 0.02503945678472519, -0.24648158252239227, 0.9688239693641663], "cam_t_m2c": [346.1477355957031, 165.15147399902344, 419.6089172363281], "obj_id": 1}, {"cam_R_m2c": [0.7378647923469543, -0.14716021716594696, 0.6587104201316833, 0.6555984616279602, 0.38827720284461975, -0.6476352214813232, -0.1604560911655426, 0.909716784954071, 0.38297411799430847], "cam_t_m2c": [346.1477355957031, 165.15147399902344, 419.6089172363281], "obj_id": 0}],
  "3": [{"cam_R_m2c": [0.23877529799938202, 0.9673354029655457, 0.08513856679201126, -0.9701268672943115, 0.2337505966424942, 0.06491896510124207, 0.04289722070097923, -0.09809625893831253, 0.9942519664764404], "cam_t_m2c": [346.1477355957031, 165.15147399902344, 419.6089172363281], "obj_id": 2}, {"cam_R_m2c": [-0.9401187300682068, 0.028508756309747696, -0.33965256810188293, -0.020685145631432533, -0.9994311332702637, -0.026633238419890404, -0.3402186632156372, -0.018012644723057747, 0.9401738047599792], "cam_t_m2c": [346.1477355957031, 165.15147399902344, 419.6089172363281], "obj_id": 1}, {"cam_R_m2c": [-0.499851793050766, -0.2537977695465088, 0.8280910849571228, -0.8298130035400391, 0.41422319412231445, -0.37393784523010254, -0.24810996651649475, -0.8740742802619934, -0.41765493154525757], "cam_t_m2c": [346.1477355957031, 165.15147399902344, 419.6089172363281], "obj_id": 0}, {"cam_R_m2c": [0.12034811079502106, -0.8054189085960388, -0.5803591012954712, -0.3654477894306183, -0.579498827457428, 0.7284427881240845, -0.9230190515518188, 0.12442426383495331, -0.3640801012516022], "cam_t_m2c": [346.1477355957031, 165.15147399902344, 419.6089172363281], "obj_id": 0}, {"cam_R_m2c": [-0.4758886396884918, -0.7164939641952515, 0.5100651383399963, -0.8626332879066467, 0.4932995140552521, -0.11189013719558716, -0.1714462786912918, -0.4932464063167572, -0.8528271317481995], "cam_t_m2c": [346.1477355957031, 165.15147399902344, 419.6089172363281], "obj_id": 0}, {"cam_R_m2c": [0.7228735685348511, 0.449148565530777, 0.5250898599624634, -0.62201327085495, 0.09203694015741348, 0.7775787711143494, 0.300920695066452, -0.8887040019035339, 0.34590741991996765], "cam_t_m2c": [346.1477355957031, 165.15147399902344, 419.6089172363281], "obj_id": 1}, {"cam_R_m2c": [-0.12915948033332825, -0.9916133284568787, -0.004567637573927641, 0.25220048427581787, -0.03730364516377449, 0.9669557213783264, -0.9590165615081787, 0.12373951822519302, 0.2549034655094147], "cam_t_m2c": [346.1477355957031, 165.15147399902344, 419.6089172363281], "obj_id": 2}, {"cam_R_m2c": [-0.2515678405761719, -0.8350307941436768, 0.4893229901790619, -0.2769128382205963, 0.5465474724769592, 0.7903196215629578, -0.9273794889450073, 0.06331923604011536, -0.3687244951725006], "cam_t_m2c": [346.1477355957031, 165.15147399902344, 419.6089172363281], "obj_id": 1}, {"cam_R_m2c": [-0.3781687319278717, 0.8947746157646179, 0.2374163419008255, -0.9253978729248047, -0.3723236918449402, -0.07080698758363724, 0.02503945678472519, -0.24648158252239227, 0.9688239693641663], "cam_t_m2c": [346.1477355957031, 165.15147399902344, 419.6089172363281], "obj_id": 1}, {"cam_R_m2c": [0.7378647923469543, -0.14716021716594696, 0.6587104201316833, 0.6555984616279602, 0.38827720284461975, -0.6476352214813232, -0.1604560911655426, 0.909716784954071, 0.38297411799430847], "cam_t_m2c": [346.1477355957031, 165.15147399902344, 419.6089172363281], "obj_id": 0}],
  "4": [{"cam_R_m2c": [0.23877529799938202, 0.9673354029655457, 0.08513856679201126, -0.9701268672943115, 0.2337505966424942, 0.06491896510124207, 0.04289722070097923, -0.09809625893831253, 0.9942519664764404], "cam_t_m2c": [346.1477355957031, 165.15147399902344, 419.6089172363281], "obj_id": 2}, {"cam_R_m2c": [-0.9401187300682068, 0.028508756309747696, -0.33965256810188293, -0.020685145631432533, -0.9994311332702637, -0.026633238419890404, -0.3402186632156372, -0.018012644723057747, 0.9401738047599792], "cam_t_m2c": [346.1477355957031, 165.15147399902344, 419.6089172363281], "obj_id": 1}, {"cam_R_m2c": [-0.499851793050766, -0.2537977695465088, 0.8280910849571228, -0.8298130035400391, 0.41422319412231445, -0.37393784523010254, -0.24810996651649475, -0.8740742802619934, -0.41765493154525757], "cam_t_m2c": [346.1477355957031, 165.15147399902344, 419.6089172363281], "obj_id": 0}, {"cam_R_m2c": [0.12034811079502106, -0.8054189085960388, -0.5803591012954712, -0.3654477894306183, -0.579498827457428, 0.7284427881240845, -0.9230190515518188, 0.12442426383495331, -0.3640801012516022], "cam_t_m2c": [346.1477355957031, 165.15147399902344, 419.6089172363281], "obj_id": 0}, {"cam_R_m2c": [-0.4758886396884918, -0.7164939641952515, 0.5100651383399963, -0.8626332879066467, 0.4932995140552521, -0.11189013719558716, -0.1714462786912918, -0.4932464063167572, -0.8528271317481995], "cam_t_m2c": [346.1477355957031, 165.15147399902344, 419.6089172363281], "obj_id": 0}, {"cam_R_m2c": [0.7228735685348511, 0.449148565530777, 0.5250898599624634, -0.62201327085495, 0.09203694015741348, 0.7775787711143494, 0.300920695066452, -0.8887040019035339, 0.34590741991996765], "cam_t_m2c": [346.1477355957031, 165.15147399902344, 419.6089172363281], "obj_id": 1}, {"cam_R_m2c": [-0.12915948033332825, -0.9916133284568787, -0.004567637573927641, 0.25220048427581787, -0.03730364516377449, 0.9669557213783264, -0.9590165615081787, 0.12373951822519302, 0.2549034655094147], "cam_t_m2c": [346.1477355957031, 165.15147399902344, 419.6089172363281], "obj_id": 2}, {"cam_R_m2c": [-0.2515678405761719, -0.8350307941436768, 0.4893229901790619, -0.2769128382205963, 0.5465474724769592, 0.7903196215629578, -0.9273794889450073, 0.06331923604011536, -0.3687244951725006], "cam_t_m2c": [346.1477355957031, 165.15147399902344, 419.6089172363281], "obj_id": 1}, {"cam_R_m2c": [-0.3781687319278717, 0.8947746157646179, 0.2374163419008255, -0.9253978729248047, -0.3723236918449402, -0.07080698758363724, 0.02503945678472519, -0.24648158252239227, 0.9688239693641663], "cam_t_m2c": [346.1477355957031, 165.15147399902344, 419.6089172363281], "obj_id": 1}, {"cam_R_m2c": [0.7378647923469543, -0.14716021716594696, 0.6587104201316833, 0.6555984616279602, 0.38827720284461975, -0.6476352214813232, -0.1604560911655426, 0.909716784954071, 0.38297411799430847], "cam_t_m2c": [346.1477355957031, 165.15147399902344, 419.6089172363281], "obj_id": 0}],
  "5": [{"cam_R_m2c": [0.23877529799938202, 0.9673354029655457, 0.08513856679201126, -0.9701268672943115, 0.2337505966424942, 0.06491896510124207, 0.04289722070097923, -0.09809625893831253, 0.9942519664764404], "cam_t_m2c": [346.1477355957031, 165.15147399902344, 419.6089172363281], "obj_id": 2}, {"cam_R_m2c": [-0.9401187300682068, 0.028508756309747696, -0.33965256810188293, -0.020685145631432533, -0.9994311332702637, -0.026633238419890404, -0.3402186632156372, -0.018012644723057747, 0.9401738047599792], "cam_t_m2c": [346.1477355957031, 165.15147399902344, 419.6089172363281], "obj_id": 1}, {"cam_R_m2c": [-0.499851793050766, -0.2537977695465088, 0.8280910849571228, -0.8298130035400391, 0.41422319412231445, -0.37393784523010254, -0.24810996651649475, -0.8740742802619934, -0.41765493154525757], "cam_t_m2c": [346.1477355957031, 165.15147399902344, 419.6089172363281], "obj_id": 0}, {"cam_R_m2c": [0.12034811079502106, -0.8054189085960388, -0.5803591012954712, -0.3654477894306183, -0.579498827457428, 0.7284427881240845, -0.9230190515518188, 0.12442426383495331, -0.3640801012516022], "cam_t_m2c": [346.1477355957031, 165.15147399902344, 419.6089172363281], "obj_id": 0}, {"cam_R_m2c": [-0.4758886396884918, -0.7164939641952515, 0.5100651383399963, -0.8626332879066467, 0.4932995140552521, -0.11189013719558716, -0.1714462786912918, -0.4932464063167572, -0.8528271317481995], "cam_t_m2c": [346.1477355957031, 165.15147399902344, 419.6089172363281], "obj_id": 0}, {"cam_R_m2c": [0.7228735685348511, 0.449148565530777, 0.5250898599624634, -0.62201327085495, 0.09203694015741348, 0.7775787711143494, 0.300920695066452, -0.8887040019035339, 0.34590741991996765], "cam_t_m2c": [346.1477355957031, 165.15147399902344, 419.6089172363281], "obj_id": 1}, {"cam_R_m2c": [-0.12915948033332825, -0.9916133284568787, -0.004567637573927641, 0.25220048427581787, -0.03730364516377449, 0.9669557213783264, -0.9590165615081787, 0.12373951822519302, 0.2549034655094147], "cam_t_m2c": [346.1477355957031, 165.15147399902344, 419.6089172363281], "obj_id": 2}, {"cam_R_m2c": [-0.2515678405761719, -0.8350307941436768, 0.4893229901790619, -0.2769128382205963, 0.5465474724769592, 0.7903196215629578, -0.9273794889450073, 0.06331923604011536, -0.3687244951725006], "cam_t_m2c": [346.1477355957031, 165.15147399902344, 419.6089172363281], "obj_id": 1}, {"cam_R_m2c": [-0.3781687319278717, 0.8947746157646179, 0.2374163419008255, -0.9253978729248047, -0.3723236918449402, -0.07080698758363724, 0.02503945678472519, -0.24648158252239227, 0.9688239693641663], "cam_t_m2c": [346.1477355957031, 165.15147399902344, 419.6089172363281], "obj_id": 1}, {"cam_R_m2c": [0.7378647923469543, -0.14716021716594696, 0.6587104201316833, 0.6555984616279602, 0.38827720284461975, -0.6476352214813232, -0.1604560911655426, 0.909716784954071, 0.38297411799430847], "cam_t_m2c": [346.1477355957031, 165.15147399902344, 419.6089172363281], "obj_id": 0}],
  "6": [{"cam_R_m2c": [0.23877529799938202, 0.9673354029655457, 0.08513856679201126, -0.9701268672943115, 0.2337505966424942, 0.06491896510124207, 0.04289722070097923, -0.09809625893831253, 0.9942519664764404], "cam_t_m2c": [346.1477355957031, 165.15147399902344, 419.6089172363281], "obj_id": 2}, {"cam_R_m2c": [-0.9401187300682068, 0.028508756309747696, -0.33965256810188293, -0.020685145631432533, -0.9994311332702637, -0.026633238419890404, -0.3402186632156372, -0.018012644723057747, 0.9401738047599792], "cam_t_m2c": [346.1477355957031, 165.15147399902344, 419.6089172363281], "obj_id": 1}, {"cam_R_m2c": [-0.499851793050766, -0.2537977695465088, 0.8280910849571228, -0.8298130035400391, 0.41422319412231445, -0.37393784523010254, -0.24810996651649475, -0.8740742802619934, -0.41765493154525757], "cam_t_m2c": [346.1477355957031, 165.15147399902344, 419.6089172363281], "obj_id": 0}, {"cam_R_m2c": [0.12034811079502106, -0.8054189085960388, -0.5803591012954712, -0.3654477894306183, -0.579498827457428, 0.7284427881240845, -0.9230190515518188, 0.12442426383495331, -0.3640801012516022], "cam_t_m2c": [346.1477355957031, 165.15147399902344, 419.6089172363281], "obj_id": 0}, {"cam_R_m2c": [-0.4758886396884918, -0.7164939641952515, 0.5100651383399963, -0.8626332879066467, 0.4932995140552521, -0.11189013719558716, -0.1714462786912918, -0.4932464063167572, -0.8528271317481995], "cam_t_m2c": [346.1477355957031, 165.15147399902344, 419.6089172363281], "obj_id": 0}, {"cam_R_m2c": [0.7228735685348511, 0.449148565530777, 0.5250898599624634, -0.62201327085495, 0.09203694015741348, 0.7775787711143494, 0.300920695066452, -0.8887040019035339, 0.34590741991996765], "cam_t_m2c": [346.1477355957031, 165.15147399902344, 419.6089172363281], "obj_id": 1}, {"cam_R_m2c": [-0.12915948033332825, -0.9916133284568787, -0.004567637573927641, 0.25220048427581787, -0.03730364516377449, 0.9669557213783264, -0.9590165615081787, 0.12373951822519302, 0.2549034655094147], "cam_t_m2c": [346.1477355957031, 165.15147399902344, 419.6089172363281], "obj_id": 2}, {"cam_R_m2c": [-0.2515678405761719, -0.8350307941436768, 0.4893229901790619, -0.2769128382205963, 0.5465474724769592, 0.7903196215629578, -0.9273794889450073, 0.06331923604011536, -0.3687244951725006], "cam_t_m2c": [346.1477355957031, 165.15147399902344, 419.6089172363281], "obj_id": 1}, {"cam_R_m2c": [-0.3781687319278717, 0.8947746157646179, 0.2374163419008255, -0.9253978729248047, -0.3723236918449402, -0.07080698758363724, 0.02503945678472519, -0.24648158252239227, 0.9688239693641663], "cam_t_m2c": [346.1477355957031, 165.15147399902344, 419.6089172363281], "obj_id": 1}, {"cam_R_m2c": [0.7378647923469543, -0.14716021716594696, 0.6587104201316833, 0.6555984616279602, 0.38827720284461975, -0.6476352214813232, -0.1604560911655426, 0.909716784954071, 0.38297411799430847], "cam_t_m2c": [346.1477355957031, 165.15147399902344, 419.6089172363281], "obj_id": 0}],
  "7": [{"cam_R_m2c": [0.23877529799938202, 0.9673354029655457, 0.08513856679201126, -0.9701268672943115, 0.2337505966424942, 0.06491896510124207, 0.04289722070097923, -0.09809625893831253, 0.9942519664764404], "cam_t_m2c": [346.1477355957031, 165.15147399902344, 419.6089172363281], "obj_id": 2}, {"cam_R_m2c": [-0.9401187300682068, 0.028508756309747696, -0.33965256810188293, -0.020685145631432533, -0.9994311332702637, -0.026633238419890404, -0.3402186632156372, -0.018012644723057747, 0.9401738047599792], "cam_t_m2c": [346.1477355957031, 165.15147399902344, 419.6089172363281], "obj_id": 1}, {"cam_R_m2c": [-0.499851793050766, -0.2537977695465088, 0.8280910849571228, -0.8298130035400391, 0.41422319412231445, -0.37393784523010254, -0.24810996651649475, -0.8740742802619934, -0.41765493154525757], "cam_t_m2c": [346.1477355957031, 165.15147399902344, 419.6089172363281], "obj_id": 0}, {"cam_R_m2c": [0.12034811079502106, -0.8054189085960388, -0.5803591012954712, -0.3654477894306183, -0.579498827457428, 0.7284427881240845, -0.9230190515518188, 0.12442426383495331, -0.3640801012516022], "cam_t_m2c": [346.1477355957031, 165.15147399902344, 419.6089172363281], "obj_id": 0}, {"cam_R_m2c": [-0.4758886396884918, -0.7164939641952515, 0.5100651383399963, -0.8626332879066467, 0.4932995140552521, -0.11189013719558716, -0.1714462786912918, -0.4932464063167572, -0.8528271317481995], "cam_t_m2c": [346.1477355957031, 165.15147399902344, 419.6089172363281], "obj_id": 0}, {"cam_R_m2c": [0.7228735685348511, 0.449148565530777, 0.5250898599624634, -0.62201327085495, 0.09203694015741348, 0.7775787711143494, 0.300920695066452, -0.8887040019035339, 0.34590741991996765], "cam_t_m2c": [346.1477355957031, 165.15147399902344, 419.6089172363281], "obj_id": 1}, {"cam_R_m2c": [-0.12915948033332825, -0.9916133284568787, -0.004567637573927641, 0.25220048427581787, -0.03730364516377449, 0.9669557213783264, -0.9590165615081787, 0.12373951822519302, 0.2549034655094147], "cam_t_m2c": [346.1477355957031, 165.15147399902344, 419.6089172363281], "obj_id": 2}, {"cam_R_m2c": [-0.2515678405761719, -0.8350307941436768, 0.4893229901790619, -0.2769128382205963, 0.5465474724769592, 0.7903196215629578, -0.9273794889450073, 0.06331923604011536, -0.3687244951725006], "cam_t_m2c": [346.1477355957031, 165.15147399902344, 419.6089172363281], "obj_id": 1}, {"cam_R_m2c": [-0.3781687319278717, 0.8947746157646179, 0.2374163419008255, -0.9253978729248047, -0.3723236918449402, -0.07080698758363724, 0.02503945678472519, -0.24648158252239227, 0.9688239693641663], "cam_t_m2c": [346.1477355957031, 165.15147399902344, 419.6089172363281], "obj_id": 1}, {"cam_R_m2c": [0.7378647923469543, -0.14716021716594696, 0.6587104201316833, 0.6555984616279602, 0.38827720284461975, -0.6476352214813232, -0.1604560911655426, 0.909716784954071, 0.38297411799430847], "cam_t_m2c": [346.1477355957031, 165.15147399902344, 419.6089172363281], "obj_id": 0}],
  "8": [{"cam_R_m2c": [0.23877529799938202, 0.9673354029655457, 0.08513856679201126, -0.9701268672943115, 0.2337505966424942, 0.06491896510124207, 0.04289722070097923, -0.09809625893831253, 0.9942519664764404], "cam_t_m2c": [346.1477355957031, 165.15147399902344, 419.6089172363281], "obj_id": 2}, {"cam_R_m2c": [-0.9401187300682068, 0.028508756309747696, -0.33965256810188293, -0.020685145631432533, -0.9994311332702637, -0.026633238419890404, -0.3402186632156372, -0.018012644723057747, 0.9401738047599792], "cam_t_m2c": [346.1477355957031, 165.15147399902344, 419.6089172363281], "obj_id": 1}, {"cam_R_m2c": [-0.499851793050766, -0.2537977695465088, 0.8280910849571228, -0.8298130035400391, 0.41422319412231445, -0.37393784523010254, -0.24810996651649475, -0.8740742802619934, -0.41765493154525757], "cam_t_m2c": [346.1477355957031, 165.15147399902344, 419.6089172363281], "obj_id": 0}, {"cam_R_m2c": [0.12034811079502106, -0.8054189085960388, -0.5803591012954712, -0.3654477894306183, -0.579498827457428, 0.7284427881240845, -0.9230190515518188, 0.12442426383495331, -0.3640801012516022], "cam_t_m2c": [346.1477355957031, 165.15147399902344, 419.6089172363281], "obj_id": 0}, {"cam_R_m2c": [-0.4758886396884918, -0.7164939641952515, 0.5100651383399963, -0.8626332879066467, 0.4932995140552521, -0.11189013719558716, -0.1714462786912918, -0.4932464063167572, -0.8528271317481995], "cam_t_m2c": [346.1477355957031, 165.15147399902344, 419.6089172363281], "obj_id": 0}, {"cam_R_m2c": [0.7228735685348511, 0.449148565530777, 0.5250898599624634, -0.62201327085495, 0.09203694015741348, 0.7775787711143494, 0.300920695066452, -0.8887040019035339, 0.34590741991996765], "cam_t_m2c": [346.1477355957031, 165.15147399902344, 419.6089172363281], "obj_id": 1}, {"cam_R_m2c": [-0.12915948033332825, -0.9916133284568787, -0.004567637573927641, 0.25220048427581787, -0.03730364516377449, 0.9669557213783264, -0.9590165615081787, 0.12373951822519302, 0.2549034655094147], "cam_t_m2c": [346.1477355957031, 165.15147399902344, 419.6089172363281], "obj_id": 2}, {"cam_R_m2c": [-0.2515678405761719, -0.8350307941436768, 0.4893229901790619, -0.2769128382205963, 0.5465474724769592, 0.7903196215629578, -0.9273794889450073, 0.06331923604011536, -0.3687244951725006], "cam_t_m2c": [346.1477355957031, 165.15147399902344, 419.6089172363281], "obj_id": 1}, {"cam_R_m2c": [-0.3781687319278717, 0.8947746157646179, 0.2374163419008255, -0.9253978729248047, -0.3723236918449402, -0.07080698758363724, 0.02503945678472519, -0.24648158252239227, 0.9688239693641663], "cam_t_m2c": [346.1477355957031, 165.15147399902344, 419.6089172363281], "obj_id": 1}, {"cam_R_m2c": [0.7378647923469543, -0.14716021716594696, 0.6587104201316833, 0.6555984616279602, 0.38827720284461975, -0.6476352214813232, -0.1604560911655426, 0.909716784954071, 0.38297411799430847], "cam_t_m2c": [346.1477355957031, 165.15147399902344, 419.6089172363281], "obj_id": 0}],
  "9": [{"cam_R_m2c": [0.23877529799938202, 0.9673354029655457, 0.08513856679201126, -0.9701268672943115, 0.2337505966424942, 0.06491896510124207, 0.04289722070097923, -0.09809625893831253, 0.9942519664764404], "cam_t_m2c": [346.1477355957031, 165.15147399902344, 419.6089172363281], "obj_id": 2}, {"cam_R_m2c": [-0.9401187300682068, 0.028508756309747696, -0.33965256810188293, -0.020685145631432533, -0.9994311332702637, -0.026633238419890404, -0.3402186632156372, -0.018012644723057747, 0.9401738047599792], "cam_t_m2c": [346.1477355957031, 165.15147399902344, 419.6089172363281], "obj_id": 1}, {"cam_R_m2c": [-0.499851793050766, -0.2537977695465088, 0.8280910849571228, -0.8298130035400391, 0.41422319412231445, -0.37393784523010254, -0.24810996651649475, -0.8740742802619934, -0.41765493154525757], "cam_t_m2c": [346.1477355957031, 165.15147399902344, 419.6089172363281], "obj_id": 0}, {"cam_R_m2c": [0.12034811079502106, -0.8054189085960388, -0.5803591012954712, -0.3654477894306183, -0.579498827457428, 0.7284427881240845, -0.9230190515518188, 0.12442426383495331, -0.3640801012516022], "cam_t_m2c": [346.1477355957031, 165.15147399902344, 419.6089172363281], "obj_id": 0}, {"cam_R_m2c": [-0.4758886396884918, -0.7164939641952515, 0.5100651383399963, -0.8626332879066467, 0.4932995140552521, -0.11189013719558716, -0.1714462786912918, -0.4932464063167572, -0.8528271317481995], "cam_t_m2c": [346.1477355957031, 165.15147399902344, 419.6089172363281], "obj_id": 0}, {"cam_R_m2c": [0.7228735685348511, 0.449148565530777, 0.5250898599624634, -0.62201327085495, 0.09203694015741348, 0.7775787711143494, 0.300920695066452, -0.8887040019035339, 0.34590741991996765], "cam_t_m2c": [346.1477355957031, 165.15147399902344, 419.6089172363281], "obj_id": 1}, {"cam_R_m2c": [-0.12915948033332825, -0.9916133284568787, -0.004567637573927641, 0.25220048427581787, -0.03730364516377449, 0.9669557213783264, -0.9590165615081787, 0.12373951822519302, 0.2549034655094147], "cam_t_m2c": [346.1477355957031, 165.15147399902344, 419.6089172363281], "obj_id": 2}, {"cam_R_m2c": [-0.2515678405761719, -0.8350307941436768, 0.4893229901790619, -0.2769128382205963, 0.5465474724769592, 0.7903196215629578, -0.9273794889450073, 0.06331923604011536, -0.3687244951725006], "cam_t_m2c": [346.1477355957031, 165.15147399902344, 419.6089172363281], "obj_id": 1}, {"cam_R_m2c": [-0.3781687319278717, 0.8947746157646179, 0.2374163419008255, -0.9253978729248047, -0.3723236918449402, -0.07080698758363724, 0.02503945678472519, -0.24648158252239227, 0.9688239693641663], "cam_t_m2c": [346.1477355957031, 165.15147399902344, 419.6089172363281], "obj_id": 1}, {"cam_R_m2c": [0.7378647923469543, -0.14716021716594696, 0.6587104201316833, 0.6555984616279602, 0.38827720284461975, -0.6476352214813232, -0.1604560911655426, 0.909716784954071, 0.38297411799430847], "cam_t_m2c": [346.1477355957031, 165.15147399902344, 419.6089172363281], "obj_id": 0}]
}