{
  "0": [{"cam_R_m2c": [0.17149190604686737, 0.039293207228183746, 0.9844015836715698, 0.7542210817337036, 0.6376133561134338, -0.1568431407213211, -0.6338304281234741, 0.7693537473678589, 0.07970977574586868], "cam_t_m2c": [181.67190551757812, -162.44139099121094, 647.6173706054688], "obj_id": 3}, {"cam_R_m2c": [0.9297631978988647, -0.11732611805200577, 0.3489626944065094, -0.24085739254951477, -0.9107158184051514, 0.3355361521244049, 0.27843865752220154, -0.39601942896842957, -0.8750088810920715], "cam_t_m2c": [50.714378356933594, -417.1910705566406, 733.8799438476562], "obj_id": 3}, {"cam_R_m2c": [0.30306071043014526, -0.659407913684845, -0.6879937648773193, 0.9529046416282654, 0.20114965736865997, 0.22696179151535034, -0.011270658113062382, -0.7243756651878357, 0.6893133521080017], "cam_t_m2c": [-116.85758972167969, -305.77490234375, 675.024169921875], "obj_id": 3}, {"cam_R_m2c": [0.4245436191558838, -0.26733487844467163, 0.8650403022766113, -0.5737982392311096, -0.8184951543807983, 0.0286577008664608, 0.7003701329231262, -0.5085250735282898, -0.500883162021637], "cam_t_m2c": [108.46455383300781, -418.8763427734375, 747.7283325195312], "obj_id": 3}, {"cam_R_m2c": [-0.8809589147567749, 0.4729382395744324, -0.015515899285674095, -0.3703211843967438, -0.7094812393188477, -0.5995820164680481, -0.29457348585128784, -0.5224612355232239, 0.8001629114151001], "cam_t_m2c": [228.65597534179688, -364.5567932128906, 809.3721923828125], "obj_id": 3}, {"cam_R_m2c": [-0.8857113718986511, 0.30441346764564514, -0.35049647092819214, 0.14191097021102905, -0.5413166880607605, -0.82875657081604, -0.44201427698135376, -0.7837784290313721, 0.4362507462501526], "cam_t_m2c": [140.2266082763672, -105.31216430664062, 803.7684936523438], "obj_id": 3}, {"cam_R_m2c": [-0.13675940036773682, 0.9239659905433655, -0.35718831419944763, 0.9365628957748413, 0.2380688190460205, 0.2572411000728607, 0.32271742820739746, -0.29934918880462646, -0.8979104161262512], "cam_t_m2c": [87.20484924316406, -30.76398277282715, 726.2581787109375], "obj_id": 3}, {"cam_R_m2c": [0.00032825168455019593, -0.6159990429878235, -0.7877467274665833, 0.5892852544784546, 0.6365595459938049, -0.49752870202064514, 0.8079249262809753, -0.4640442728996277, 0.363208144903183], "cam_t_m2c": [183.73712158203125, -119.77328491210938, 648.9954223632812], "obj_id": 3}, {"cam_R_m2c": [0.2504901587963104, 0.9627899527549744, 0.10144054144620895, -0.40620309114456177, 0.009410304948687553, 0.9137343764305115, 0.8787797093391418, -0.27008694410324097, 0.3934454321861267], "cam_t_m2c": [73.6817398071289, -482.4751892089844, 704.2828369140625], "obj_id": 3}, {"cam_R_m2c": [0.3818017840385437, -0.9027313590049744, -0.19825105369091034, -0.7486715912818909, -0.17629587650299072, -0.6390700936317444, 0.5419577956199646, 0.3924230635166168, -0.7431594133377075], "cam_t_m2c": [29.577537536621094, -352.010986328125, 749.57470703125], "obj_id": 3}, {"cam_R_m2c": [-0.8289994597434998, -0.005972936283797026, 0.5592172145843506, -0.4035649299621582, -0.685861349105835, -0.6055817604064941, 0.3871626555919647, -0.72770756483078, 0.566168487071991], "cam_t_m2c": [-130.73170471191406, -119.55669403076172, 793.5541381835938], "obj_id": 3}, {"cam_R_m2c": [-0.3301750421524048, 0.7202596068382263, -0.6100904941558838, 0.9357703328132629, 0.16501787304878235, -0.31161344051361084, -0.12376678735017776, -0.6737915873527527, -0.7284823060035706], "cam_t_m2c": [85.49398040771484, -112.06156158447266, 778.55029296875], "obj_id": 3}, {"cam_R_m2c": [0.9450346827507019, 0.11637050658464432, -0.3055606186389923, 0.2956937253475189, 0.09468554705381393, 0.9505786299705505, 0.13955147564411163, -0.9886821508407593, 0.05507110059261322], "cam_t_m2c": [157.94956970214844, 13.463839530944824, 659.953857421875], "obj_id": 3}, {"cam_R_m2c": [-0.35965675115585327, -0.3837797939777374, -0.8505056500434875, 0.29627689719200134, 0.8173584938049316, -0.4941103756427765, 0.8847976326942444, -0.42969539761543274, -0.18026338517665863], "cam_t_m2c": [214.3739776611328, -8.359825134277344, 610.1548461914062], "obj_id": 3}, {"cam_R_m2c": [0.23247650265693665, -0.9702438712120056, -0.06768621504306793, 0.18527740240097046, -0.02413984388113022, 0.9823896288871765, -0.9547915458679199, -0.2409231811761856, 0.17415238916873932], "cam_t_m2c": [-36.756591796875, -104.44155883789062, 791.0817260742188], "obj_id": 3}, {"cam_R_m2c": [0.7589642405509949, -0.5118012428283691, 0.4025329351425171, -0.43575412034988403, -0.8585951924324036, -0.27006062865257263, 0.48383018374443054, 0.029560968279838562, -0.8746625781059265], "cam_t_m2c": [57.80978012084961, -159.551513671875, 908.24560546875], "obj_id": 3}, {"cam_R_m2c": [0.9948128461837769, 0.10162466764450073, 0.00445463415235281, -0.038386330008506775, 0.3344922363758087, 0.9416163563728333, 0.09420141577720642, -0.9369030594825745, 0.33665814995765686], "cam_t_m2c": [-21.200292587280273, -363.3216857910156, 586.6577758789062], "obj_id": 3}, {"cam_R_m2c": [-0.298816055059433, -0.5291415452957153, -0.7941776514053345, -0.780773401260376, 0.6140708923339844, -0.11536812037229538, 0.5487274527549744, 0.5855989456176758, -0.5966339111328125], "cam_t_m2c": [77.75672149658203, -62.2596321105957, 647.7217407226562], "obj_id": 3}, {"cam_R_m2c": [0.02329150214791298, -0.990614116191864, -0.13468948006629944, -0.5833967924118042, -0.12287545949220657, 0.8028386235237122, -0.811853289604187, 0.059878069907426834, -0.5807830691337585], "cam_t_m2c": [-70.48595428466797, -448.5040588378906, 668.3192749023438], "obj_id": 3}, {"cam_R_m2c": [-0.6775935888290405, -0.5626896023750305, 0.47354748845100403, -0.23026145994663239, -0.44920679926872253, -0.8632454872131348, 0.698460042476654, -0.6939694285392761, 0.17481400072574615], "cam_t_m2c": [-18.519994735717773, -272.0357360839844, 456.9212646484375], "obj_id": 3}, {"cam_R_m2c": [-0.5360621809959412, -0.5649712681770325, -0.6272516846656799, 0.21923568844795227, 0.6243658661842346, -0.7497352361679077, 0.8152134418487549, -0.5394207239151001, -0.21083702147006989], "cam_t_m2c": [210.5279541015625, -474.5042419433594, 716.9785766601562], "obj_id": 3}, {"cam_R_m2c": [-0.8596371412277222, -0.31569144129753113, 0.40169990062713623, -0.5097413659095764, 0.5830009579658508, -0.6326718330383301, -0.0344623364508152, -0.7486312985420227, -0.6620902419090271], "cam_t_m2c": [-75.44425964355469, -192.69158935546875, 577.8307495117188], "obj_id": 3}, {"cam_R_m2c": [0.4165431559085846, 0.35436391830444336, 0.8372084498405457, -0.853262186050415, -0.16542348265647888, 0.494549036026001, 0.31374427676200867, -0.9203593730926514, 0.23345929384231567], "cam_t_m2c": [79.8912353515625, 3.8186957836151123, 712.4326782226562], "obj_id": 3}, {"cam_R_m2c": [-0.5139732956886292, -0.5689830183982849, -0.6419419050216675, -0.8379321098327637, 0.17286643385887146, 0.5176743865013123, -0.18357783555984497, 0.8039746880531311, -0.5656177997589111], "cam_t_m2c": [143.33326721191406, -35.51235580444336, 767.239013671875], "obj_id": 3}, {"cam_R_m2c": [-0.9004660844802856, -0.4348587989807129, 0.007634943816810846, -0.31101757287979126, 0.6560996174812317, 0.6876055002212524, -0.30402061343193054, 0.6167909502983093, -0.7260441184043884], "cam_t_m2c": [102.61971282958984, -36.08748245239258, 667.6393432617188], "obj_id": 3}, {"cam_R_m2c": [-0.7590896487236023, -0.4824674427509308, 0.437044620513916, -0.5690335631370544, 0.8178598284721375, -0.0854758769273758, -0.3162018954753876, -0.31357690691947937, -0.8953691124916077], "cam_t_m2c": [210.43963623046875, -380.5544128417969, 590.3060913085938], "obj_id": 3}, {"cam_R_m2c": [-0.09934090077877045, -0.23403964936733246, 0.9671383500099182, -0.9010734558105469, -0.39117342233657837, -0.18721584975719452, 0.4221348762512207, -0.8900609612464905, -0.17202726006507874], "cam_t_m2c": [-6.520057678222656, -157.50909423828125, 580.7093505859375], "obj_id": 3}, {"cam_R_m2c": [-0.8681257963180542, -0.42130178213119507, 0.2624167799949646, -0.3325769603252411, 0.10128359496593475, -0.9376215934753418, 0.3684431314468384, -0.9012472033500671, -0.22804223001003265], "cam_t_m2c": [-155.64276123046875, -359.53045654296875, 594.505126953125], "obj_id": 3}, {"cam_R_m2c": [0.8528180718421936, -0.1927594542503357, 0.48532989621162415, -0.5125163197517395, -0.1307300329208374, 0.848667562007904, -0.1001414880156517, -0.9724985361099243, -0.21028131246566772], "cam_t_m2c": [-164.08944702148438, -70.63264465332031, 789.425048828125], "obj_id": 1}, {"cam_R_m2c": [-0.6376755833625793, -0.42727696895599365, -0.6409400105476379, 0.724837601184845, -0.6144643425941467, -0.31151869893074036, -0.2607300281524658, -0.6632253527641296, 0.7015354633331299], "cam_t_m2c": [186.05479431152344, -332.2373046875, 744.6972045898438], "obj_id": 1}, {"cam_R_m2c": [-0.3646380305290222, 0.731303334236145, 0.5763977766036987, 0.5486462712287903, -0.3314136564731598, 0.7675624489784241, 0.7523471713066101, 0.5961210131645203, -0.2803807854652405], "cam_t_m2c": [148.04037475585938, -101.48185729980469, 606.9822387695312], "obj_id": 1}, {"cam_R_m2c": [-0.07466977089643478, -0.8339041471481323, -0.5468346476554871, -0.7841615080833435, -0.28966355323791504, 0.5488038063049316, -0.6160479187965393, 0.46978577971458435, -0.6322863698005676], "cam_t_m2c": [217.50155639648438, -418.9497985839844, 670.6776733398438], "obj_id": 1}, {"cam_R_m2c": [0.054238516837358475, -0.31698766350746155, 0.9468774795532227, 0.38670942187309265, 0.8809406161308289, 0.27276259660720825, -0.9206052422523499, 0.35137221217155457, 0.17036302387714386], "cam_t_m2c": [-138.4229736328125, -32.84731674194336, 753.331787109375], "obj_id": 1}, {"cam_R_m2c": [-0.5583669543266296, 0.25392019748687744, -0.7897789478302002, -0.18111950159072876, -0.9663529992103577, -0.18264023959636688, -0.8095813393592834, 0.04106409475207329, 0.5855696201324463], "cam_t_m2c": [-151.28684997558594, -165.11585998535156, 512.4923095703125], "obj_id": 1}, {"cam_R_m2c": [0.9847097396850586, 0.15946710109710693, -0.07012086361646652, -0.0015974112320691347, 0.4107727110385895, 0.9117363691329956, 0.17419569194316864, -0.8976836800575256, 0.4047466516494751], "cam_t_m2c": [-77.71379852294922, 21.65560531616211, 678.83544921875], "obj_id": 1}, {"cam_R_m2c": [0.7579234838485718, 0.4512557089328766, -0.4710841178894043, -0.42456749081611633, 0.889490008354187, 0.16896723210811615, 0.49527207016944885, 0.0719427764415741, 0.8657538890838623], "cam_t_m2c": [27.81986427307129, -358.3631591796875, 766.8455200195312], "obj_id": 1}, {"cam_R_m2c": [0.09239547699689865, 0.3424905240535736, -0.934967041015625, -0.922879159450531, 0.3819942772388458, 0.048728521913290024, 0.3738411068916321, 0.8583592772483826, 0.3513719141483307], "cam_t_m2c": [-49.065879821777344, -339.25579833984375, 664.9484252929688], "obj_id": 1}, {"cam_R_m2c": [-0.8725754618644714, -0.0237809456884861, -0.4879000186920166, -0.35788077116012573, 0.7109290957450867, 0.6053933501243591, 0.3324654996395111, 0.702861487865448, -0.6288500428199768], "cam_t_m2c": [-168.29872131347656, -70.98033142089844, 751.7498168945312], "obj_id": 1}, {"cam_R_m2c": [0.04536829888820648, -0.47093990445137024, 0.8809978365898132, 0.03189082816243172, -0.8807736039161682, -0.47246232628822327, 0.998461127281189, 0.04953053966164589, -0.024940432980656624], "cam_t_m2c": [206.93777465820312, -202.28753662109375, 626.4764404296875], "obj_id": 1}, {"cam_R_m2c": [-0.5468135476112366, 0.8372334837913513, -0.005910581909120083, 0.7803692817687988, 0.5070914030075073, -0.36589890718460083, -0.30334562063217163, -0.20469094812870026, -0.9306357502937317], "cam_t_m2c": [88.72283172607422, -207.41001892089844, 861.59033203125], "obj_id": 1}, {"cam_R_m2c": [0.06513015180826187, -0.9891723394393921, 0.13151448965072632, 0.7095760703086853, 0.13857442140579224, 0.6908681392669678, -0.7016122341156006, 0.048323240131139755, 0.7109184861183167], "cam_t_m2c": [-156.84300231933594, 27.184797286987305, 652.1769409179688], "obj_id": 1}, {"cam_R_m2c": [0.1543423980474472, -0.5802479386329651, -0.799681544303894, 0.967155396938324, 0.2541757822036743, 0.0022359814029186964, 0.2019621878862381, -0.773761510848999, 0.6004201769828796], "cam_t_m2c": [-108.09454345703125, -417.7745361328125, 623.5734252929688], "obj_id": 1}, {"cam_R_m2c": [-0.9625946283340454, -0.1658749133348465, 0.21423564851284027, -0.09529365599155426, -0.5329145193099976, -0.8407859802246094, 0.25363460183143616, -0.8297514319419861, 0.4971739947795868], "cam_t_m2c": [160.62545776367188, -86.00505828857422, 824.7135620117188], "obj_id": 1}, {"cam_R_m2c": [-0.2378099262714386, -0.8000121116638184, -0.5508421659469604, 0.6732685565948486, 0.2730000615119934, -0.6871538162231445, 0.7001112699508667, -0.5342767238616943, 0.4737008810043335], "cam_t_m2c": [159.01806640625, -224.8722686767578, 809.0950927734375], "obj_id": 1}, {"cam_R_m2c": [-0.8627036809921265, 0.5041590929031372, -0.03957366570830345, 0.4807310998439789, 0.7932870388031006, -0.3736218214035034, -0.1569715440273285, -0.34134921431541443, -0.9267366528511047], "cam_t_m2c": [98.94295501708984, -72.90782928466797, 634.19287109375], "obj_id": 1}, {"cam_R_m2c": [0.9643587470054626, 0.1854117214679718, -0.18877147138118744, 0.08007704466581345, 0.4754636585712433, 0.8760833144187927, 0.25219008326530457, -0.8599749207496643, 0.4436703324317932], "cam_t_m2c": [44.36845779418945, -77.05290985107422, 813.2914428710938], "obj_id": 1}, {"cam_R_m2c": [-0.7377435564994812, 0.2263927161693573, -0.6359879970550537, -0.627496600151062, -0.5774012207984924, 0.5223560333251953, -0.2489626556634903, 0.7844451069831848, 0.5680347681045532], "cam_t_m2c": [153.68881225585938, -156.85684204101562, 771.4512939453125], "obj_id": 1}, {"cam_R_m2c": [0.9842191934585571, 0.07900771498680115, -0.15833616256713867, 0.12454673647880554, -0.9449190497398376, 0.30268123745918274, -0.1257007122039795, -0.31762492656707764, -0.9398475885391235], "cam_t_m2c": [32.573646545410156, -485.3773193359375, 709.9468994140625], "obj_id": 1}, {"cam_R_m2c": [-0.08648017793893814, 0.9952679872512817, 0.04430462792515755, -0.8343152403831482, -0.048047441989183426, -0.5491899251937866, -0.5444624423980713, -0.08445805311203003, 0.8345223069190979], "cam_t_m2c": [-113.32305908203125, -272.5257873535156, 637.5285034179688], "obj_id": 1}, {"cam_R_m2c": [-0.09467256814241409, 0.7328776121139526, 0.6737415194511414, 0.4111790359020233, -0.5875682830810547, 0.6969185471534729, 0.9066250324249268, 0.3430074155330658, -0.2457173466682434], "cam_t_m2c": [55.14715576171875, -202.11199951171875, 614.923095703125], "obj_id": 1}, {"cam_R_m2c": [-0.8020116686820984, 0.45040497183799744, -0.3923172950744629, -0.0006120292819105089, 0.656188428401947, 0.7545968890190125, 0.5973082184791565, 0.6054355502128601, -0.525995135307312], "cam_t_m2c": [-81.32319641113281, -374.6671447753906, 763.1441650390625], "obj_id": 1}, {"cam_R_m2c": [-0.635367214679718, -0.18392521142959595, 0.7499865293502808, -0.7523683905601501, 0.36619237065315247, -0.547580897808075, -0.17392535507678986, -0.9121811985969543, -0.3710460662841797], "cam_t_m2c": [101.33692169189453, -401.3890075683594, 704.5896606445312], "obj_id": 1}, {"cam_R_m2c": [0.062036920338869095, 0.9473223090171814, 0.31421586871147156, -0.6017546057701111, -0.21566548943519592, 0.7690120339393616, 0.7962679266929626, -0.23678793013095856, 0.5566765666007996], "cam_t_m2c": [-99.995361328125, -378.2053527832031, 815.076904296875], "obj_id": 1}, {"cam_R_m2c": [-0.7082679271697998, 0.18002717196941376, 0.6826030015945435, -0.0783684104681015, 0.9409091472625732, -0.329466849565506, -0.7015803456306458, -0.28684529662132263, -0.6523073315620422], "cam_t_m2c": [-99.58788299560547, -346.8446350097656, 752.5388793945312], "obj_id": 1}, {"cam_R_m2c": [-0.6492950320243835, 0.7535342574119568, 0.1029655858874321, -0.5933992862701416, -0.4172588884830475, -0.6883111000061035, -0.4757027328014374, -0.5080167651176453, 0.718070924282074], "cam_t_m2c": [100.09124755859375, -99.77574920654297, 751.67138671875], "obj_id": 1}, {"cam_R_m2c": [0.9334284663200378, -0.09618283808231354, 0.34563013911247253, 0.23756353557109833, -0.5562118291854858, -0.7963616251945496, 0.26883992552757263, 0.8254557251930237, -0.49633440375328064], "cam_t_m2c": [-26.52549171447754, -123.7636489868164, 549.8715209960938], "obj_id": 1}, {"cam_R_m2c": [-0.49349600076675415, -0.7971157431602478, -0.34794825315475464, -0.06601187586784363, -0.364575058221817, 0.9288311004638672, -0.867239236831665, 0.48134326934814453, 0.12729738652706146], "cam_t_m2c": [74.70648193359375, -185.60447692871094, 504.7980651855469], "obj_id": 1}, {"cam_R_m2c": [-0.548371434211731, 0.1614910513162613, -0.8204934597015381, -0.8310725688934326, -0.21410158276557922, 0.5133020281791687, -0.09277521818876266, 0.9633697271347046, 0.2516178786754608], "cam_t_m2c": [-62.301753997802734, -264.2030029296875, 676.5271606445312], "obj_id": 1}, {"cam_R_m2c": [-0.3343217074871063, -0.21686476469039917, -0.9171688556671143, 0.9132885336875916, -0.31479379534721375, -0.258474200963974, -0.23266510665416718, -0.9240533113479614, 0.30330249667167664], "cam_t_m2c": [36.36859893798828, -361.5650329589844, 580.1632080078125], "obj_id": 1}, {"cam_R_m2c": [0.3378593623638153, -0.9324480295181274, 0.12803040444850922, -0.2853519916534424, -0.23110704123973846, -0.930141806602478, 0.8968976140022278, 0.27772340178489685, -0.3441575765609741], "cam_t_m2c": [174.90719604492188, -183.5505828857422, 815.6466064453125], "obj_id": 1}, {"cam_R_m2c": [0.6615358591079712, 0.10129079967737198, -0.7430413961410522, -0.33379846811294556, 0.927039623260498, -0.17081023752689362, 0.6715272665023804, 0.3610231876373291, 0.647080659866333], "cam_t_m2c": [72.54707336425781, -220.70266723632812, 896.6845703125], "obj_id": 1}, {"cam_R_m2c": [-0.5720376372337341, -0.36730775237083435, -0.7333878874778748, 0.12867256999015808, 0.8428713083267212, -0.5225048065185547, 0.8100717067718506, -0.3932593762874603, -0.4348917007446289], "cam_t_m2c": [101.93704223632812, -89.70413208007812, 644.9872436523438], "obj_id": 1}, {"cam_R_m2c": [-0.27075523138046265, 0.9347296953201294, 0.23015624284744263, 0.4847224950790405, 0.3389450013637543, -0.8063251972198486, -0.8317064642906189, -0.10675487667322159, -0.5448556542396545], "cam_t_m2c": [136.5711669921875, -330.4585876464844, 587.7612915039062], "obj_id": 1}, {"cam_R_m2c": [-0.31574103236198425, 0.9461539387702942, -0.07141616195440292, 0.7773820757865906, 0.3011065125465393, 0.5522788166999817, 0.5440446734428406, 0.11885946244001389, -0.8305947780609131], "cam_t_m2c": [-133.30140686035156, -361.1801452636719, 641.3994140625], "obj_id": 1}, {"cam_R_m2c": [-0.8769835829734802, -0.22013214230537415, 0.4271319806575775, -0.10872603952884674, 0.9567456245422363, 0.26984521746635437, -0.4680582582950592, 0.19020944833755493, -0.8629843592643738], "cam_t_m2c": [80.64441680908203, -71.09952545166016, 777.8133544921875], "obj_id": 1}, {"cam_R_m2c": [0.3204176425933838, -0.07046711444854736, -0.9446517825126648, -0.9412846565246582, 0.08830036967992783, -0.32586243748664856, 0.10637572407722473, 0.9935982823371887, -0.038036640733480453], "cam_t_m2c": [-146.48980712890625, -323.2157897949219, 789.4078369140625], "obj_id": 1}, {"cam_R_m2c": [-0.9442060589790344, 0.07776673138141632, 0.3200424611568451, -0.19520621001720428, 0.6505178809165955, -0.7339761257171631, -0.26527225971221924, -0.755499005317688, -0.5990423560142517], "cam_t_m2c": [74.46954345703125, -479.20904541015625, 745.0841674804688], "obj_id": 1}, {"cam_R_m2c": [-0.48340776562690735, -0.028470981866121292, 0.8749321699142456, -0.8358150124549866, 0.3121485710144043, -0.4516376256942749, -0.2602502405643463, -0.9496065974235535, -0.17469149827957153], "cam_t_m2c": [-101.84413146972656, -353.90032958984375, 606.7517700195312], "obj_id": 1}, {"cam_R_m2c": [0.18217095732688904, -0.726851224899292, 0.6621939539909363, 0.5331410765647888, 0.6388879418373108, 0.5546013712882996, -0.8261804580688477, 0.25201061367988586, 0.5039011836051941], "cam_t_m2c": [15.275284767150879, -92.74604797363281, 649.2344360351562], "obj_id": 1}, {"cam_R_m2c": [-0.8949709534645081, 0.36675986647605896, 0.25399643182754517, -0.3836962878704071, -0.9232676029205322, -0.01881730556488037, 0.22760525345802307, -0.11429843306541443, 0.9670220613479614], "cam_t_m2c": [29.140310287475586, -256.4110107421875, 679.271484375], "obj_id": 1}, {"cam_R_m2c": [-0.8511041402816772, -0.5249581336975098, 0.006350585259497166, 0.4159108102321625, -0.6815909147262573, -0.602039635181427, 0.32037413120269775, -0.5097572207450867, 0.7984409332275391], "cam_t_m2c": [127.9649887084961, -352.1256103515625, 722.9260864257812], "obj_id": 1}, {"cam_R_m2c": [-0.6379677653312683, 0.7405040264129639, -0.21130764484405518, -0.5952233672142029, -0.30009299516677856, 0.7454215884208679, 0.4885757267475128, 0.6013302206993103, 0.6322149634361267], "cam_t_m2c": [28.704280853271484, -78.9564208984375, 701.5910034179688], "obj_id": 1}, {"cam_R_m2c": [0.1514202207326889, 0.18403276801109314, -0.9711867570877075, 0.015197256579995155, -0.9828329682350159, -0.18387019634246826, -0.9883525967597961, 0.013082282617688179, -0.15161748230457306], "cam_t_m2c": [-97.25772094726562, -55.04854965209961, 671.2505493164062], "obj_id": 1}, {"cam_R_m2c": [0.20388902723789215, -0.9229801297187805, 0.32639962434768677, -0.9669619798660278, -0.24197110533714294, -0.08021395653486252, 0.15301522612571716, -0.29926133155822754, -0.9418219327926636], "cam_t_m2c": [69.4250259399414, -392.149658203125, 693.5117797851562], "obj_id": 1}, {"cam_R_m2c": [-0.05282523110508919, 0.5706064701080322, -0.8195227384567261, 0.9240506291389465, -0.2832101881504059, -0.25675299763679504, -0.3786022663116455, -0.7708436846733093, -0.5123084783554077], "cam_t_m2c": [-111.13880920410156, -322.0788269042969, 756.6724243164062], "obj_id": 1}, {"cam_R_m2c": [-0.22585460543632507, -0.9699077606201172, 0.09093215316534042, -0.9741240739822388, 0.2240467220544815, -0.02975567989051342, 0.008487214334309101, -0.09529965370893478, -0.9954124689102173], "cam_t_m2c": [8.372424125671387, -63.01300811767578, 662.4298706054688], "obj_id": 1}, {"cam_R_m2c": [-0.8904620409011841, 0.0746886357665062, 0.4488862454891205, 0.4233081042766571, -0.22604535520076752, 0.8773332834243774, 0.16699549555778503, 0.9712492227554321, 0.16966858506202698], "cam_t_m2c": [198.70494079589844, -269.6473693847656, 553.6357421875], "obj_id": 1}, {"cam_R_m2c": [0.9103382229804993, 0.1387382447719574, -0.3899179995059967, 0.35246384143829346, -0.7536946535110474, 0.554719090461731, -0.21691842377185822, -0.6424139738082886, -0.7350172400474548], "cam_t_m2c": [66.85816955566406, -455.33154296875, 717.488525390625], "obj_id": 1}, {"cam_R_m2c": [0.817147970199585, 0.5699480772018433, -0.08618791401386261, 0.19553659856319427, -0.13342270255088806, 0.9715779423713684, 0.5422496199607849, -0.8107758164405823, -0.2204717993736267], "cam_t_m2c": [78.325927734375, -442.09912109375, 777.2953491210938], "obj_id": 1}, {"cam_R_m2c": [0.15141841769218445, -0.20155853033065796, -0.9677016139030457, -0.869284451007843, -0.49318933486938477, -0.033294398337602615, -0.4705495238304138, 0.8462494611740112, -0.2498895227909088], "cam_t_m2c": [205.7581787109375, -404.51556396484375, 601.4652099609375], "obj_id": 1}, {"cam_R_m2c": [0.5843595266342163, 0.5856609344482422, 0.5617162585258484, -0.532130241394043, 0.7991504073143005, -0.279635488986969, -0.6126673817634583, -0.13549856841564178, 0.7786390781402588], "cam_t_m2c": [132.68272399902344, -345.8446044921875, 723.3735961914062], "obj_id": 1}, {"cam_R_m2c": [-0.9225317239761353, 0.3736792504787445, -0.0964328944683075, -0.14842624962329865, -0.11289528757333755, 0.9824583530426025, 0.3562374711036682, 0.9206620454788208, 0.15961316227912903], "cam_t_m2c": [97.56513214111328, -251.3450927734375, 787.8465576171875], "obj_id": 1}, {"cam_R_m2c": [-0.7784813642501831, 0.6095736026763916, 0.14962059259414673, -0.6183741092681885, -0.7039782404899597, -0.34932446479797363, -0.10760931670665741, -0.3644641637802124, 0.9249789714813232], "cam_t_m2c": [158.09994506835938, -32.41068649291992, 756.9642333984375], "obj_id": 3}, {"cam_R_m2c": [0.3735453486442566, -0.9241494536399841, -0.08007252216339111, 0.2778257429599762, 0.19382014870643616, -0.9408754110336304, 0.8850291967391968, 0.3292134404182434, 0.3291531503200531], "cam_t_m2c": [-78.45462036132812, -155.78501892089844, 852.0283813476562], "obj_id": 1}, {"cam_R_m2c": [0.517464816570282, 0.6674190163612366, 0.5355202555656433, 0.8101789951324463, -0.18072296679019928, -0.5576279759407043, -0.2753906846046448, 0.7224201560020447, -0.6342466473579407], "cam_t_m2c": [146.22161865234375, -303.7253723144531, 497.1236877441406], "obj_id": 1}, {"cam_R_m2c": [-0.052096497267484665, -0.35769662261009216, -0.9323834776878357, -0.05586307495832443, 0.9332333207130432, -0.3549012839794159, 0.9970782995223999, 0.03359666466712952, -0.06860021501779556], "cam_t_m2c": [-79.30256652832031, -86.2657241821289, 573.1893310546875], "obj_id": 1}, {"cam_R_m2c": [-0.2671085000038147, -0.40670645236968994, 0.8736374974250793, 0.5651834607124329, 0.6681700944900513, 0.48385560512542725, -0.7805256247520447, 0.623007595539093, 0.05138996243476868], "cam_t_m2c": [169.3233642578125, -327.6611328125, 519.843994140625], "obj_id": 1}, {"cam_R_m2c": [-0.9634440541267395, -0.16305436193943024, -0.2125767171382904, 0.22712433338165283, -0.9179340600967407, -0.32528695464134216, -0.14209195971488953, -0.3616771399974823, 0.9214116930961609], "cam_t_m2c": [70.60411071777344, -57.51861572265625, 803.8408813476562], "obj_id": 3}, {"cam_R_m2c": [0.13329388201236725, -0.7757169604301453, -0.6168434023857117, 0.7367948293685913, -0.33870729804039, 0.5851585865020752, -0.6628469228744507, -0.5324850678443909, 0.5263967514038086], "cam_t_m2c": [46.187625885009766, -186.38882446289062, 536.3989868164062], "obj_id": 1}, {"cam_R_m2c": [0.8510675430297852, 0.2632012963294983, 0.4543227553367615, 0.4566802978515625, 0.05590732768177986, -0.8878725171089172, -0.2590891718864441, 0.9631196856498718, -0.07261793315410614], "cam_t_m2c": [-170.2067413330078, -153.05844116210938, 550.2940673828125], "obj_id": 1}, {"cam_R_m2c": [0.5850412249565125, 0.0666736289858818, -0.8082582354545593, 0.4489257037639618, 0.8033773899078369, 0.3912167251110077, 0.6754202246665955, -0.5917258262634277, 0.44007739424705505], "cam_t_m2c": [162.7616729736328, -111.42510986328125, 874.499755859375], "obj_id": 1}, {"cam_R_m2c": [0.055174198001623154, 0.9106025099754333, 0.40958350896835327, 0.9267023205757141, -0.199417844414711, 0.31852003931999207, 0.3717235028743744, 0.36198797821998596, -0.8548601269721985], "cam_t_m2c": [-120.10081481933594, -383.5290222167969, 798.6928100585938], "obj_id": 3}, {"cam_R_m2c": [0.8776565790176392, -0.4343419075012207, 0.2026476114988327, 0.359662264585495, 0.8763014078140259, 0.32052913308143616, -0.3167996108531952, -0.20842978358268738, 0.9253080487251282], "cam_t_m2c": [-49.796939849853516, -352.9903869628906, 600.8577880859375], "obj_id": 1}, {"cam_R_m2c": [-0.5298840403556824, 0.14820773899555206, 0.8350192308425903, 0.48591348528862, -0.7539106011390686, 0.44216135144233704, 0.6950617432594299, 0.6400414109230042, 0.32746922969818115], "cam_t_m2c": [168.55186462402344, -190.76882934570312, 959.6580810546875], "obj_id": 1}, {"cam_R_m2c": [-0.8879016041755676, -0.45987027883529663, -0.012236813083291054, 0.1803022176027298, -0.3234032392501831, -0.9289247989654541, 0.4232275187969208, -0.8270002603530884, 0.3700660765171051], "cam_t_m2c": [18.544572830200195, -172.4889678955078, 844.0199584960938], "obj_id": 3}, {"cam_R_m2c": [0.29466331005096436, 0.8484668731689453, 0.43963325023651123, 0.12347400933504105, 0.422397643327713, -0.8979611992835999, -0.9475904107093811, 0.31887948513031006, 0.019701505079865456], "cam_t_m2c": [95.4731674194336, -280.0966491699219, 474.0301513671875], "obj_id": 1}, {"cam_R_m2c": [-0.24654677510261536, -0.4465904235839844, 0.8600996732711792, 0.6370491981506348, 0.5941289663314819, 0.4910997748374939, -0.7303305864334106, 0.6690049767494202, 0.13801956176757812], "cam_t_m2c": [-17.78757667541504, -262.761962890625, 529.90771484375], "obj_id": 3}, {"cam_R_m2c": [-0.4592718780040741, 0.7040963768959045, -0.5415878295898438, 0.8285173773765564, 0.5594188570976257, 0.024686580523848534, 0.320356160402298, -0.43737712502479553, -0.8402814269065857], "cam_t_m2c": [114.581787109375, -27.254112243652344, 707.0465087890625], "obj_id": 3}, {"cam_R_m2c": [0.7257200479507446, 0.23584553599357605, 0.6463028192520142, 0.48284223675727844, 0.4945974051952362, -0.7226595282554626, -0.49009570479393005, 0.8365107774734497, 0.24506305158138275], "cam_t_m2c": [61.56037902832031, -180.83831787109375, 716.9610595703125], "obj_id": 3}, {"cam_R_m2c": [0.49390146136283875, -0.0253148190677166, 0.8691492676734924, 0.07153883576393127, -0.9950041174888611, -0.06963301450014114, 0.8665699362754822, 0.09656977653503418, -0.48962295055389404], "cam_t_m2c": [163.3267822265625, -33.39234924316406, 749.6779174804688], "obj_id": 3}, {"cam_R_m2c": [-0.28546011447906494, -0.8890682458877563, 0.35786890983581543, 0.7200464010238647, -0.44538557529449463, -0.5321324467658997, 0.6324917078018188, 0.10577964037656784, 0.7673102021217346], "cam_t_m2c": [142.86190795898438, -317.4581298828125, 718.7406005859375], "obj_id": 1}, {"cam_R_m2c": [0.9431026577949524, -0.15616285800933838, -0.2935482859611511, 0.3129737675189972, 0.11882474273443222, 0.9422994256019592, -0.11227134615182877, -0.9805579781532288, 0.1609387993812561], "cam_t_m2c": [53.43852615356445, -178.7373046875, 928.0699462890625], "obj_id": 3}, {"cam_R_m2c": [-0.42882034182548523, -0.8552650213241577, 0.2909204959869385, 0.7326892614364624, -0.5176488161087036, -0.44182130694389343, 0.5284690260887146, 0.02369234897196293, 0.8486219048500061], "cam_t_m2c": [-94.86478424072266, -192.69415283203125, 693.2860717773438], "obj_id": 3}, {"cam_R_m2c": [0.4123920500278473, 0.864371120929718, 0.28774169087409973, 0.9106919765472412, -0.3828475773334503, -0.1551380455493927, -0.023935629054903984, 0.3260217607021332, -0.9450591206550598], "cam_t_m2c": [81.73397064208984, -275.1759948730469, 865.20361328125], "obj_id": 3}, {"cam_R_m2c": [0.8082313537597656, -0.48558714985847473, -0.3331173360347748, 0.330498605966568, 0.8422554135322571, -0.42588314414024353, 0.4873732924461365, 0.2341172844171524, 0.8412231206893921], "cam_t_m2c": [180.78956604003906, -301.1938171386719, 588.0059204101562], "obj_id": 1}, {"cam_R_m2c": [0.22179655730724335, -0.8946459889411926, 0.3878333568572998, 0.9610458612442017, 0.2678351402282715, 0.06822768598794937, -0.16491501033306122, 0.35759302973747253, 0.9192008972167969], "cam_t_m2c": [213.8883819580078, -430.7083740234375, 759.1140747070312], "obj_id": 3}, {"cam_R_m2c": [-0.9812001585960388, 0.190769761800766, -0.029207609593868256, 0.06495890766382217, 0.46896564960479736, 0.8808243274688721, 0.18173202872276306, 0.8623677492141724, -0.47254136204719543], "cam_t_m2c": [88.703369140625, -104.1941909790039, 684.2251586914062], "obj_id": 3}, {"cam_R_m2c": [-0.41252750158309937, -0.9095442891120911, 0.05049813166260719, 0.1394389122724533, -0.11783027648925781, -0.9831951260566711, 0.9002097845077515, -0.398553729057312, 0.1754342019557953], "cam_t_m2c": [-77.90267944335938, -254.87753295898438, 679.6056518554688], "obj_id": 1}, {"cam_R_m2c": [-0.7305504679679871, -0.4079377353191376, 0.5476153492927551, 0.6263525485992432, -0.0808916985988617, 0.775331437587738, -0.2719894051551819, 0.9094191789627075, 0.31460845470428467], "cam_t_m2c": [167.88070678710938, -313.8007507324219, 802.9834594726562], "obj_id": 1}, {"cam_R_m2c": [-0.7791153192520142, -0.5833441615104675, -0.2295401245355606, -0.32972362637519836, 0.692756712436676, -0.6413816213607788, 0.5331617593765259, -0.4240255057811737, -0.7320797443389893], "cam_t_m2c": [219.29879760742188, -382.5565490722656, 668.4952392578125], "obj_id": 1}, {"cam_R_m2c": [0.4890187084674835, 0.2591392695903778, 0.832891047000885, 0.8163108825683594, -0.4724650979042053, -0.33228471875190735, 0.3074039816856384, 0.8423914909362793, -0.44258245825767517], "cam_t_m2c": [-118.73360443115234, -25.300451278686523, 710.2741088867188], "obj_id": 1}, {"cam_R_m2c": [0.21513523161411285, 0.9038028717041016, 0.3699421286582947, 0.9270464777946472, -0.30811935663223267, 0.21365194022655487, 0.3070855736732483, 0.2969895005226135, -0.9041545987129211], "cam_t_m2c": [220.0884246826172, -472.2994079589844, 715.3727416992188], "obj_id": 1}, {"cam_R_m2c": [-0.10577341914176941, -0.5544962286949158, 0.8254367709159851, -0.9763100743293762, -0.09966322779655457, -0.19205664098262787, 0.1887604147195816, -0.8261967301368713, -0.530818521976471], "cam_t_m2c": [55.187644958496094, -64.69441986083984, 708.5418701171875], "obj_id": 3}, {"cam_R_m2c": [0.8052319288253784, -0.5434351563453674, 0.23723366856575012, 0.4857659339904785, 0.3751291334629059, -0.7894995808601379, 0.34004855155944824, 0.7509703040122986, 0.5660482048988342], "cam_t_m2c": [147.6754913330078, -158.896728515625, 638.1107177734375], "obj_id": 3}, {"cam_R_m2c": [0.5940753817558289, 0.8025276064872742, 0.054989833384752274, 0.7797646522521973, -0.5913190245628357, 0.20569106936454773, 0.19758930802345276, -0.0793168693780899, -0.977070689201355], "cam_t_m2c": [-25.82295036315918, -253.0228271484375, 610.4109497070312], "obj_id": 3}, {"cam_R_m2c": [0.039949629455804825, 0.08166931569576263, -0.9958584308624268, -0.4989345073699951, 0.8651416301727295, 0.050934258848428726, 0.8657183051109314, 0.4948333501815796, 0.07530973851680756], "cam_t_m2c": [-68.6402587890625, -146.56979370117188, 531.0916137695312], "obj_id": 1}, {"cam_R_m2c": [-0.004368143621832132, 0.6652140021324158, -0.7466398477554321, 0.2738242745399475, -0.7173135876655579, -0.6406880617141724, -0.9617697596549988, -0.207246795296669, -0.1790182888507843], "cam_t_m2c": [102.76338195800781, -226.48158264160156, 749.5679321289062], "obj_id": 3}, {"cam_R_m2c": [-0.8721574544906616, 0.2951563894748688, 0.39015910029411316, -0.43242859840393066, -0.8380632996559143, -0.3326491117477417, 0.22879450023174286, -0.4588383436203003, 0.8585571646690369], "cam_t_m2c": [-98.69231414794922, -285.4499816894531, 623.3502807617188], "obj_id": 1}, {"cam_R_m2c": [0.32517656683921814, -0.6889610886573792, 0.647759735584259, 0.48865678906440735, 0.7088664770126343, 0.5086479783058167, -0.8096138834953308, 0.15113183856010437, 0.5671723484992981], "cam_t_m2c": [-40.96817398071289, -345.2037048339844, 556.382080078125], "obj_id": 1}, {"cam_R_m2c": [0.6105818748474121, 0.10826276987791061, 0.784518301486969, -0.026045074686408043, 0.992821216583252, -0.11673777550458908, -0.7915247678756714, 0.050845127552747726, 0.6090183258056641], "cam_t_m2c": [4.506373405456543, -237.01254272460938, 800.9259643554688], "obj_id": 3}, {"cam_R_m2c": [0.517689049243927, 0.48041820526123047, -0.7079522609710693, -0.1444447636604309, -0.7665086388587952, -0.6257797479629517, -0.843287467956543, 0.42621928453445435, -0.3274191915988922], "cam_t_m2c": [227.6444854736328, -35.865509033203125, 722.9159545898438], "obj_id": 3}, {"cam_R_m2c": [-0.8548552393913269, -0.49717143177986145, -0.14846880733966827, -0.40333276987075806, 0.8167312741279602, -0.41264107823371887, 0.32641249895095825, -0.2928660809993744, -0.8987125754356384], "cam_t_m2c": [215.24624633789062, -168.7130126953125, 934.1769409179688], "obj_id": 3}, {"cam_R_m2c": [0.8601321578025818, 0.022541074082255363, -0.5095729827880859, 0.40780752897262573, 0.5696746110916138, 0.7135571837425232, 0.306375116109848, -0.8215611577033997, 0.4808030128479004], "cam_t_m2c": [-80.73281860351562, -394.9718933105469, 630.1303100585938], "obj_id": 1}, {"cam_R_m2c": [-0.7738087177276611, -0.47155529260635376, -0.42291343212127686, -0.613548755645752, 0.7239193916320801, 0.3154340982437134, 0.1574106216430664, 0.503563642501831, -0.8494972586631775], "cam_t_m2c": [27.67793846130371, -214.8319854736328, 916.7966918945312], "obj_id": 1}, {"cam_R_m2c": [0.275247722864151, 0.5616613626480103, -0.7802402973175049, -0.3605307340621948, -0.6920523047447205, -0.6253642439842224, -0.8912103772163391, 0.4534306228160858, 0.012010672129690647], "cam_t_m2c": [24.099205017089844, -228.04849243164062, 938.6497802734375], "obj_id": 3}, {"cam_R_m2c": [-0.8803511261940002, -0.46429818868637085, -0.09699907153844833, 0.3094755709171295, -0.4072781801223755, -0.8592724204063416, 0.3594530522823334, -0.7864804267883301, 0.5022369623184204], "cam_t_m2c": [129.94085693359375, -158.07986450195312, 704.6603393554688], "obj_id": 3}, {"cam_R_m2c": [-0.5765434503555298, -0.21794363856315613, 0.7874631285667419, 0.7543842792510986, -0.512190043926239, 0.4105675220489502, 0.31385019421577454, 0.8307598233222961, 0.4597131013870239], "cam_t_m2c": [-122.70477294921875, 33.19701385498047, 671.7240600585938], "obj_id": 3}, {"cam_R_m2c": [0.9254589676856995, 0.3048834204673767, 0.2248818278312683, 0.11511395126581192, -0.7918305993080139, 0.5997941493988037, 0.36093562841415405, -0.5291978120803833, -0.7679030895233154], "cam_t_m2c": [74.6382064819336, -2.2817418575286865, 717.6347045898438], "obj_id": 3}, {"cam_R_m2c": [0.3759007453918457, 0.6548802852630615, -0.6556145548820496, -0.7265338897705078, 0.6474400162696838, 0.23015205562114716, 0.5751931071281433, 0.3898118734359741, 0.7191658616065979], "cam_t_m2c": [-125.30176544189453, -364.02117919921875, 714.0364990234375], "obj_id": 3}, {"cam_R_m2c": [-0.8325045108795166, -0.2389097511768341, -0.49985817074775696, -0.24386927485466003, -0.6521035432815552, 0.7178360223770142, -0.497457355260849, 0.7195018529891968, 0.48461657762527466], "cam_t_m2c": [-35.03400421142578, -158.4051513671875, 703.6952514648438], "obj_id": 3}, {"cam_R_m2c": [-0.26908233761787415, 0.9222416877746582, -0.2776055932044983, 0.5821696519851685, -0.07387098670005798, -0.809704601764679, -0.7672503590583801, -0.37949079275131226, -0.5170237421989441], "cam_t_m2c": [-35.19392395019531, -398.3465270996094, 598.3922729492188], "obj_id": 3}, {"cam_R_m2c": [0.9345716834068298, -0.3324061632156372, 0.12681438028812408, 0.32435372471809387, 0.9425296783447266, 0.08020264655351639, -0.14618617296218872, -0.03382240608334541, 0.9886787533760071], "cam_t_m2c": [-90.44599914550781, -142.2953643798828, 857.071044921875], "obj_id": 1}, {"cam_R_m2c": [-0.8639567494392395, 0.38356152176856995, -0.3262813091278076, -0.023161761462688446, -0.677523672580719, -0.7351363301277161, -0.5030332803726196, -0.6275686621665955, 0.5942349433898926], "cam_t_m2c": [-41.91364669799805, -463.6474914550781, 736.00390625], "obj_id": 3}, {"cam_R_m2c": [-0.8360016345977783, 0.49640509486198425, -0.23384426534175873, -0.20809781551361084, 0.10751086473464966, 0.9721813797950745, 0.5077366232872009, 0.8614077568054199, 0.013421621173620224], "cam_t_m2c": [-42.907955169677734, -211.05540466308594, 654.6726684570312], "obj_id": 1}, {"cam_R_m2c": [-0.5374645590782166, 0.8201828598976135, 0.19603995978832245, -0.7618754506111145, -0.37262046337127686, -0.5298109650611877, -0.36149337887763977, -0.4341127276420593, 0.8251476883888245], "cam_t_m2c": [64.55872344970703, -14.882774353027344, 699.8905029296875], "obj_id": 3}, {"cam_R_m2c": [0.8240347504615784, -0.384027898311615, 0.41652044653892517, -0.5605599284172058, -0.44614264369010925, 0.6976599097251892, -0.08209335058927536, -0.8083807229995728, -0.5829076766967773], "cam_t_m2c": [79.60617065429688, -246.9851837158203, 514.5203247070312], "obj_id": 3}, {"cam_R_m2c": [-0.5068876147270203, -0.2022305577993393, 0.8379546403884888, 0.8598883748054504, -0.05042727291584015, 0.5079854726791382, -0.06047447398304939, 0.9780389070510864, 0.19945652782917023], "cam_t_m2c": [70.18138885498047, -288.0245666503906, 531.0030517578125], "obj_id": 1}, {"cam_R_m2c": [0.011593522503972054, -0.18281526863574982, -0.9830788969993591, 0.6981696486473083, -0.7023403644561768, 0.1388421505689621, -0.7158384919166565, -0.68796