{
  "0": [{"cam_R_m2c": [0.06863879412412643, -0.9808778166770935, 0.18211853504180908, 0.9897820353507996, 0.044084902852773666, -0.1356014907360077, 0.12497985363006592, 0.18956518173217773, 0.9738814234733582], "cam_t_m2c": [2819.5888671875, 5524.93359375, 10745.2275390625], "obj_id": 0}, {"cam_R_m2c": [-0.7184751629829407, -0.459026575088501, -0.5225781202316284, -0.019496340304613113, 0.7643090486526489, -0.6445553302764893, 0.6952792406082153, -0.4529086649417877, -0.5580863952636719], "cam_t_m2c": [-17024.943359375, -22915.693359375, -14759.0537109375], "obj_id": 1}, {"cam_R_m2c": [0.417162150144577, -0.1610156148672104, 0.8944549560546875, -0.8261349201202393, 0.34300461411476135, 0.44704458117485046, -0.37878328561782837, -0.9254305362701416, 0.01006792951375246], "cam_t_m2c": [2849.005859375, 5151.8310546875, 10641.3759765625], "obj_id": 0}, {"cam_R_m2c": [-0.9112410545349121, 0.41028136014938354, 0.036175332963466644, 0.08539647608995438, 0.27412647008895874, -0.9578945636749268, -0.40292292833328247, -0.8697837591171265, -0.2848317325115204], "cam_t_m2c": [45.07575225830078, -4.466891288757324, 782.5294189453125], "obj_id": 1}],
  "1": [{"cam_R_m2c": [0.6566539406776428, -0.009476637467741966, -0.7541324496269226, 0.48717182874679565, 0.7686475515365601, 0.4145413339138031, 0.5757336020469666, -0.6396023035049438, 0.5093522071838379], "cam_t_m2c": [-2494.7265625, 6706.23828125, 10210.4580078125], "obj_id": 0}, {"cam_R_m2c": [-0.4098683297634125, 0.9089622497558594, -0.07612861692905426, 0.8787972331047058, 0.37114500999450684, -0.2999446988105774, -0.24438366293907166, -0.1898394674062729, -0.9509140849113464], "cam_t_m2c": [-5545.4462890625, -9138.0615234375, -29699.23046875], "obj_id": 1}, {"cam_R_m2c": [-0.4079059362411499, 0.8766098618507385, 0.2552799582481384, -0.8801632523536682, -0.3032052516937256, -0.3652111887931824, -0.2427455186843872, -0.3736598789691925, 0.8952390551567078], "cam_t_m2c": [-2709.776123046875, 6452.38330078125, 10010.08203125], "obj_id": 0}, {"cam_R_m2c": [0.4033873379230499, 0.7410228252410889, -0.5368089079856873, 0.38112735748291016, -0.6694135665893555, -0.6376734375953674, -0.8318777680397034, 0.05263680964708328, -0.5524570345878601], "cam_t_m2c": [95.8053970336914, -127.20811462402344, 1038.7322998046875], "obj_id": 1}]
}