{
  "0": [{"cam_R_m2c": [-0.7905037999153137, -0.5505785346031189, -0.26826632022857666, -0.44144493341445923, 0.815829336643219, -0.3735622763633728, 0.4245349168777466, -0.17687763273715973, -0.8879663348197937], "cam_t_m2c": [-83.7656478881836, 123.17949676513672, 173.1536865234375], "obj_id": 1}, {"cam_R_m2c": [-0.7905037999153137, -0.5505785346031189, -0.26826632022857666, -0.44144493341445923, 0.815829336643219, -0.3735622763633728, 0.4245349168777466, -0.17687763273715973, -0.8879663348197937], "cam_t_m2c": [-83.7656478881836, 123.17949676513672, 173.1536865234375], "obj_id": 2}, {"cam_R_m2c": [-0.7905037999153137, -0.5505785346031189, -0.26826632022857666, -0.44144493341445923, 0.815829336643219, -0.3735622763633728, 0.4245349168777466, -0.17687763273715973, -0.8879663348197937], "cam_t_m2c": [-83.7656478881836, 123.17949676513672, 173.1536865234375], "obj_id": 3}, {"cam_R_m2c": [-0.7905037999153137, -0.5505785346031189, -0.26826632022857666, -0.44144493341445923, 0.815829336643219, -0.3735622763633728, 0.4245349168777466, -0.17687763273715973, -0.8879663348197937], "cam_t_m2c": [-83.7656478881836, 123.17949676513672, 173.1536865234375], "obj_id": 1}, {"cam_R_m2c": [-0.7905037999153137, -0.5505785346031189, -0.26826632022857666, -0.44144493341445923, 0.815829336643219, -0.3735622763633728, 0.4245349168777466, -0.17687763273715973, -0.8879663348197937], "cam_t_m2c": [-83.7656478881836, 123.17949676513672, 173.1536865234375], "obj_id": 3}, {"cam_R_m2c": [-0.7905037999153137, -0.5505785346031189, -0.26826632022857666, -0.44144493341445923, 0.815829336643219, -0.3735622763633728, 0.4245349168777466, -0.17687763273715973, -0.8879663348197937], "cam_t_m2c": [-83.7656478881836, 123.17949676513672, 173.1536865234375], "obj_id": 3}, {"cam_R_m2c": [-0.7905037999153137, -0.5505785346031189, -0.26826632022857666, -0.44144493341445923, 0.815829336643219, -0.3735622763633728, 0.4245349168777466, -0.17687763273715973, -0.8879663348197937], "cam_t_m2c": [-83.7656478881836, 123.17949676513672, 173.1536865234375], "obj_id": 1}, {"cam_R_m2c": [-0.7905037999153137, -0.5505785346031189, -0.26826632022857666, -0.44144493341445923, 0.815829336643219, -0.3735622763633728, 0.4245349168777466, -0.17687763273715973, -0.8879663348197937], "cam_t_m2c": [-83.7656478881836, 123.17949676513672, 173.1536865234375], "obj_id": 3}, {"cam_R_m2c": [-0.7905037999153137, -0.5505785346031189, -0.26826632022857666, -0.44144493341445923, 0.815829336643219, -0.3735622763633728, 0.4245349168777466, -0.17687763273715973, -0.8879663348197937], "cam_t_m2c": [-83.7656478881836, 123.17949676513672, 173.1536865234375], "obj_id": 3}, {"cam_R_m2c": [-0.7905037999153137, -0.5505785346031189, -0.26826632022857666, -0.44144493341445923, 0.815829336643219, -0.3735622763633728, 0.4245349168777466, -0.17687763273715973, -0.8879663348197937], "cam_t_m2c": [-83.7656478881836, 123.17949676513672, 173.1536865234375], "obj_id": 3}, {"cam_R_m2c": [-0.7905037999153137, -0.5505785346031189, -0.26826632022857666, -0.44144493341445923, 0.815829336643219, -0.3735622763633728, 0.4245349168777466, -0.17687763273715973, -0.8879663348197937], "cam_t_m2c": [-83.7656478881836, 123.17949676513672, 173.1536865234375], "obj_id": 1}, {"cam_R_m2c": [-0.7905037999153137, -0.5505785346031189, -0.26826632022857666, -0.44144493341445923, 0.815829336643219, -0.3735622763633728, 0.4245349168777466, -0.17687763273715973, -0.8879663348197937], "cam_t_m2c": [-83.7656478881836, 123.17949676513672, 173.1536865234375], "obj_id": 2}, {"cam_R_m2c": [-0.7905037999153137, -0.5505785346031189, -0.26826632022857666, -0.44144493341445923, 0.815829336643219, -0.3735622763633728, 0.4245349168777466, -0.17687763273715973, -0.8879663348197937], "cam_t_m2c": [-83.7656478881836, 123.17949676513672, 173.1536865234375], "obj_id": 1}, {"cam_R_m2c": [-0.7905037999153137, -0.5505785346031189, -0.26826632022857666, -0.44144493341445923, 0.815829336643219, -0.3735622763633728, 0.4245349168777466, -0.17687763273715973, -0.8879663348197937], "cam_t_m2c": [-83.7656478881836, 123.17949676513672, 173.1536865234375], "obj_id": 2}, {"cam_R_m2c": [-0.7905037999153137, -0.5505785346031189, -0.26826632022857666, -0.44144493341445923, 0.815829336643219, -0.3735622763633728, 0.4245349168777466, -0.17687763273715973, -0.8879663348197937], "cam_t_m2c": [-83.7656478881836, 123.17949676513672, 173.1536865234375], "obj_id": 3}, {"cam_R_m2c": [-0.7905037999153137, -0.5505785346031189, -0.26826632022857666, -0.44144493341445923, 0.815829336643219, -0.3735622763633728, 0.4245349168777466, -0.17687763273715973, -0.8879663348197937], "cam_t_m2c": [-83.7656478881836, 123.17949676513672, 173.1536865234375], "obj_id": 1}, {"cam_R_m2c": [-0.7905037999153137, -0.5505785346031189, -0.26826632022857666, -0.44144493341445923, 0.815829336643219, -0.3735622763633728, 0.4245349168777466, -0.17687763273715973, -0.8879663348197937], "cam_t_m2c": [-83.7656478881836, 123.17949676513672, 173.1536865234375], "obj_id": 1}, {"cam_R_m2c": [-0.7905037999153137, -0.5505785346031189, -0.26826632022857666, -0.44144493341445923, 0.815829336643219, -0.3735622763633728, 0.4245349168777466, -0.17687763273715973, -0.8879663348197937], "cam_t_m2c": [-83.7656478881836, 123.17949676513672, 173.1536865234375], "obj_id": 1}, {"cam_R_m2c": [-0.7905037999153137, -0.5505785346031189, -0.26826632022857666, -0.44144493341445923, 0.815829336643219, -0.3735622763633728, 0.4245349168777466, -0.17687763273715973, -0.8879663348197937], "cam_t_m2c": [-83.7656478881836, 123.17949676513672, 173.1536865234375], "obj_id": 1}, {"cam_R_m2c": [-0.7905037999153137, -0.5505785346031189, -0.26826632022857666, -0.44144493341445923, 0.815829336643219, -0.3735622763633728, 0.4245349168777466, -0.17687763273715973, -0.8879663348197937], "cam_t_m2c": [-83.7656478881836, 123.17949676513672, 173.1536865234375], "obj_id": 2}, {"cam_R_m2c": [-0.7905037999153137, -0.5505785346031189, -0.26826632022857666, -0.44144493341445923, 0.815829336643219, -0.3735622763633728, 0.4245349168777466, -0.17687763273715973, -0.8879663348197937], "cam_t_m2c": [-83.7656478881836, 123.17949676513672, 173.1536865234375], "obj_id": 1}, {"cam_R_m2c": [-0.7905037999153137, -0.5505785346031189, -0.26826632022857666, -0.44144493341445923, 0.815829336643219, -0.3735622763633728, 0.4245349168777466, -0.17687763273715973, -0.8879663348197937], "cam_t_m2c": [-83.7656478881836, 123.17949676513672, 173.1536865234375], "obj_id": 2}, {"cam_R_m2c": [-0.7905037999153137, -0.5505785346031189, -0.26826632022857666, -0.44144493341445923, 0.815829336643219, -0.3735622763633728, 0.4245349168777466, -0.17687763273715973, -0.8879663348197937], "cam_t_m2c": [-83.7656478881836, 123.17949676513672, 173.1536865234375], "obj_id": 3}, {"cam_R_m2c": [-0.7905037999153137, -0.5505785346031189, -0.26826632022857666, -0.44144493341445923, 0.815829336643219, -0.3735622763633728, 0.4245349168777466, -0.17687763273715973, -0.8879663348197937], "cam_t_m2c": [-83.7656478881836, 123.17949676513672, 173.1536865234375], "obj_id": 1}, {"cam_R_m2c": [-0.6657208800315857, -0.6555877327919006, -0.35639888048171997, -0.20008596777915955, 0.616957426071167, -0.7611367106437683, 0.7188748717308044, -0.435394287109375, -0.5418952703475952], "cam_t_m2c": [1915.8922119140625, 3207.02783203125, 7237.15625], "obj_id": 0}, {"cam_R_m2c": [0.2857847511768341, 0.7144322395324707, -0.6386811137199402, -0.34308063983917236, 0.6985791921615601, 0.6279193758964539, 0.8947752118110657, 0.039669379591941833, 0.44475117325782776], "cam_t_m2c": [22.92675018310547, 263.92620849609375, 53.76382064819336], "obj_id": 3}, {"cam_R_m2c": [0.36868998408317566, 0.7480048537254333, 0.5518662333488464, -0.047892820090055466, 0.6081876158714294, -0.7923471331596375, -0.9283177852630615, 0.26569998264312744, 0.2600567638874054], "cam_t_m2c": [-150.3971405029297, 19.1890926361084, 203.70852661132812], "obj_id": 3}, {"cam_R_m2c": [-0.5104953050613403, -0.3327799141407013, 0.7928757071495056, -0.611493706703186, 0.7887645363807678, -0.0626576617360115, -0.604541003704071, -0.5168249607086182, -0.6061533689498901], "cam_t_m2c": [61.009857177734375, 48.62368392944336, 128.3509979248047], "obj_id": 1}, {"cam_R_m2c": [-0.5682483315467834, -0.27193841338157654, 0.7766228914260864, 0.5131630897521973, -0.8549082279205322, 0.07612665742635727, 0.6432396173477173, 0.4417930841445923, 0.6253491640090942], "cam_t_m2c": [-261.94268798828125, 172.21006774902344, 235.5070037841797], "obj_id": 1}, {"cam_R_m2c": [0.25275278091430664, -0.8396100401878357, 0.4808024764060974, 0.04597228020429611, -0.4859545826911926, -0.8727741241455078, 0.9664381146430969, 0.24269966781139374, -0.08422757685184479], "cam_t_m2c": [1921.606201171875, 3036.3974609375, 7301.923828125], "obj_id": 0}, {"cam_R_m2c": [0.45888692140579224, 0.4712662100791931, 0.7532137036323547, -0.6122812032699585, -0.44658079743385315, 0.6524393558502197, 0.6438434720039368, -0.7605745196342468, 0.0836174339056015], "cam_t_m2c": [159.20018005371094, 55.75489807128906, 88.34627532958984], "obj_id": 0}, {"cam_R_m2c": [0.4399018883705139, 0.7490231394767761, 0.49542975425720215, -0.26597195863723755, 0.6355900764465332, -0.724764883518219, -0.8577558994293213, 0.18705500662326813, 0.4788164496421814], "cam_t_m2c": [-31.409088134765625, -7.744229316711426, 180.71876525878906], "obj_id": 3}],
  "1": [{"cam_R_m2c": [0.9271028637886047, 0.1281053125858307, -0.35223472118377686, -0.16092224419116974, -0.7127000689506531, -0.6827610731124878, -0.33850300312042236, 0.6896721720695496, -0.6401312947273254], "cam_t_m2c": [37.31370544433594, -92.90133666992188, 291.95513916015625], "obj_id": 1}, {"cam_R_m2c": [0.9271028637886047, 0.1281053125858307, -0.35223472118377686, -0.16092224419116974, -0.7127000689506531, -0.6827610731124878, -0.33850300312042236, 0.6896721720695496, -0.6401312947273254], "cam_t_m2c": [37.31370544433594, -92.90133666992188, 291.95513916015625], "obj_id": 2}, {"cam_R_m2c": [0.9271028637886047, 0.1281053125858307, -0.35223472118377686, -0.16092224419116974, -0.7127000689506531, -0.6827610731124878, -0.33850300312042236, 0.6896721720695496, -0.6401312947273254], "cam_t_m2c": [37.31370544433594, -92.90133666992188, 291.95513916015625], "obj_id": 3}, {"cam_R_m2c": [0.9271028637886047, 0.1281053125858307, -0.35223472118377686, -0.16092224419116974, -0.7127000689506531, -0.6827610731124878, -0.33850300312042236, 0.6896721720695496, -0.6401312947273254], "cam_t_m2c": [37.31370544433594, -92.90133666992188, 291.95513916015625], "obj_id": 1}, {"cam_R_m2c": [0.9271028637886047, 0.1281053125858307, -0.35223472118377686, -0.16092224419116974, -0.7127000689506531, -0.6827610731124878, -0.33850300312042236, 0.6896721720695496, -0.6401312947273254], "cam_t_m2c": [37.31370544433594, -92.90133666992188, 291.95513916015625], "obj_id": 3}, {"cam_R_m2c": [0.9271028637886047, 0.1281053125858307, -0.35223472118377686, -0.16092224419116974, -0.7127000689506531, -0.6827610731124878, -0.33850300312042236, 0.6896721720695496, -0.6401312947273254], "cam_t_m2c": [37.31370544433594, -92.90133666992188, 291.95513916015625], "obj_id": 3}, {"cam_R_m2c": [0.9271028637886047, 0.1281053125858307, -0.35223472118377686, -0.16092224419116974, -0.7127000689506531, -0.6827610731124878, -0.33850300312042236, 0.6896721720695496, -0.6401312947273254], "cam_t_m2c": [37.31370544433594, -92.90133666992188, 291.95513916015625], "obj_id": 1}, {"cam_R_m2c": [0.9271028637886047, 0.1281053125858307, -0.35223472118377686, -0.16092224419116974, -0.7127000689506531, -0.6827610731124878, -0.33850300312042236, 0.6896721720695496, -0.6401312947273254], "cam_t_m2c": [37.31370544433594, -92.90133666992188, 291.95513916015625], "obj_id": 3}, {"cam_R_m2c": [0.9271028637886047, 0.1281053125858307, -0.35223472118377686, -0.16092224419116974, -0.7127000689506531, -0.6827610731124878, -0.33850300312042236, 0.6896721720695496, -0.6401312947273254], "cam_t_m2c": [37.31370544433594, -92.90133666992188, 291.95513916015625], "obj_id": 3}, {"cam_R_m2c": [0.9271028637886047, 0.1281053125858307, -0.35223472118377686, -0.16092224419116974, -0.7127000689506531, -0.6827610731124878, -0.33850300312042236, 0.6896721720695496, -0.6401312947273254], "cam_t_m2c": [37.31370544433594, -92.90133666992188, 291.95513916015625], "obj_id": 3}, {"cam_R_m2c": [0.9271028637886047, 0.1281053125858307, -0.35223472118377686, -0.16092224419116974, -0.7127000689506531, -0.6827610731124878, -0.33850300312042236, 0.6896721720695496, -0.6401312947273254], "cam_t_m2c": [37.31370544433594, -92.90133666992188, 291.95513916015625], "obj_id": 1}, {"cam_R_m2c": [0.9271028637886047, 0.1281053125858307, -0.35223472118377686, -0.16092224419116974, -0.7127000689506531, -0.6827610731124878, -0.33850300312042236, 0.6896721720695496, -0.6401312947273254], "cam_t_m2c": [37.31370544433594, -92.90133666992188, 291.95513916015625], "obj_id": 2}, {"cam_R_m2c": [0.9271028637886047, 0.1281053125858307, -0.35223472118377686, -0.16092224419116974, -0.7127000689506531, -0.6827610731124878, -0.33850300312042236, 0.6896721720695496, -0.6401312947273254], "cam_t_m2c": [37.31370544433594, -92.90133666992188, 291.95513916015625], "obj_id": 1}, {"cam_R_m2c": [0.9271028637886047, 0.1281053125858307, -0.35223472118377686, -0.16092224419116974, -0.7127000689506531, -0.6827610731124878, -0.33850300312042236, 0.6896721720695496, -0.6401312947273254], "cam_t_m2c": [37.31370544433594, -92.90133666992188, 291.95513916015625], "obj_id": 2}, {"cam_R_m2c": [0.9271028637886047, 0.1281053125858307, -0.35223472118377686, -0.16092224419116974, -0.7127000689506531, -0.6827610731124878, -0.33850300312042236, 0.6896721720695496, -0.6401312947273254], "cam_t_m2c": [37.31370544433594, -92.90133666992188, 291.95513916015625], "obj_id": 3}, {"cam_R_m2c": [0.9271028637886047, 0.1281053125858307, -0.35223472118377686, -0.16092224419116974, -0.7127000689506531, -0.6827610731124878, -0.33850300312042236, 0.6896721720695496, -0.6401312947273254], "cam_t_m2c": [37.31370544433594, -92.90133666992188, 291.95513916015625], "obj_id": 1}, {"cam_R_m2c": [0.9271028637886047, 0.1281053125858307, -0.35223472118377686, -0.16092224419116974, -0.7127000689506531, -0.6827610731124878, -0.33850300312042236, 0.6896721720695496, -0.6401312947273254], "cam_t_m2c": [37.31370544433594, -92.90133666992188, 291.95513916015625], "obj_id": 1}, {"cam_R_m2c": [0.9271028637886047, 0.1281053125858307, -0.35223472118377686, -0.16092224419116974, -0.7127000689506531, -0.6827610731124878, -0.33850300312042236, 0.6896721720695496, -0.6401312947273254], "cam_t_m2c": [37.31370544433594, -92.90133666992188, 291.95513916015625], "obj_id": 1}, {"cam_R_m2c": [0.9271028637886047, 0.1281053125858307, -0.35223472118377686, -0.16092224419116974, -0.7127000689506531, -0.6827610731124878, -0.33850300312042236, 0.6896721720695496, -0.6401312947273254], "cam_t_m2c": [37.31370544433594, -92.90133666992188, 291.95513916015625], "obj_id": 1}, {"cam_R_m2c": [0.9271028637886047, 0.1281053125858307, -0.35223472118377686, -0.16092224419116974, -0.7127000689506531, -0.6827610731124878, -0.33850300312042236, 0.6896721720695496, -0.6401312947273254], "cam_t_m2c": [37.31370544433594, -92.90133666992188, 291.95513916015625], "obj_id": 2}, {"cam_R_m2c": [0.9271028637886047, 0.1281053125858307, -0.35223472118377686, -0.16092224419116974, -0.7127000689506531, -0.6827610731124878, -0.33850300312042236, 0.6896721720695496, -0.6401312947273254], "cam_t_m2c": [37.31370544433594, -92.90133666992188, 291.95513916015625], "obj_id": 1}, {"cam_R_m2c": [0.9271028637886047, 0.1281053125858307, -0.35223472118377686, -0.16092224419116974, -0.7127000689506531, -0.6827610731124878, -0.33850300312042236, 0.6896721720695496, -0.6401312947273254], "cam_t_m2c": [37.31370544433594, -92.90133666992188, 291.95513916015625], "obj_id": 2}, {"cam_R_m2c": [0.9271028637886047, 0.1281053125858307, -0.35223472118377686, -0.16092224419116974, -0.7127000689506531, -0.6827610731124878, -0.33850300312042236, 0.6896721720695496, -0.6401312947273254], "cam_t_m2c": [37.31370544433594, -92.90133666992188, 291.95513916015625], "obj_id": 3}, {"cam_R_m2c": [0.9271028637886047, 0.1281053125858307, -0.35223472118377686, -0.16092224419116974, -0.7127000689506531, -0.6827610731124878, -0.33850300312042236, 0.6896721720695496, -0.6401312947273254], "cam_t_m2c": [37.31370544433594, -92.90133666992188, 291.95513916015625], "obj_id": 1}, {"cam_R_m2c": [0.9980862140655518, 0.06023891270160675, 0.013969951309263706, 0.06058575212955475, -0.9073736667633057, -0.4159354865550995, -0.012379535473883152, 0.4159858524799347, -0.9092867374420166], "cam_t_m2c": [2915.355224609375, 5215.52294921875, 5482.94775390625], "obj_id": 0}, {"cam_R_m2c": [0.4685726761817932, -0.6003254652023315, 0.6481118202209473, 0.8825880289077759, 0.3500397801399231, -0.31386375427246094, -0.038444507867097855, 0.7190837264060974, 0.6938591599464417], "cam_t_m2c": [-144.32272338867188, -133.13720703125, 396.0519104003906], "obj_id": 3}, {"cam_R_m2c": [-0.8877691030502319, -0.4539349675178528, -0.07621496915817261, -0.34508129954338074, 0.5468023419380188, 0.762840747833252, -0.3046056032180786, 0.7035269737243652, -0.6420786380767822], "cam_t_m2c": [123.44849395751953, -92.88516998291016, 198.3166961669922], "obj_id": 3}, {"cam_R_m2c": [0.054467037320137024, -0.25403162837028503, -0.9656609296798706, -0.6040383577346802, -0.7784559726715088, 0.17071454226970673, -0.7950916290283203, 0.5739980340003967, -0.1958448588848114], "cam_t_m2c": [-83.04095458984375, -1.8693674802780151, 216.1017608642578], "obj_id": 1}, {"cam_R_m2c": [0.7537600994110107, 0.6428819298744202, -0.1361927092075348, -0.10326414555311203, 0.3205467462539673, 0.9415870308876038, 0.6489855051040649, -0.6956669092178345, 0.3080020248889923], "cam_t_m2c": [197.7669219970703, -189.2351531982422, 346.8509216308594], "obj_id": 1}, {"cam_R_m2c": [0.47361278533935547, 0.8453019261360168, -0.24729657173156738, 0.807614803314209, -0.3048079013824463, 0.5048272013664246, 0.3513534665107727, -0.4388130009174347, -0.8270393013954163], "cam_t_m2c": [2985.1337890625, 5306.11474609375, 5340.58837890625], "obj_id": 0}, {"cam_R_m2c": [0.22091320157051086, -0.776759684085846, -0.5897810459136963, 0.9063572883605957, -0.059805236756801605, 0.4182578921318054, -0.36015790700912476, -0.6269510984420776, 0.6908100843429565], "cam_t_m2c": [-181.2360076904297, 38.75114059448242, 216.62644958496094], "obj_id": 0}, {"cam_R_m2c": [-0.8522443175315857, -0.5131717920303345, 0.10165684670209885, -0.19249536097049713, 0.4882993996143341, 0.8511810302734375, -0.48644110560417175, 0.705845832824707, -0.5149335861206055], "cam_t_m2c": [28.04169464111328, -17.65214729309082, 172.82894897460938], "obj_id": 3}]
}