{
  "0": [{"cam_R_m2c": [0.6872872114181519, -0.48861292004585266, -0.5374883413314819, 0.7108280062675476, 0.30008697509765625, 0.6361377835273743, -0.14953193068504333, -0.8192710876464844, 0.5535657405853271], "cam_t_m2c": [-126.48046112060547, 3658.35546875, 3791.10302734375], "obj_id": 2}, {"cam_R_m2c": [0.012963001616299152, -0.625666081905365, -0.7799832820892334, 0.7906106114387512, 0.4839852750301361, -0.37509071826934814, 0.6121819615364075, -0.6118007898330688, 0.5009321570396423], "cam_t_m2c": [-151.1741180419922, 3706.52587890625, 3799.277587890625], "obj_id": 2}, {"cam_R_m2c": [-0.13573266565799713, 0.3896039128303528, 0.910925567150116, 0.8978353142738342, 0.4371093809604645, -0.05316997319459915, -0.4188893139362335, 0.810644268989563, -0.40913015604019165], "cam_t_m2c": [474.5522155761719, 3334.27392578125, 3848.94287109375], "obj_id": 0}, {"cam_R_m2c": [-0.7589266300201416, -0.6413941383361816, 0.11244571208953857, 0.6150524020195007, -0.6493420004844666, 0.4472869336605072, -0.21387149393558502, 0.40861794352531433, 0.887293815612793], "cam_t_m2c": [-115.89228057861328, 3740.1513671875, 3755.142578125], "obj_id": 0}, {"cam_R_m2c": [-0.16059106588363647, -0.29927346110343933, 0.9405561685562134, 0.5760857462882996, -0.8021919131278992, -0.15688645839691162, 0.801458477973938, 0.5166464447975159, 0.3012320399284363], "cam_t_m2c": [-156.3710174560547, 3743.947021484375, 3750.15283203125], "obj_id": 3}, {"cam_R_m2c": [0.2637959420681, -0.6329265832901001, 0.7278842926025391, -0.4975774586200714, -0.7357527613639832, -0.4594392478466034, 0.8263342380523682, -0.24098064005374908, -0.50901859998703], "cam_t_m2c": [-216.539794921875, 3877.991943359375, 3577.8818359375], "obj_id": 1}, {"cam_R_m2c": [-0.40389618277549744, 0.9148048162460327, -0.00017594164819456637, 0.5552943348884583, 0.24501554667949677, -0.7947424650192261, -0.7269911170005798, -0.3210911154747009, -0.6069468259811401], "cam_t_m2c": [-65.12285614013672, 5022.833984375, 4801.20947265625], "obj_id": 2}, {"cam_R_m2c": [-0.12300657480955124, 0.992400586605072, -0.0032431483268737793, 0.6010256409645081, 0.07189489156007767, -0.7959895730018616, -0.7897073030471802, -0.09986113011837006, -0.6053017973899841], "cam_t_m2c": [-77.7237548828125, 5065.07373046875, 4745.3251953125], "obj_id": 2}, {"cam_R_m2c": [0.18509981036186218, 0.9827145934104919, 0.003145549912005663, 0.5955391526222229, -0.1096256896853447, -0.7958109378814697, -0.7817102670669556, 0.149177685379982, -0.605536699295044], "cam_t_m2c": [-85.25232696533203, 5106.5712890625, 4691.32470703125], "obj_id": 2}, {"cam_R_m2c": [-0.11463506519794464, 0.9934075474739075, -1.5240377848613207e-08, 0.6020364165306091, 0.06947266310453415, -0.7954404354095459, -0.7901965975761414, -0.09118548035621643, -0.6060314774513245], "cam_t_m2c": [-75.16533660888672, 5065.4677734375, 4745.09423828125], "obj_id": 0}, {"cam_R_m2c": [-0.019428778439760208, 0.555160403251648, 0.8315163850784302, 0.9553524851799011, -0.23493941128253937, 0.1791791170835495, 0.2948291003704071, 0.7978724241256714, -0.5258092880249023], "cam_t_m2c": [-104.6565933227539, 2416.0751953125, 2846.067626953125], "obj_id": 1}, {"cam_R_m2c": [-0.21782691776752472, -0.8758031725883484, -0.43072083592414856, 0.1912040114402771, 0.39447253942489624, -0.8987950682640076, 0.9570750594139099, -0.27813720703125, 0.08153026551008224], "cam_t_m2c": [-152.32261657714844, 2454.28515625, 2795.915771484375], "obj_id": 1}, {"cam_R_m2c": [0.05069401115179062, -0.7102063894271851, 0.7021658420562744, 0.4551795423030853, -0.6093721389770508, -0.6492125988006592, 0.8889553546905518, 0.35252270102500916, 0.2923800051212311], "cam_t_m2c": [-77.13269805908203, 2473.64453125, 2770.506103515625], "obj_id": 0}, {"cam_R_m2c": [0.010494670830667019, 0.9918214082717896, -0.1272016167640686, 0.5686585307121277, -0.11055553704500198, -0.8151105046272278, -0.822506844997406, -0.06377991288900375, -0.5651679635047913], "cam_t_m2c": [-151.18057250976562, 2413.2490234375, 2849.777587890625], "obj_id": 3}, {"cam_R_m2c": [-0.6095880270004272, 0.3360326588153839, -0.7179723978042603, -0.5607141256332397, 0.4574531316757202, 0.6901711821556091, 0.5603587627410889, 0.823297381401062, -0.09043963998556137], "cam_t_m2c": [-29.752216339111328, 3743.611083984375, 3960.196044921875], "obj_id": 0}, {"cam_R_m2c": [0.2214079648256302, 0.46736079454421997, 0.8558927178382874, 0.4625086486339569, -0.823009192943573, 0.3297599256038666, 0.8585244417190552, 0.32284632325172424, -0.39837920665740967], "cam_t_m2c": [-70.58077239990234, 2427.843994140625, 2830.620849609375], "obj_id": 3}, {"cam_R_m2c": [0.3218802511692047, -0.7791104912757874, -0.5379403829574585, 0.7622701525688171, -0.12373760342597961, 0.6353212594985962, -0.5615490078926086, -0.6145532727241516, 0.5540640354156494], "cam_t_m2c": [-64.0199966430664, 3759.963623046875, 3734.20947265625], "obj_id": 2}, {"cam_R_m2c": [-0.23909907042980194, -0.3542381525039673, 0.9040724635124207, -0.8640760779380798, -0.3471171259880066, -0.3645303547382355, 0.4429495632648468, -0.8683462142944336, -0.22309336066246033], "cam_t_m2c": [-152.75863647460938, 3649.434326171875, 3863.595947265625], "obj_id": 3}, {"cam_R_m2c": [0.3087920546531677, -0.7222872972488403, 0.618828296661377, 0.8279738426208496, 0.5243310928344727, 0.198837012052536, -0.46808838844299316, 0.45097440481185913, 0.7599443197250366], "cam_t_m2c": [-153.0030517578125, 3820.724609375, 3682.6982421875], "obj_id": 3}, {"cam_R_m2c": [0.3998768925666809, -0.20584504306316376, -0.8931551575660706, -0.7900835275650024, 0.41654491424560547, -0.4497312009334564, 0.4646141231060028, 0.8855043649673462, 0.0039319247007369995], "cam_t_m2c": [-64.9552001953125, 3334.5908203125, 3964.24365234375], "obj_id": 0}, {"cam_R_m2c": [0.6764746904373169, 0.6981693506240845, -0.23439614474773407, 0.556463897228241, -0.6930394172668457, -0.4583059251308441, -0.4824209213256836, 0.1795993596315384, -0.8573296666145325], "cam_t_m2c": [-77.30303192138672, 1140.3814697265625, 1873.4886474609375], "obj_id": 2}, {"cam_R_m2c": [0.24992452561855316, 0.4425472021102905, 0.8612141013145447, -0.831940770149231, -0.3569161295890808, 0.42483586072921753, 0.4953911006450653, -0.8226560354232788, 0.2789709270000458], "cam_t_m2c": [-76.3674087524414, 1186.209228515625, 1813.337890625], "obj_id": 1}, {"cam_R_m2c": [0.07981643825769424, 0.8366628885269165, 0.5418712496757507, -0.8162827491760254, 0.36685892939567566, -0.4462027847766876, -0.5721116662025452, -0.4067058861255646, 0.7122349143028259], "cam_t_m2c": [-77.6613540649414, 1188.7633056640625, 1809.9853515625], "obj_id": 2}, {"cam_R_m2c": [-0.8070222735404968, 0.4136897325515747, 0.4213973879814148, -0.14224527776241302, 0.5564060807228088, -0.8186443448066711, -0.5731328129768372, -0.7206060290336609, -0.3901866674423218], "cam_t_m2c": [-161.3856658935547, 1187.4451904296875, 1811.7156982421875], "obj_id": 0}, {"cam_R_m2c": [-0.2508756220340729, 0.6572110056877136, 0.710728645324707, -0.5616824626922607, -0.6968033313751221, 0.44606950879096985, 0.7883998155593872, -0.2872958779335022, 0.5439547896385193], "cam_t_m2c": [-155.76361083984375, 1150.42724609375, 1835.01123046875], "obj_id": 3}, {"cam_R_m2c": [0.935906171798706, -0.1398155689239502, 0.3233129680156708, 0.03414343670010567, -0.8775225877761841, -0.4783179461956024, 0.3505907654762268, 0.4586997330188751, -0.8165050148963928], "cam_t_m2c": [-153.5443878173828, 1132.439697265625, 1883.91259765625], "obj_id": 0}, {"cam_R_m2c": [-0.9475740790367126, 0.2614743113517761, 0.18366867303848267, 0.3079305589199066, 0.5937315821647644, 0.7434120774269104, 0.08533328771591187, 0.7609953284263611, -0.643120527267456], "cam_t_m2c": [279.68743896484375, 3670.96630859375, 3766.142578125], "obj_id": 0}, {"cam_R_m2c": [-0.5963805913925171, -0.12486150860786438, -0.792931079864502, -0.47423067688941956, 0.8518089056015015, 0.2225462645292282, 0.6476382613182068, 0.508754551410675, -0.5672155022621155], "cam_t_m2c": [-51.149169921875, 3442.59228515625, 3807.908203125], "obj_id": 0}, {"cam_R_m2c": [0.2639118432998657, -0.6329444646835327, 0.7278268337249756, -0.49772265553474426, -0.7357205748558044, -0.4593336284160614, 0.8262098431587219, -0.24103230237960815, -0.5091961622238159], "cam_t_m2c": [-144.8525848388672, 3748.93505859375, 3783.548095703125], "obj_id": 1}, {"cam_R_m2c": [0.26398542523384094, -0.6329705119132996, 0.7277774214744568, -0.497805118560791, -0.7356935143470764, -0.45928746461868286, 0.8261366486549377, -0.24104614555835724, -0.5093082785606384], "cam_t_m2c": [-37.158653259277344, 3637.607666015625, 3840.54052734375], "obj_id": 1}, {"cam_R_m2c": [-0.3987433910369873, 0.9135504364967346, -0.08018255978822708, -0.7128157615661621, -0.25373947620391846, 0.6538424491882324, 0.5769726037979126, 0.31787076592445374, 0.7523701190948486], "cam_t_m2c": [-146.9420623779297, -142.65184020996094, 910.5430297851562], "obj_id": 2}, {"cam_R_m2c": [-0.9573476314544678, -0.08519291132688522, 0.27609342336654663, -0.1791258007287979, 0.9247565269470215, -0.33576667308807373, -0.22671425342559814, -0.3709008991718292, -0.90057373046875], "cam_t_m2c": [-83.04930114746094, -91.02510070800781, 842.7808837890625], "obj_id": 0}, {"cam_R_m2c": [-0.44883015751838684, -0.29263827204704285, -0.8443423509597778, -0.6788188815116882, 0.7261451482772827, 0.10916975885629654, 0.5811678171157837, 0.6221542954444885, -0.5245642066001892], "cam_t_m2c": [-71.64929962158203, -138.83389282226562, 905.5317993164062], "obj_id": 0}, {"cam_R_m2c": [0.8774005770683289, 0.28312504291534424, 0.3873092234134674, -0.018610384315252304, -0.786607027053833, 0.6171733140945435, 0.47939741611480713, -0.5487161874771118, -0.6849004030227661], "cam_t_m2c": [-167.65713500976562, -88.79059600830078, 839.8480224609375], "obj_id": 2}, {"cam_R_m2c": [-0.10894498229026794, -0.9825965762138367, 0.15044914186000824, 0.46698862314224243, -0.18420001864433289, -0.8648653030395508, 0.8775264620780945, -0.023964684456586838, 0.4789290726184845], "cam_t_m2c": [-142.20152282714844, 3658.59326171875, 3816.96875], "obj_id": 3}, {"cam_R_m2c": [0.5139970779418945, -0.8453772664070129, -0.14541023969650269, 0.8389003872871399, 0.5307826399803162, -0.12048140913248062, 0.17903348803520203, -0.06005764752626419, 0.9820082187652588], "cam_t_m2c": [-100.71185302734375, -124.93843841552734, 887.2935180664062], "obj_id": 3}, {"cam_R_m2c": [0.2639116942882538, -0.6329169273376465, 0.7278507351875305, -0.49768757820129395, -0.7357480525970459, -0.4593275189399719, 0.8262310028076172, -0.24102039635181427, -0.5091673731803894], "cam_t_m2c": [-255.12876892089844, 3858.992919921875, 3737.21728515625], "obj_id": 1}, {"cam_R_m2c": [-0.14610138535499573, -0.3901998698711395, 0.9090645909309387, 0.4998992681503296, -0.8220891356468201, -0.2725253105163574, 0.8536714911460876, 0.4146243929862976, 0.3151690661907196], "cam_t_m2c": [-156.6487274169922, 3758.477783203125, 3765.68115234375], "obj_id": 3}, {"cam_R_m2c": [-0.5201174020767212, -0.85176682472229, -0.06301566958427429, 0.188883438706398, -0.04275684431195259, -0.9810681939125061, 0.8329470157623291, -0.5221733450889587, 0.18312332034111023], "cam_t_m2c": [-120.35501098632812, 3840.598876953125, 3705.00048828125], "obj_id": 3}, {"cam_R_m2c": [0.5122159123420715, -0.6695929765701294, -0.5378476977348328, 0.7681304812431335, 0.07701478898525238, 0.635644793510437, -0.3842010498046875, -0.7387245297431946, 0.5537829399108887], "cam_t_m2c": [-86.4990234375, 3712.131591796875, 3767.73291015625], "obj_id": 2}],
  "1": [{"cam_R_m2c": [0.6208506226539612, -0.57956862449646, -0.5278681516647339, 0.7185333371162415, 0.15146730840206146, 0.6787986159324646, -0.31345558166503906, -0.8007233738899231, 0.5104779005050659], "cam_t_m2c": [-93.61571502685547, 4007.8720703125, 3167.985107421875], "obj_id": 2}, {"cam_R_m2c": [0.01376272551715374, -0.7096984386444092, -0.7043710947036743, 0.8701398372650146, 0.3555484116077423, -0.34123584628105164, 0.4926125705242157, -0.6082050800323486, 0.6224302649497986], "cam_t_m2c": [-120.7125244140625, 4055.286376953125, 3171.8095703125], "obj_id": 2}, {"cam_R_m2c": [-0.233883798122406, 0.42999380826950073, 0.8720113635063171, 0.8191995620727539, 0.5702066421508789, -0.061453189700841904, -0.5236511826515198, 0.6999783515930176, -0.4856128394603729], "cam_t_m2c": [530.9363403320312, 3729.062744140625, 3210.584228515625], "obj_id": 0}, {"cam_R_m2c": [-0.8153474926948547, -0.5561964511871338, 0.16079169511795044, 0.5351083278656006, -0.6178944110870361, 0.5760777592658997, -0.2210601270198822, 0.5557445287704468, 0.8014240264892578], "cam_t_m2c": [-91.91839599609375, 4084.08349609375, 3120.18603515625], "obj_id": 0}, {"cam_R_m2c": [-0.12701618671417236, -0.19610850512981415, 0.972321093082428, 0.6759411692619324, -0.7345214486122131, -0.0598469115793705, 0.7259272336959839, 0.6496303081512451, 0.22585400938987732], "cam_t_m2c": [-132.84608459472656, 4084.888427734375, 3118.733642578125], "obj_id": 3}, {"cam_R_m2c": [0.3703303635120392, -0.6001918315887451, 0.7089606523513794, -0.35793381929397583, -0.796491265296936, -0.4873243272304535, 0.8571690320968628, -0.07328999042510986, -0.5097938179969788], "cam_t_m2c": [-217.26507568359375, 4189.17333984375, 2936.349853515625], "obj_id": 1}, {"cam_R_m2c": [-0.5045645236968994, 0.863373875617981, -0.00030461399001069367, 0.42158350348472595, 0.24606981873512268, -0.872763991355896, -0.7534466981887817, -0.440494179725647, -0.48814231157302856], "cam_t_m2c": [-35.29547119140625, 5505.0537109375, 3968.564453125], "obj_id": 2}, {"cam_R_m2c": [-0.23422832787036896, 0.9721766114234924, -0.0031192803289741278, 0.4731658101081848, 0.11119670420885086, -0.8739275336265564, -0.8492650985717773, -0.20617453753948212, -0.4860461354255676], "cam_t_m2c": [-55.72222137451172, 5538.03515625, 3908.889892578125], "obj_id": 2}, {"cam_R_m2c": [0.07300233095884323, 0.997326672077179, 0.0031953873112797737, 0.48583921790122986, -0.03276405483484268, -0.8734338879585266, -0.8709942102432251, 0.06531517207622528, -0.48693227767944336], "cam_t_m2c": [-70.88907623291016, 5570.83203125, 3850.6748046875], "obj_id": 2}, {"cam_R_m2c": [-0.22602321207523346, 0.9741218686103821, -6.743402991560288e-08, 0.4745542109012604, 0.11010968685150146, -0.8733121156692505, -0.8507124781608582, -0.1973888874053955, -0.48716098070144653], "cam_t_m2c": [-53.227821350097656, 5538.53173828125, 3908.355712890625], "obj_id": 0}, {"cam_R_m2c": [-0.058181483298540115, 0.6393136382102966, 0.7667417526245117, 0.9853568077087402, -0.08652786165475845, 0.14691776037216187, 0.1602710634469986, 0.7640621662139893, -0.62491774559021], "cam_t_m2c": [-71.80238342285156, 2645.382568359375, 2406.424072265625], "obj_id": 1}, {"cam_R_m2c": [-0.1435895711183548, -0.9221591949462891, -0.35917189717292786, 0.3149682283401489, 0.3014771342277527, -0.8999480605125427, 0.9381774663925171, -0.24235090613365173, 0.2471618950366974], "cam_t_m2c": [-126.27987670898438, 2673.280517578125, 2356.412353515625], "obj_id": 1}, {"cam_R_m2c": [0.09904389083385468, -0.6323390603065491, 0.7683342099189758, 0.580720067024231, -0.590277373790741, -0.5606573224067688, 0.8080559372901917, 0.5017167925834656, 0.3087487518787384], "cam_t_m2c": [-55.17576217651367, 2692.87744140625, 2321.282470703125], "obj_id": 0}, {"cam_R_m2c": [-0.10231063514947891, 0.9873199462890625, -0.12137478590011597, 0.44379639625549316, -0.06389553099870682, -0.8938467502593994, -0.890268087387085, -0.1453157514333725, -0.43163180351257324], "cam_t_m2c": [-117.502685546875, 2640.567138671875, 2415.056884765625], "obj_id": 3}, {"cam_R_m2c": [-0.5170329809188843, 0.37650904059410095, -0.7687115669250488, -0.5066951513290405, 0.5891860723495483, 0.6293804049491882, 0.6898815631866455, 0.714913010597229, -0.11385324597358704], "cam_t_m2c": [11.843711853027344, 4121.8115234375, 3313.28955078125], "obj_id": 0}, {"cam_R_m2c": [0.26543381810188293, 0.5496522784233093, 0.7921030521392822, 0.5929590463638306, -0.7408875823020935, 0.3154125213623047, 0.7602265477180481, 0.3859635293483734, -0.5225778818130493], "cam_t_m2c": [-40.13605499267578, 2656.656005859375, 2386.214599609375], "obj_id": 3}, {"cam_R_m2c": [0.21727031469345093, -0.8208415508270264, -0.528216540813446, 0.689845085144043, -0.25372573733329773, 0.6780391335487366, -0.6905848383903503, -0.5117053985595703, 0.5111264586448669], "cam_t_m2c": [-43.612030029296875, 4103.4912109375, 3091.703125], "obj_id": 2}, {"cam_R_m2c": [-0.13870184123516083, -0.40618979930877686, 0.9032007455825806, -0.8029842376708984, -0.4876701235771179, -0.34262821078300476, 0.5796361565589905, -0.7727791666984558, -0.25852322578430176], "cam_t_m2c": [-112.60757446289062, 4008.068115234375, 3243.248779296875], "obj_id": 3}, {"cam_R_m2c": [0.20816226303577423, -0.713049054145813, 0.669499397277832, 0.76752108335495, 0.5433748960494995, 0.34008100628852844, -0.6062836647033691, 0.4430629014968872, 0.660390317440033], "cam_t_m2c": [-140.80709838867188, 4151.20263671875, 3041.30419921875], "obj_id": 3}, {"cam_R_m2c": [0.493074893951416, -0.1535232961177826, -0.85633385181427, -0.6916210055351257, 0.527945339679718, -0.49288344383239746, 0.5277665257453918, 0.8352869153022766, 0.15413665771484375], "cam_t_m2c": [5.205887317657471, 3716.341064453125, 3377.34228515625], "obj_id": 0}, {"cam_R_m2c": [0.5907799005508423, 0.7572359442710876, -0.2785191237926483, 0.5174140930175781, -0.6204442381858826, -0.5893484950065613, -0.619081437587738, 0.2040655016899109, -0.7583505511283875], "cam_t_m2c": [-44.68199920654297, 1246.2117919921875, 1621.798095703125], "obj_id": 2}, {"cam_R_m2c": [0.34970688819885254, 0.390276700258255, 0.8516978025436401, -0.7367826700210571, -0.4469521641731262, 0.5073313117027283, 0.5786677598953247, -0.804933488368988, 0.13124684989452362], "cam_t_m2c": [-52.28711700439453, 1282.86669921875, 1556.0885009765625], "obj_id": 1}, {"cam_R_m2c": [0.08377718925476074, 0.7697110772132874, 0.6328714489936829, -0.8846240043640137, 0.3498087227344513, -0.3083411455154419, -0.45871755480766296, -0.5340213179588318, 0.7102108597755432], "cam_t_m2c": [-54.04846954345703, 1284.83544921875, 1552.558837890625], "obj_id": 2}, {"cam_R_m2c": [-0.8435903787612915, 0.308294415473938, 0.4396699070930481, -0.26757243275642395, 0.46855640411376953, -0.8419381380081177, -0.4655749797821045, -0.8278945684432983, -0.3127785325050354], "cam_t_m2c": [-136.99232482910156, 1279.17919921875, 1562.69873046875], "obj_id": 0}, {"cam_R_m2c": [-0.14007340371608734, 0.6748802065849304, 0.7245109677314758, -0.4550400972366333, -0.6937520503997803, 0.5582531094551086, 0.8793849945068359, -0.25148510932922363, 0.40427377820014954], "cam_t_m2c": [-126.78274536132812, 1246.2738037109375, 1590.2235107421875], "obj_id": 3}, {"cam_R_m2c": [0.9590657353401184, -0.037719205021858215, 0.28066033124923706, 0.13575680553913116, -0.8085392713546753, -0.5725680589675903, 0.24852173030376434, 0.5872319340705872, -0.7703216671943665], "cam_t_m2c": [-118.9571533203125, 1235.676513671875, 1640.68408203125], "obj_id": 0}, {"cam_R_m2c": [-0.9549208879470825, 0.28751257061958313, 0.07390841096639633, 0.2644466757774353, 0.7107464671134949, 0.6518492102622986, 0.13488470017910004, 0.6420093178749084, -0.7547383904457092], "cam_t_m2c": [306.853515625, 4039.06494140625, 3101.6083984375], "obj_id": 0}, {"cam_R_m2c": [-0.5019897222518921, -0.13665257394313812, -0.8540095090866089, -0.4079342186450958, 0.9081101417541504, 0.09447581321001053, 0.7626242637634277, 0.39580562710762024, -0.5116072297096252], "cam_t_m2c": [-2.498918056488037, 3801.26025390625, 3206.97509765625], "obj_id": 0}, {"cam_R_m2c": [0.37044447660446167, -0.6002163290977478, 0.7088802456855774, -0.35808882117271423, -0.7964677810668945, -0.4872486889362335, 0.8570549488067627, -0.07334353774785995, -0.5099778175354004], "cam_t_m2c": [-118.74430847167969, 4095.266357421875, 3149.817626953125], "obj_id": 1}, {"cam_R_m2c": [0.3705165982246399, -0.6002453565597534, 0.7088180184364319, -0.3581768870353699, -0.7964446544647217, -0.48722201585769653, 0.8569870591163635, -0.07335837930440903, -0.5100899934768677], "cam_t_m2c": [0.9928933382034302, 3999.4140625, 3210.770751953125], "obj_id": 1}, {"cam_R_m2c": [-0.29564037919044495, 0.9536064267158508, -0.05684706196188927, -0.6429851651191711, -0.15462453663349152, 0.7501075863838196, 0.7065174579620361, 0.2583138942718506, 0.6588680148124695], "cam_t_m2c": [-112.56758880615234, -164.15431213378906, 857.2410278320312], "obj_id": 2}, {"cam_R_m2c": [-0.9593319892883301, -0.18119998276233673, 0.21644464135169983, -0.2623148560523987, 0.8554980158805847, -0.446446031332016, -0.10427193343639374, -0.4850667119026184, -0.8682380318641663], "cam_t_m2c": [-58.69782257080078, -119.40607452392578, 777.0228271484375], "obj_id": 0}, {"cam_R_m2c": [-0.3473558723926544, -0.2845812737941742, -0.8935083746910095, -0.6115446090698242, 0.7910822033882141, -0.014217586256563663, 0.7108846306800842, 0.5414817333221436, -0.44882118701934814], "cam_t_m2c": [-38.466949462890625, -156.96499633789062, 844.3530883789062], "obj_id": 0}, {"cam_R_m2c": [0.9161061644554138, 0.2858573794364929, 0.2811316251754761, 0.09899524599313736, -0.8407511115074158, 0.5322943329811096, 0.38852205872535706, -0.45980745553970337, -0.798515796661377], "cam_t_m2c": [-143.18116760253906, -122.27335357666016, 782.1629028320312], "obj_id": 2}, {"cam_R_m2c": [-0.06140885129570961, -0.9658703804016113, 0.25164124369621277, 0.5819618701934814, -0.23947536945343018, -0.7771562933921814, 0.8108941316604614, 0.09872131794691086, 0.5768056511878967], "cam_t_m2c": [-106.93043518066406, 4010.972900390625, 3194.991455078125], "obj_id": 3}, {"cam_R_m2c": [0.46940532326698303, -0.8816728591918945, -0.04807833209633827, 0.8829295635223389, 0.469278484582901, 0.014595506712794304, 0.009693661704659462, -0.049300990998744965, 0.9987369179725647], "cam_t_m2c": [-69.931640625, -147.4644012451172, 827.32177734375], "obj_id": 3}, {"cam_R_m2c": [0.3704436719417572, -0.6001861095428467, 0.7089062929153442, -0.3580511510372162, -0.796491801738739, -0.48723721504211426, 0.8570711016654968, -0.07333076000213623, -0.5099526643753052], "cam_t_m2c": [-240.00326538085938, 4191.26025390625, 3099.801513671875], "obj_id": 1}, {"cam_R_m2c": [-0.10272073745727539, -0.29425233602523804, 0.9501914381980896, 0.6089947819709778, -0.773893415927887, -0.1738213151693344, 0.7864944338798523, 0.5608065724372864, 0.2586933374404907], "cam_t_m2c": [-132.72186279296875, 4101.4697265625, 3132.052734375], "obj_id": 3}, {"cam_R_m2c": [-0.45493385195732117, -0.8902789354324341, 0.020932098850607872, 0.27815237641334534, -0.16438697278499603, -0.9463655948638916, 0.8459704518318176, -0.4247116446495056, 0.3224186897277832], "cam_t_m2c": [-107.72483825683594, 4175.85009765625, 3057.31396484375], "obj_id": 3}, {"cam_R_m2c": [0.4219106435775757, -0.7369028925895691, -0.5281718969345093, 0.7316781878471375, -0.06726580858230591, 0.6783230900764465, -0.5353862047195435, -0.6726436018943787, 0.5107956528663635], "cam_t_m2c": [-59.66611862182617, 4059.83154296875, 3133.572998046875], "obj_id": 2}],
  "2": [{"cam_R_m2c": [-0.6638677716255188, 0.522803008556366, 0.5347490310668945, 0.03849175572395325, -0.6902139186859131, 0.7225807905197144, 0.7468587160110474, 0.500281572341919, 0.43808722496032715], "cam_t_m2c": [105.41574096679688, 3757.291748046875, 3443.81201171875], "obj_id": 2}, {"cam_R_m2c": [-0.013276669196784496, 0.6575130224227905, 0.7533262372016907, 0.8084890842437744, -0.4362472593784332, 0.39501115679740906, 0.5883614420890808, 0.6143004298210144, -0.5258002281188965], "cam_t_m2c": [131.0302734375, 3779.229248046875, 3486.935302734375], "obj_id": 2}, {"cam_R_m2c": [0.17204494774341583, -0.40504321455955505, -0.8979646563529968, -0.1473618447780609, 0.8907175064086914, -0.4300079345703125, 0.9740046262741089, 0.20630641281604767, 0.09355553239583969], "cam_t_m2c": [-505.1643371582031, 3707.26025390625, 3136.7236328125], "obj_id": 0}, {"cam_R_m2c": [0.7808135151863098, 0.6110042333602905, -0.13039958477020264, -0.014375881291925907, 0.22623379528522491, 0.9739668965339661, 0.6245987415313721, -0.7586118578910828, 0.1854301393032074], "cam_t_m2c": [98.08277893066406, 3745.41357421875, 3532.69921875], "obj_id": 0}, {"cam_R_m2c": [0.14847788214683533, 0.2617640793323517, -0.9536424875259399, 0.9343778491020203, 0.27868524193763733, 0.2219744771718979, 0.32387104630470276, -0.9240206480026245, -0.20320798456668854], "cam_t_m2c": [138.78692626953125, 3742.68603515625, 3536.38232421875], "obj_id": 3}, {"cam_R_m2c": [-0.30338287353515625, 0.6218252182006836, -0.7220056056976318, 0.6472629904747009, -0.42158937454223633, -0.6350691318511963, -0.6992919445037842, -0.6599966883659363, -0.2745813727378845], "cam_t_m2c": [207.9669952392578, 3616.358642578125, 3711.085693359375], "obj_id": 1}, {"cam_R_m2c": [0.4415335953235626, -0.8972446322441101, 0.0002234312705695629, -0.5323101878166199, -0.2621499300003052, -0.8049367666244507, 0.7222837805747986, 0.35528767108917236, -0.5933604836463928], "cam_t_m2c": [45.084407806396484, 5107.10400390625, 4473.4951171875], "obj_id": 2}, {"cam_R_m2c": [0.16410863399505615, -0.9864370822906494, 0.0032022916711866856, -0.5866308808326721, -0.10020367801189423, -0.8036314249038696, 0.7930526733398438, 0.13000427186489105, -0.5951187014579773], "cam_t_m2c": [60.583221435546875, 5065.60498046875, 4529.2060546875], "obj_id": 2}, {"cam_R_m2c": [-0.14413408935070038, -0.9895531535148621, -0.0031685715075582266, -0.5880948901176453, 0.08823361247777939, -0.8039647936820984, 0.7958453893661499, -0.11401525884866714, -0.5946686267852783], "cam_t_m2c": [70.93315124511719, 5025.58056640625, 4583.84765625], "obj_id": 2}, {"cam_R_m2c": [0.15578578412532806, -0.9877908229827881, -4.482160420593573e-08, -0.5870242714881897, -0.09258025884628296, -0.8042582273483276, 0.794438898563385, 0.12529198825359344, -0.5942798852920532], "cam_t_m2c": [58.04454803466797, 5065.4306640625, 4529.734375], "obj_id": 0}, {"cam_R_m2c": [0.03371511772274971, -0.5869467854499817, -0.808923065662384, 0.55083167552948, 0.6862698793411255, -0.47499269247055054, 0.833935022354126, -0.4295661151409149, 0.3464466333389282], "cam_t_m2c": [83.56314086914062, 2502.0791015625, 2516.02294921875], "obj_id": 1}, {"cam_R_m2c": [0.19083890318870544, 0.8941611051559448, 0.4050388038158417, 0.9774097204208374, -0.13490796089172363, -0.16269631683826447, -0.09083376079797745, 0.42693763971328735, -0.8997074365615845], "cam_t_m2c": [133.80606079101562, 2465.818603515625, 2565.09521484375], "obj_id": 1}, {"cam_R_m2c": [-0.06855721026659012, 0.6826156973838806, -0.727554440498352, 0.9792944192886353, 0.18528389930725098, 0.0815606340765953, 0.1904786378145218, -0.7068985104560852, -0.6811842322349548], "cam_t_m2c": [60.00742721557617, 2444.99609375, 2593.275634765625], "obj_id": 0}, {"cam_R_m2c": [0.03099113702774048, -0.9916414022445679, 0.12524716556072235, -0.6304627656936646, -0.11662918329238892, -0.7674075365066528, 0.7756005525588989, -0.0551808662712574, -0.6288074254989624], "cam_t_m2c": [129.8533172607422, 2505.99658203125, 2510.721435546875], "obj_id": 3}, {"cam_R_m2c": [0.576444149017334, -0.3514241874217987, 0.7377080917358398, 0.39588308334350586, 0.9098770022392273, 0.1240982934832573, -0.7148347496986389, 0.22051042318344116, 0.6636161804199219], "cam_t_m2c": [5.331317901611328, 3941.04833984375, 3481.67919921875], "obj_id": 0}, {"cam_R_m2c": [-0.2379346638917923, -0.4983317255973816, -0.8336980938911438, 0.9479283094406128, 0.06794850528240204, -0.3111509084701538, 0.21170489490032196, -0.8643196225166321, 0.456215500831604], "cam_t_m2c": [50.32307052612305, 2489.70751953125, 2532.765625], "obj_id": 3}, {"cam_R_m2c": [-0.28387272357940674, 0.7956230044364929, 0.5351635813713074, -0.33351075649261475, -0.6052026152610779, 0.7228416204452515, 0.8989920020103455, 0.02671227790415287, 0.4371495842933655], "cam_t_m2c": [47.445213317871094, 3729.5888671875, 3559.2861328125], "obj_id": 2}, {"cam_R_m2c": [0.20251844823360443, 0.3738784193992615, -0.905097246170044, 0.18915143609046936, -0.9217785596847534, -0.3384459614753723, -0.9608370661735535, -0.10265893489122391, -0.2573966681957245], "cam_t_m2c": [129.0523681640625, 3825.015625, 3414.144775390625], "obj_id": 3}, {"cam_R_m2c": [-0.27222946286201477, 0.719963550567627, -0.638391375541687, -0.22510206699371338, 0.5973884463310242, 0.7697116732597351, 0.9355319738388062, 0.3532414436340332, -0.0005614390829578042], "cam_t_m2c": [139.58192443847656, 3699.35595703125, 3629.000732421875], "obj_id": 3}, {"cam_R_m2c": [-0.43475988507270813, 0.18690219521522522, 0.8809376955032349, 0.21488577127456665, 0.9714993238449097, -0.100065678358078, -0.8745328783988953, 0.14579643309116364, -0.46253153681755066], "cam_t_m2c": [30.077438354492188, 3831.317626953125, 3086.83740234375], "obj_id": 0}, {"cam_R_m2c": [-0.645953893661499, -0.7209392786026001, 0.25097787380218506, -0.3239254355430603, -0.03884456306695938, -0.9452847242355347, 0.6912420988082886, -0.691908597946167, -0.2084386646747589], "cam_t_m2c": [56.2545280456543, 1210.94384765625, 1564.037109375], "obj_id": 2}, {"cam_R_m2c": [-0.28700685501098633, -0.4239754378795624, -0.858994722366333, 0.23640745878219604, -0.900333821773529, 0.36539092659950256, -0.9282987713813782, -0.09820305556058884, 0.3586329221725464], "cam_t_m2c": [58.459678649902344, 1166.0203857421875, 1624.8333740234375], "obj_id": 1}, {"cam_R_m2c": [-0.08139260113239288, -0.8132762312889099, -0.5761570930480957, -0.779508113861084, -0.30828356742858887, 0.5452782511711121, -0.6210815906524658, 0.4935007393360138, -0.608863353729248], "cam_t_m2c": [59.927513122558594, 1163.5496826171875, 1628.1767578125], "obj_id": 2}, {"cam_R_m2c": [0.8216769695281982, -0.37553009390830994, -0.42874717712402344, -0.5699425339698792, -0.5460463166236877, -0.6140024065971375, -0.003539438359439373, 0.7488728761672974, -0.6627042293548584], "cam_t_m2c": [143.4893035888672, 1166.907470703125, 1623.6329345703125], "obj_id": 0}, {"cam_R_m2c": [0.21048444509506226, -0.6646897196769714, -0.7168568968772888, 0.605614185333252, -0.48697277903556824, 0.6293559670448303, -0.76741623878479, -0.5666083693504333, 0.300045371055603], "cam_t_m2c": [136.1710968017578, 1178.764404296875, 1581.7943115234375], "obj_id": 3}, {"cam_R_m2c": [-0.9458194971084595, 0.10246195644140244, -0.30810222029685974, 0.3229282796382904, 0.198053240776062, -0.9254686236381531, -0.03380469232797623, -0.9748212099075317, -0.22041045129299164], "cam_t_m2c": [131.88597106933594, 1220.606201171875, 1550.9605712890625], "obj_id": 0}, {"cam_R_m2c": [0.9516874551773071, -0.2714430093765259, -0.14356081187725067, 0.19146728515625, 0.890068769454956, -0.41366395354270935, 0.24006517231464386, 0.3661915957927704, 0.8990397453308105], "cam_t_m2c": [-299.26007080078125, 3726.843994140625, 3476.443603515625], "obj_id": 0}, {"cam_R_m2c": [0.5625415444374084, 0.1293853372335434, 0.8165821433067322, 0.5035269856452942, 0.7297587990760803, -0.4625069499015808, -0.6557496190071106, 0.6713505387306213, 0.3453706204891205], "cam_t_m2c": [24.164779663085938, 3711.169189453125, 3234.57080078125], "obj_id": 0}, {"cam_R_m2c": [-0.30349814891815186, 0.6218456029891968, -0.7219395041465759, 0.6471000909805298, -0.42162927985191345, -0.6352085471153259, -0.6993926167488098, -0.6599518656730652, -0.2744324803352356], "cam_t_m2c": [126.30093383789062, 3775.84765625, 3532.235595703125], "obj_id": 1}, {"cam_R_m2c": [-0.30357101559638977, 0.6218728423118591, -0.7218852639198303, 0.6470049023628235, -0.42163434624671936, -0.635301947593689, -0.6994489431381226, -0.6599227786064148, -0.27435848116874695], "cam_t_m2c": [14.01596736907959, 3796.726318359375, 3413.088134765625], "obj_id": 1}, {"cam_R_m2c": [0.36140498518943787, -0.9296467304229736, 0.0717167928814888, 0.36405184864997864, 0.2115003913640976, 0.9070467352867126, -0.8584012389183044, -0.3017025887966156, 0.41487693786621094], "cam_t_m2c": [125.35196685791016, -70.60713195800781, 599.0803833007812], "obj_id": 2}, {"cam_R_m2c": [0.9595025777816772, 0.1206410750746727, -0.25455936789512634, -0.24409352242946625, -0.09501855075359344, -0.9650852680206299, -0.14061683416366577, 0.9881381392478943, -0.061722829937934875], "cam_t_m2c": [65.05162048339844, -122.76575469970703, 669.6683349609375], "obj_id": 0}, {"cam_R_m2c": [0.4121656119823456, 0.29010969400405884, 0.86368727684021, 0.378829687833786, 0.8075571060180664, -0.45203936100006104, -0.8286178112030029, 0.5135054588317871, 0.22294510900974274], "cam_t_m2c": [50.3857421875, -76.20577239990234, 606.6572265625], "obj_id": 0}, {"cam_R_m2c": [-0.8929463028907776, -0.2845517098903656, -0.34882253408432007, 0.4332236051559448, -0.7537659406661987, -0.4941195249557495, -0.122328020632267, -0.592340350151062, 0.7963471412658691], "cam_t_m2c": [149.7395782470703, -122.8672103881836, 669.8056640625], "obj_id": 2}, {"cam_R_m2c": [0.09161871671676636, 0.9779052138328552, -0.1879020631313324, 0.9755704998970032, -0.050309401005506516, 0.2138478010892868, 0.19966962933540344, -0.20290417969226837, -0.9586247801780701], "cam_t_m2c": [120.27490234375, 3782.569580078125, 3436.297607421875], "obj_id": 3}, {"cam_R_m2c": [-0.4983562231063843, 0.8599887490272522, 0.10981789231300354, 0.39394354820251465, 0.11178785562515259, 0.9123111963272095, 0.772301197052002, 0.4979182183742523, -0.3944970667362213], "cam_t_m2c": [80.37530517578125, -89.1028823852539, 624.1112670898438], "obj_id": 3}, {"cam_R_m2c": [-0.3034977614879608, 0.6218170523643494, -0.7219643592834473, 0.6471302509307861, -0.42162641882896423, -0.6351798176765442, -0.699364960193634, -0.6599807143211365, -0.27443382143974304], "cam_t_m2c": [240.7818603515625, 3764.9091796875, 3647.103515625], "obj_id": 1}, {"cam_R_m2c": [0.13035909831523895, 0.3554810881614685, -0.9255483746528625, 0.9628053307533264, 0.17744801938533783, 0.20376017689704895, 0.2366696447134018, -0.9176848530769348, -0.3191271424293518], "cam_t_m2c": [138.91717529296875, 3761.66259765625, 3545.9853515625], "obj_id": 3}, {"cam_R_m2c": [0.49691042304039, 0.8672032952308655, 0.03222479671239853, 0.8650924563407898, -0.49208521842956543, -0.09729817509651184, -0.0685199499130249, 0.07622590661048889, -0.9947332739830017], "cam_t_m2c": [106.72554016113281, 3725.516357421875, 3642.94091796875], "obj_id": 3}, {"cam_R_m2c": [-0.47975438833236694, 0.6953529715538025, 0.5350884795188904, -0.16636423766613007, -0.6708837151527405, 0.7226600646972656, 0.8614861369132996, 0.25767987966537476, 0.43754157423973083], "cam_t_m2c": [67.59393310546875, 3748.92822265625, 3503.27734375], "obj_id": 2}],
