{
  "0": [{"cam_R_m2c": [-0.9845460653305054, -0.015809305012226105, -0.17441008985042572, 0.16017787158489227, -0.48389366269111633, -0.8603428602218628, -0.07079453021287918, -0.8749839067459106, 0.47894805669784546], "cam_t_m2c": [90.28643798828125, 46.25547790527344, 692.6859130859375], "obj_id": 3}, {"cam_R_m2c": [0.4358225166797638, 0.8902530074119568, 0.13231885433197021, 0.8411402702331543, -0.45518577098846436, 0.29204249382019043, 0.3202213943004608, -0.015979968011379242, -0.9472078084945679], "cam_t_m2c": [199.02349853515625, 88.14886474609375, 537.428955078125], "obj_id": 2}, {"cam_R_m2c": [-0.7249301075935364, -0.17032185196876526, 0.6674330234527588, 0.303558886051178, 0.790789783000946, 0.5315106511116028, -0.6183270812034607, 0.5879132747650146, -0.5215646028518677], "cam_t_m2c": [32.9444465637207, -59.77205276489258, 905.8162841796875], "obj_id": 3}, {"cam_R_m2c": [0.24220730364322662, 0.28073614835739136, -0.9287211298942566, -0.8825082182884216, -0.3339821696281433, -0.3311121463775635, -0.403131365776062, 0.8998017907142639, 0.166858971118927], "cam_t_m2c": [-40.0177116394043, -70.55937957763672, 908.8046875], "obj_id": 1}, {"cam_R_m2c": [0.904442548751831, -0.33812886476516724, 0.2601010799407959, 0.013894428499042988, 0.6327393054962158, 0.7742401957511902, -0.4263691306114197, -0.6966418027877808, 0.5769744515419006], "cam_t_m2c": [-15.020157814025879, -37.67652130126953, 866.087158203125], "obj_id": 3}, {"cam_R_m2c": [0.16853222250938416, 0.13146202266216278, 0.9768902063369751, 0.8326051831245422, -0.5494639873504639, -0.0696977972984314, 0.5276034474372864, 0.8251102566719055, -0.20205827057361603], "cam_t_m2c": [320.37213134765625, -156.22842407226562, 1057.49560546875], "obj_id": 0}, {"cam_R_m2c": [0.4683995544910431, -0.8618944883346558, 0.19426700472831726, 0.08371533453464508, 0.26218584179878235, 0.96137934923172, -0.8795416951179504, -0.43404650688171387, 0.1949615329504013], "cam_t_m2c": [175.04150390625, 97.1713638305664, 589.1021728515625], "obj_id": 1}, {"cam_R_m2c": [0.1310778260231018, 0.7671242952346802, -0.6279640197753906, 0.942062497138977, 0.1009007915854454, 0.31990182399749756, 0.30876651406288147, -0.6335133910179138, -0.7094531655311584], "cam_t_m2c": [251.1718292236328, 135.0177459716797, 408.1793518066406], "obj_id": 2}, {"cam_R_m2c": [-0.06974774599075317, 0.1986098289489746, 0.9775935411453247, -0.7958398461341858, 0.579795777797699, -0.17457279562950134, -0.6014764904975891, -0.7901840806007385, 0.11762222647666931], "cam_t_m2c": [190.49734497070312, -7.317626953125, 860.680419921875], "obj_id": 0}, {"cam_R_m2c": [0.5962517857551575, 0.050702955573797226, 0.8011947274208069, 0.17390663921833038, 0.9661479592323303, -0.19056376814842224, -0.7837347984313965, 0.2529570758342743, 0.5672498941421509], "cam_t_m2c": [-239.70826721191406, 21.400157928466797, 783.3934936523438], "obj_id": 3}, {"cam_R_m2c": [0.39571329951286316, 0.8520593643188477, 0.34264513850212097, 0.8361852169036865, -0.48855748772621155, 0.24920977652072906, 0.37974345684051514, 0.18789921700954437, -0.90580815076828], "cam_t_m2c": [-184.8195037841797, 107.60431671142578, 644.460205078125], "obj_id": 2}, {"cam_R_m2c": [-0.4478188753128052, -0.8893312811851501, 0.09245532006025314, -0.8396189212799072, 0.4538167119026184, 0.29848021268844604, -0.307405561208725, 0.05603786185383797, -0.949927031993866], "cam_t_m2c": [208.7399444580078, 145.68565368652344, 386.1153564453125], "obj_id": 0}, {"cam_R_m2c": [0.13107742369174957, -0.5288075804710388, -0.838559091091156, 0.9420626163482666, 0.32988569140434265, -0.06077434867620468, 0.30876660346984863, -0.7820090055465698, 0.5414103269577026], "cam_t_m2c": [56.225685119628906, 32.48808670043945, 803.7610473632812], "obj_id": 2}, {"cam_R_m2c": [-0.5266873836517334, -0.28891536593437195, -0.7994548678398132, -0.19769515097141266, 0.956314206123352, -0.21535959839820862, 0.8267507553100586, 0.04462115466594696, -0.560795783996582], "cam_t_m2c": [154.84437561035156, 67.06678009033203, 508.31842041015625], "obj_id": 3}, {"cam_R_m2c": [-0.7277886867523193, -0.6093451380729675, -0.31467750668525696, -0.12003641575574875, 0.564947247505188, -0.8163490891456604, 0.6752145290374756, -0.5563569068908691, -0.48430579900741577], "cam_t_m2c": [-72.94892883300781, 137.05026245117188, 443.8863220214844], "obj_id": 3}, {"cam_R_m2c": [-0.3959294259548187, -0.8533429503440857, 0.33918386697769165, -0.8363348245620728, 0.4876213073730469, 0.25053852796554565, -0.37918856739997864, -0.18447570502758026, -0.9067440032958984], "cam_t_m2c": [-266.6589050292969, 99.78583526611328, 539.6779174804688], "obj_id": 2}, {"cam_R_m2c": [0.974334716796875, 0.1252887099981308, -0.18701481819152832, -0.17992237210273743, 0.9327161312103271, -0.3125196695327759, 0.13527655601501465, 0.3381469249725342, 0.9313199520111084], "cam_t_m2c": [-37.75689697265625, 114.59651947021484, 418.90399169921875], "obj_id": 3}, {"cam_R_m2c": [-0.34754496812820435, -0.6007819771766663, -0.7199121117591858, -0.9359937906265259, 0.17648743093013763, 0.30457812547683716, -0.05592961981892586, 0.7796878814697266, -0.6236655116081238], "cam_t_m2c": [-15.752127647399902, -1.1397981643676758, 929.3887329101562], "obj_id": 0}, {"cam_R_m2c": [0.06170705333352089, -0.29011422395706177, -0.9550005197525024, 0.9951082468032837, 0.09184055775403976, 0.03639889135956764, 0.0771479681134224, -0.9525749683380127, 0.29436224699020386], "cam_t_m2c": [-164.75350952148438, 89.99822235107422, 512.1914672851562], "obj_id": 0}, {"cam_R_m2c": [-0.0106829097494483, 0.7601691484451294, -0.6496374607086182, -0.9774224162101746, -0.14504358172416687, -0.15364870429039001, -0.2110247015953064, 0.6333287358283997, 0.7445557713508606], "cam_t_m2c": [170.7716522216797, -4.856238842010498, 669.6361083984375], "obj_id": 2}, {"cam_R_m2c": [0.0029237745329737663, -0.2115679383277893, -0.9773589372634888, 0.9411687850952148, 0.3308583199977875, -0.068805031478405, 0.3379243314266205, -0.9196585416793823, 0.20008845627307892], "cam_t_m2c": [-239.46234130859375, 41.76318359375, 828.7060546875], "obj_id": 1}, {"cam_R_m2c": [-0.13108491897583008, 0.7269248366355896, -0.674089789390564, -0.9420613050460815, -0.30311331152915955, -0.1436760574579239, -0.30876728892326355, 0.6162000894546509, 0.7245413661003113], "cam_t_m2c": [-60.38291931152344, 12.197416305541992, 833.2974243164062], "obj_id": 3}, {"cam_R_m2c": [-0.10897954553365707, -0.9637153744697571, -0.24367207288742065, 0.9616614580154419, -0.04015415161848068, -0.27128365635871887, 0.25165578722953796, -0.2638944387435913, 0.9311439990997314], "cam_t_m2c": [-163.79489135742188, -22.06802749633789, 853.7042846679688], "obj_id": 0}, {"cam_R_m2c": [-0.41581207513809204, -0.6214821338653564, 0.6639732718467712, -0.7683373093605042, 0.6306710243225098, 0.10914130508899689, -0.4865780770778656, -0.46477314829826355, -0.7397485375404358], "cam_t_m2c": [139.28065490722656, 120.47533416748047, 407.42449951171875], "obj_id": 0}, {"cam_R_m2c": [0.6612725257873535, 0.725805401802063, -0.18953922390937805, 0.7265565395355225, -0.5568308234214783, 0.4025603234767914, 0.18663915991783142, -0.40391305088996887, -0.8955555558204651], "cam_t_m2c": [-18.146137237548828, 51.312774658203125, 514.61083984375], "obj_id": 0}, {"cam_R_m2c": [0.09538492560386658, -0.8629741668701172, 0.49616244435310364, 0.9413121342658997, -0.08392689377069473, -0.3269367218017578, 0.3237793743610382, 0.4982285797595978, 0.8043228387832642], "cam_t_m2c": [247.18385314941406, 33.288700103759766, 510.3391418457031], "obj_id": 0}, {"cam_R_m2c": [-0.21621809899806976, -0.2383272498846054, -0.9468103051185608, -0.9508676528930664, 0.2714911997318268, 0.14880602061748505, 0.22158612310886383, 0.9324659109115601, -0.2853189706802368], "cam_t_m2c": [-204.7200469970703, 109.81766510009766, 671.0725708007812], "obj_id": 0}, {"cam_R_m2c": [-0.1388530284166336, 0.3942318558692932, 0.9084608554840088, 0.8703101277351379, -0.38913223147392273, 0.3018880784511566, 0.4725252687931061, 0.8325607776641846, -0.28907182812690735], "cam_t_m2c": [448.5531921386719, 63.28188705444336, 662.5111083984375], "obj_id": 2}, {"cam_R_m2c": [0.5654048323631287, 0.6871570944786072, 0.45621541142463684, -0.773530125617981, 0.24976329505443573, 0.5824683904647827, 0.2863014042377472, -0.682226836681366, 0.6727541089057922], "cam_t_m2c": [262.3033142089844, 118.8965835571289, 456.7520751953125], "obj_id": 1}, {"cam_R_m2c": [-0.22141994535923004, -0.7715479731559753, 0.596394956111908, -0.9094213843345642, 0.38414499163627625, 0.15932777523994446, -0.3520311713218689, -0.507095992565155, -0.7867196202278137], "cam_t_m2c": [-105.71976470947266, 123.5490493774414, 347.0425109863281], "obj_id": 2}, {"cam_R_m2c": [0.15197224915027618, 0.41592273116111755, -0.896611750125885, 0.9488153457641602, 0.19271738827228546, 0.2502187490463257, 0.27686432003974915, -0.8887453079223633, -0.36534613370895386], "cam_t_m2c": [111.02827453613281, 95.48741912841797, 378.3685302734375], "obj_id": 0}, {"cam_R_m2c": [-0.9422158002853394, 0.32370051741600037, -0.08629714697599411, 0.3244432210922241, 0.9458882212638855, 0.005665855016559362, 0.08346149325370789, -0.022660065442323685, -0.996253252029419], "cam_t_m2c": [27.00841522216797, -19.174348831176758, 807.204833984375], "obj_id": 3}, {"cam_R_m2c": [-0.4632124602794647, -0.8575310707092285, 0.22377340495586395, -0.848766565322876, 0.3565954566001892, -0.3904291093349457, 0.2550085186958313, -0.3707830607891083, -0.8930231928825378], "cam_t_m2c": [-220.2681121826172, 4.491146564483643, 786.9146728515625], "obj_id": 1}, {"cam_R_m2c": [-0.9355939626693726, 0.11365226656198502, -0.3342856168746948, 0.35301652550697327, 0.2835138142108917, -0.8916272521018982, -0.00656089186668396, -0.9522095322608948, -0.3053748607635498], "cam_t_m2c": [-81.10797119140625, 52.769813537597656, 713.9846801757812], "obj_id": 3}, {"cam_R_m2c": [-0.6968073844909668, 0.07345707714557648, 0.713486909866333, 0.48948970437049866, 0.775794267654419, 0.3981747329235077, -0.5242702960968018, 0.6266955733299255, -0.5765356421470642], "cam_t_m2c": [-247.31105041503906, 48.50166702270508, 694.4408569335938], "obj_id": 3}, {"cam_R_m2c": [0.43126487731933594, 0.47708824276924133, -0.7657658457756042, 0.9017612338066101, -0.25515082478523254, 0.3488905429840088, -0.028934240341186523, -0.8410022258758545, -0.5402572751045227], "cam_t_m2c": [29.48160171508789, 66.98446655273438, 499.9516296386719], "obj_id": 0}],
  "1": [{"cam_R_m2c": [-0.9845460653305054, -0.015809305012226105, -0.17441008985042572, 0.16017787158489227, -0.48389366269111633, -0.8603428602218628, -0.07079453021287918, -0.8749839067459106, 0.47894805669784546], "cam_t_m2c": [90.28643798828125, 46.25547790527344, 692.6859130859375], "obj_id": 3}, {"cam_R_m2c": [0.4358225166797638, 0.8902530074119568, 0.13231885433197021, 0.8411402702331543, -0.45518577098846436, 0.29204249382019043, 0.3202213943004608, -0.015979968011379242, -0.9472078084945679], "cam_t_m2c": [199.02349853515625, 88.14886474609375, 537.428955078125], "obj_id": 2}, {"cam_R_m2c": [-0.7249301075935364, -0.17032185196876526, 0.6674330234527588, 0.303558886051178, 0.790789783000946, 0.5315106511116028, -0.6183270812034607, 0.5879132747650146, -0.5215646028518677], "cam_t_m2c": [32.9444465637207, -59.77205276489258, 905.8162841796875], "obj_id": 3}, {"cam_R_m2c": [0.24220730364322662, 0.28073614835739136, -0.9287211298942566, -0.8825082182884216, -0.3339821696281433, -0.3311121463775635, -0.403131365776062, 0.8998017907142639, 0.166858971118927], "cam_t_m2c": [-40.0177116394043, -70.55937957763672, 908.8046875], "obj_id": 1}, {"cam_R_m2c": [0.904442548751831, -0.33812886476516724, 0.2601010799407959, 0.013894428499042988, 0.6327393054962158, 0.7742401957511902, -0.4263691306114197, -0.6966418027877808, 0.5769744515419006], "cam_t_m2c": [-15.020157814025879, -37.67652130126953, 866.087158203125], "obj_id": 3}, {"cam_R_m2c": [0.16853222250938416, 0.13146202266216278, 0.9768902063369751, 0.8326051831245422, -0.5494639873504639, -0.0696977972984314, 0.5276034474372864, 0.8251102566719055, -0.20205827057361603], "cam_t_m2c": [320.37213134765625, -156.22842407226562, 1057.49560546875], "obj_id": 0}, {"cam_R_m2c": [0.4683995544910431, -0.8618944883346558, 0.19426700472831726, 0.08371533453464508, 0.26218584179878235, 0.96137934923172, -0.8795416951179504, -0.43404650688171387, 0.1949615329504013], "cam_t_m2c": [175.04150390625, 97.1713638305664, 589.1021728515625], "obj_id": 1}, {"cam_R_m2c": [0.1310778260231018, 0.7671242952346802, -0.6279640197753906, 0.942062497138977, 0.1009007915854454, 0.31990182399749756, 0.30876651406288147, -0.6335133910179138, -0.7094531655311584], "cam_t_m2c": [251.1718292236328, 135.0177459716797, 408.1793518066406], "obj_id": 2}, {"cam_R_m2c": [-0.06974774599075317, 0.1986098289489746, 0.9775935411453247, -0.7958398461341858, 0.579795777797699, -0.17457279562950134, -0.6014764904975891, -0.7901840806007385, 0.11762222647666931], "cam_t_m2c": [190.49734497070312, -7.317626953125, 860.680419921875], "obj_id": 0}, {"cam_R_m2c": [0.5962517857551575, 0.050702955573797226, 0.8011947274208069, 0.17390663921833038, 0.9661479592323303, -0.19056376814842224, -0.7837347984313965, 0.2529570758342743, 0.5672498941421509], "cam_t_m2c": [-239.70826721191406, 21.400157928466797, 783.3934936523438], "obj_id": 3}, {"cam_R_m2c": [0.39571329951286316, 0.8520593643188477, 0.34264513850212097, 0.8361852169036865, -0.48855748772621155, 0.24920977652072906, 0.37974345684051514, 0.18789921700954437, -0.90580815076828], "cam_t_m2c": [-184.8195037841797, 107.60431671142578, 644.460205078125], "obj_id": 2}, {"cam_R_m2c": [-0.4478188753128052, -0.8893312811851501, 0.09245532006025314, -0.8396189212799072, 0.4538167119026184, 0.29848021268844604, -0.307405561208725, 0.05603786185383797, -0.949927031993866], "cam_t_m2c": [208.7399444580078, 145.68565368652344, 386.1153564453125], "obj_id": 0}, {"cam_R_m2c": [0.13107742369174957, -0.5288075804710388, -0.838559091091156, 0.9420626163482666, 0.32988569140434265, -0.06077434867620468, 0.30876660346984863, -0.7820090055465698, 0.5414103269577026], "cam_t_m2c": [56.225685119628906, 32.48808670043945, 803.7610473632812], "obj_id": 2}, {"cam_R_m2c": [-0.5266873836517334, -0.28891536593437195, -0.7994548678398132, -0.19769515097141266, 0.956314206123352, -0.21535959839820862, 0.8267507553100586, 0.04462115466594696, -0.560795783996582], "cam_t_m2c": [154.84437561035156, 67.06678009033203, 508.31842041015625], "obj_id": 3}, {"cam_R_m2c": [-0.7277886867523193, -0.6093451380729675, -0.31467750668525696, -0.12003641575574875, 0.564947247505188, -0.8163490891456604, 0.6752145290374756, -0.5563569068908691, -0.48430579900741577], "cam_t_m2c": [-72.94892883300781, 137.05026245117188, 443.8863220214844], "obj_id": 3}, {"cam_R_m2c": [-0.3959294259548187, -0.8533429503440857, 0.33918386697769165, -0.8363348245620728, 0.4876213073730469, 0.25053852796554565, -0.37918856739997864, -0.18447570502758026, -0.9067440032958984], "cam_t_m2c": [-266.6589050292969, 99.78583526611328, 539.6779174804688], "obj_id": 2}, {"cam_R_m2c": [0.974334716796875, 0.1252887099981308, -0.18701481819152832, -0.17992237210273743, 0.9327161312103271, -0.3125196695327759, 0.13527655601501465, 0.3381469249725342, 0.9313199520111084], "cam_t_m2c": [-37.75689697265625, 114.59651947021484, 418.90399169921875], "obj_id": 3}, {"cam_R_m2c": [-0.34754496812820435, -0.6007819771766663, -0.7199121117591858, -0.9359937906265259, 0.17648743093013763, 0.30457812547683716, -0.05592961981892586, 0.7796878814697266, -0.6236655116081238], "cam_t_m2c": [-15.752127647399902, -1.1397981643676758, 929.3887329101562], "obj_id": 0}, {"cam_R_m2c": [0.06170705333352089, -0.29011422395706177, -0.9550005197525024, 0.9951082468032837, 0.09184055775403976, 0.03639889135956764, 0.0771479681134224, -0.9525749683380127, 0.29436224699020386], "cam_t_m2c": [-164.75350952148438, 89.99822235107422, 512.1914672851562], "obj_id": 0}, {"cam_R_m2c": [-0.0106829097494483, 0.7601691484451294, -0.6496374607086182, -0.9774224162101746, -0.14504358172416687, -0.15364870429039001, -0.2110247015953064, 0.6333287358283997, 0.7445557713508606], "cam_t_m2c": [170.7716522216797, -4.856238842010498, 669.6361083984375], "obj_id": 2}, {"cam_R_m2c": [0.0029237745329737663, -0.2115679383277893, -0.9773589372634888, 0.9411687850952148, 0.3308583199977875, -0.068805031478405, 0.3379243314266205, -0.9196585416793823, 0.20008845627307892], "cam_t_m2c": [-239.46234130859375, 41.76318359375, 828.7060546875], "obj_id": 1}, {"cam_R_m2c": [-0.13108491897583008, 0.7269248366355896, -0.674089789390564, -0.9420613050460815, -0.30311331152915955, -0.1436760574579239, -0.30876728892326355, 0.6162000894546509, 0.7245413661003113], "cam_t_m2c": [-60.38291931152344, 12.197416305541992, 833.2974243164062], "obj_id": 3}, {"cam_R_m2c": [-0.10897954553365707, -0.9637153744697571, -0.24367207288742065, 0.9616614580154419, -0.04015415161848068, -0.27128365635871887, 0.25165578722953796, -0.2638944387435913, 0.9311439990997314], "cam_t_m2c": [-163.79489135742188, -22.06802749633789, 853.7042846679688], "obj_id": 0}, {"cam_R_m2c": [-0.41581207513809204, -0.6214821338653564, 0.6639732718467712, -0.7683373093605042, 0.6306710243225098, 0.10914130508899689, -0.4865780770778656, -0.46477314829826355, -0.7397485375404358], "cam_t_m2c": [139.28065490722656, 120.47533416748047, 407.42449951171875], "obj_id": 0}, {"cam_R_m2c": [0.6612725257873535, 0.725805401802063, -0.18953922390937805, 0.7265565395355225, -0.5568308234214783, 0.4025603234767914, 0.18663915991783142, -0.40391305088996887, -0.8955555558204651], "cam_t_m2c": [-18.146137237548828, 51.312774658203125, 514.61083984375], "obj_id": 0}, {"cam_R_m2c": [0.09538492560386658, -0.8629741668701172, 0.49616244435310364, 0.9413121342658997, -0.08392689377069473, -0.3269367218017578, 0.3237793743610382, 0.4982285797595978, 0.8043228387832642], "cam_t_m2c": [247.18385314941406, 33.288700103759766, 510.3391418457031], "obj_id": 0}, {"cam_R_m2c": [-0.21621809899806976, -0.2383272498846054, -0.9468103051185608, -0.9508676528930664, 0.2714911997318268, 0.14880602061748505, 0.22158612310886383, 0.9324659109115601, -0.2853189706802368], "cam_t_m2c": [-204.7200469970703, 109.81766510009766, 671.0725708007812], "obj_id": 0}, {"cam_R_m2c": [-0.1388530284166336, 0.3942318558692932, 0.9084608554840088, 0.8703101277351379, -0.38913223147392273, 0.3018880784511566, 0.4725252687931061, 0.8325607776641846, -0.28907182812690735], "cam_t_m2c": [448.5531921386719, 63.28188705444336, 662.5111083984375], "obj_id": 2}, {"cam_R_m2c": [0.5654048323631287, 0.6871570944786072, 0.45621541142463684, -0.773530125617981, 0.24976329505443573, 0.5824683904647827, 0.2863014042377472, -0.682226836681366, 0.6727541089057922], "cam_t_m2c": [262.3033142089844, 118.8965835571289, 456.7520751953125], "obj_id": 1}, {"cam_R_m2c": [-0.22141994535923004, -0.7715479731559753, 0.596394956111908, -0.9094213843345642, 0.38414499163627625, 0.15932777523994446, -0.3520311713218689, -0.507095992565155, -0.7867196202278137], "cam_t_m2c": [-105.71976470947266, 123.5490493774414, 347.0425109863281], "obj_id": 2}, {"cam_R_m2c": [0.15197224915027618, 0.41592273116111755, -0.896611750125885, 0.9488153457641602, 0.19271738827228546, 0.2502187490463257, 0.27686432003974915, -0.8887453079223633, -0.36534613370895386], "cam_t_m2c": [111.02827453613281, 95.48741912841797, 378.3685302734375], "obj_id": 0}, {"cam_R_m2c": [-0.9422158002853394, 0.32370051741600037, -0.08629714697599411, 0.3244432210922241, 0.9458882212638855, 0.005665855016559362, 0.08346149325370789, -0.022660065442323685, -0.996253252029419], "cam_t_m2c": [27.00841522216797, -19.174348831176758, 807.204833984375], "obj_id": 3}, {"cam_R_m2c": [-0.4632124602794647, -0.8575310707092285, 0.22377340495586395, -0.848766565322876, 0.3565954566001892, -0.3904291093349457, 0.2550085186958313, -0.3707830607891083, -0.8930231928825378], "cam_t_m2c": [-220.2681121826172, 4.491146564483643, 786.9146728515625], "obj_id": 1}, {"cam_R_m2c": [-0.9355939626693726, 0.11365226656198502, -0.3342856168746948, 0.35301652550697327, 0.2835138142108917, -0.8916272521018982, -0.00656089186668396, -0.9522095322608948, -0.3053748607635498], "cam_t_m2c": [-81.10797119140625, 52.769813537597656, 713.9846801757812], "obj_id": 3}, {"cam_R_m2c": [-0.6968073844909668, 0.07345707714557648, 0.713486909866333, 0.48948970437049866, 0.775794267654419, 0.3981747329235077, -0.5242702960968018, 0.6266955733299255, -0.5765356421470642], "cam_t_m2c": [-247.31105041503906, 48.50166702270508, 694.4408569335938], "obj_id": 3}, {"cam_R_m2c": [0.43126487731933594, 0.47708824276924133, -0.7657658457756042, 0.9017612338066101, -0.25515082478523254, 0.3488905429840088, -0.028934240341186523, -0.8410022258758545, -0.5402572751045227], "cam_t_m2c": [29.48160171508789, 66.98446655273438, 499.9516296386719], "obj_id": 0}],
  "2": [{"cam_R_m2c": [-0.9845460653305054, -0.015809305012226105, -0.17441008985042572, 0.16017787158489227, -0.48389366269111633, -0.8603428602218628, -0.07079453021287918, -0.8749839067459106, 0.47894805669784546], "cam_t_m2c": [90.28643798828125, 46.25547790527344, 692.6859130859375], "obj_id": 3}, {"cam_R_m2c": [0.4358225166797638, 0.8902530074119568, 0.13231885433197021, 0.8411402702331543, -0.45518577098846436, 0.29204249382019043, 0.3202213943004608, -0.015979968011379242, -0.9472078084945679], "cam_t_m2c": [199.02349853515625, 88.14886474609375, 537.428955078125], "obj_id": 2}, {"cam_R_m2c": [-0.7249301075935364, -0.17032185196876526, 0.6674330234527588, 0.303558886051178, 0.790789783000946, 0.5315106511116028, -0.6183270812034607, 0.5879132747650146, -0.5215646028518677], "cam_t_m2c": [32.9444465637207, -59.77205276489258, 905.8162841796875], "obj_id": 3}, {"cam_R_m2c": [0.24220730364322662, 0.28073614835739136, -0.9287211298942566, -0.8825082182884216, -0.3339821696281433, -0.3311121463775635, -0.403131365776062, 0.8998017907142639, 0.166858971118927], "cam_t_m2c": [-40.0177116394043, -70.55937957763672, 908.8046875], "obj_id": 1}, {"cam_R_m2c": [0.904442548751831, -0.33812886476516724, 0.2601010799407959, 0.013894428499042988, 0.6327393054962158, 0.7742401957511902, -0.4263691306114197, -0.6966418027877808, 0.5769744515419006], "cam_t_m2c": [-15.020157814025879, -37.67652130126953, 866.087158203125], "obj_id": 3}, {"cam_R_m2c": [0.16853222250938416, 0.13146202266216278, 0.9768902063369751, 0.8326051831245422, -0.5494639873504639, -0.0696977972984314, 0.5276034474372864, 0.8251102566719055, -0.20205827057361603], "cam_t_m2c": [320.37213134765625, -156.22842407226562, 1057.49560546875], "obj_id": 0}, {"cam_R_m2c": [0.4683995544910431, -0.8618944883346558, 0.19426700472831726, 0.08371533453464508, 0.26218584179878235, 0.96137934923172, -0.8795416951179504, -0.43404650688171387, 0.1949615329504013], "cam_t_m2c": [175.04150390625, 97.1713638305664, 589.1021728515625], "obj_id": 1}, {"cam_R_m2c": [0.1310778260231018, 0.7671242952346802, -0.6279640197753906, 0.942062497138977, 0.1009007915854454, 0.31990182399749756, 0.30876651406288147, -0.6335133910179138, -0.7094531655311584], "cam_t_m2c": [251.1718292236328, 135.0177459716797, 408.1793518066406], "obj_id": 2}, {"cam_R_m2c": [-0.06974774599075317, 0.1986098289489746, 0.9775935411453247, -0.7958398461341858, 0.579795777797699, -0.17457279562950134, -0.6014764904975891, -0.7901840806007385, 0.11762222647666931], "cam_t_m2c": [190.49734497070312, -7.317626953125, 860.680419921875], "obj_id": 0}, {"cam_R_m2c": [0.5962517857551575, 0.050702955573797226, 0.8011947274208069, 0.17390663921833038, 0.9661479592323303, -0.19056376814842224, -0.7837347984313965, 0.2529570758342743, 0.5672498941421509], "cam_t_m2c": [-239.70826721191406, 21.400157928466797, 783.3934936523438], "obj_id": 3}, {"cam_R_m2c": [0.39571329951286316, 0.8520593643188477, 0.34264513850212097, 0.8361852169036865, -0.48855748772621155, 0.24920977652072906, 0.37974345684051514, 0.18789921700954437, -0.90580815076828], "cam_t_m2c": [-184.8195037841797, 107.60431671142578, 644.460205078125], "obj_id": 2}, {"cam_R_m2c": [-0.4478188753128052, -0.8893312811851501, 0.09245532006025314, -0.8396189212799072, 0.4538167119026184, 0.29848021268844604, -0.307405561208725, 0.05603786185383797, -0.949927031993866], "cam_t_m2c": [208.7399444580078, 145.68565368652344, 386.1153564453125], "obj_id": 0}, {"cam_R_m2c": [0.13107742369174957, -0.5288075804710388, -0.838559091091156, 0.9420626163482666, 0.32988569140434265, -0.06077434867620468, 0.30876660346984863, -0.7820090055465698, 0.5414103269577026], "cam_t_m2c": [56.225685119628906, 32.48808670043945, 803.7610473632812], "obj_id": 2}, {"cam_R_m2c": [-0.5266873836517334, -0.28891536593437195, -0.7994548678398132, -0.19769515097141266, 0.956314206123352, -0.21535959839820862, 0.8267507553100586, 0.04462115466594696, -0.560795783996582], "cam_t_m2c": [154.84437561035156, 67.06678009033203, 508.31842041015625], "obj_id": 3}, {"cam_R_m2c": [-0.7277886867523193, -0.6093451380729675, -0.31467750668525696, -0.12003641575574875, 0.564947247505188, -0.8163490891456604, 0.6752145290374756, -0.5563569068908691, -0.48430579900741577], "cam_t_m2c": [-72.94892883300781, 137.05026245117188, 443.8863220214844], "obj_id": 3}, {"cam_R_m2c": [-0.3959294259548187, -0.8533429503440857, 0.33918386697769165, -0.8363348245620728, 0.4876213073730469, 0.25053852796554565, -0.37918856739997864, -0.18447570502758026, -0.9067440032958984], "cam_t_m2c": [-266.6589050292969, 99.78583526611328, 539.6779174804688], "obj_id": 2}, {"cam_R_m2c": [0.974334716796875, 0.1252887099981308, -0.18701481819152832, -0.17992237210273743, 0.9327161312103271, -0.3125196695327759, 0.13527655601501465, 0.3381469249725342, 0.9313199520111084], "cam_t_m2c": [-37.75689697265625, 114.59651947021484, 418.90399169921875], "obj_id": 3}, {"cam_R_m2c": [-0.34754496812820435, -0.6007819771766663, -0.7199121117591858, -0.9359937906265259, 0.17648743093013763, 0.30457812547683716, -0.05592961981892586, 0.7796878814697266, -0.6236655116081238], "cam_t_m2c": [-15.752127647399902, -1.1397981643676758, 929.3887329101562], "obj_id": 0}, {"cam_R_m2c": [0.06170705333352089, -0.29011422395706177, -0.9550005197525024, 0.9951082468032837, 0.09184055775403976, 0.03639889135956764, 0.0771479681134224, -0.9525749683380127, 0.29436224699020386], "cam_t_m2c": [-164.75350952148438, 89.99822235107422, 512.1914672851562], "obj_id": 0}, {"cam_R_m2c": [-0.0106829097494483, 0.7601691484451294, -0.6496374607086182, -0.9774224162101746, -0.14504358172416687, -0.15364870429039001, -0.2110247015953064, 0.6333287358283997, 0.7445557713508606], "cam_t_m2c": [170.7716522216797, -4.856238842010498, 669.6361083984375], "obj_id": 2}, {"cam_R_m2c": [0.0029237745329737663, -0.2115679383277893, -0.9773589372634888, 0.9411687850952148, 0.3308583199977875, -0.068805031478405, 0.3379243314266205, -0.9196585416793823, 0.20008845627307892], "cam_t_m2c": [-239.46234130859375, 41.76318359375, 828.7060546875], "obj_id": 1}, {"cam_R_m2c": [-0.13108491897583008, 0.7269248366355896, -0.674089789390564, -0.9420613050460815, -0.30311331152915955, -0.1436760574579239, -0.30876728892326355, 0.6162000894546509, 0.7245413661003113], "cam_t_m2c": [-60.38291931152344, 12.197416305541992, 833.2974243164062], "obj_id": 3}, {"cam_R_m2c": [-0.10897954553365707, -0.9637153744697571, -0.24367207288742065, 0.9616614580154419, -0.04015415161848068, -0.27128365635871887, 0.25165578722953796, -0.2638944387435913, 0.9311439990997314], "cam_t_m2c": [-163.79489135742188, -22.06802749633789, 853.7042846679688], "obj_id": 0}, {"cam_R_m2c": [-0.41581207513809204, -0.6214821338653564, 0.6639732718467712, -0.7683373093605042, 0.6306710243225098, 0.10914130508899689, -0.4865780770778656, -0.46477314829826355, -0.7397485375404358], "cam_t_m2c": [139.28065490722656, 120.47533416748047, 407.42449951171875], "obj_id": 0}, {"cam_R_m2c": [0.6612725257873535, 0.725805401802063, -0.18953922390937805, 0.7265565395355225, -0.5568308234214783, 0.4025603234767914, 0.18663915991783142, -0.40391305088996887, -0.8955555558204651], "cam_t_m2c": [-18.146137237548828, 51.312774658203125, 514.61083984375], "obj_id": 0}, {"cam_R_m2c": [0.09538492560386658, -0.8629741668701172, 0.49616244435310364, 0.9413121342658997, -0.08392689377069473, -0.3269367218017578, 0.3237793743610382, 0.4982285797595978, 0.8043228387832642], "cam_t_m2c": [247.18385314941406, 33.288700103759766, 510.3391418457031], "obj_id": 0}, {"cam_R_m2c": [-0.21621809899806976, -0.2383272498846054, -0.9468103051185608, -0.9508676528930664, 0.2714911997318268, 0.14880602061748505, 0.22158612310886383, 0.9324659109115601, -0.2853189706802368], "cam_t_m2c": [-204.7200469970703, 109.81766510009766, 671.0725708007812], "obj_id": 0}, {"cam_R_m2c": [-0.1388530284166336, 0.3942318558692932, 0.9084608554840088, 0.8703101277351379, -0.38913223147392273, 0.3018880784511566, 0.4725252687931061, 0.8325607776641846, -0.28907182812690735], "cam_t_m2c": [448.5531921386719, 63.28188705444336, 662.5111083984375], "obj_id": 2}, {"cam_R_m2c": [0.5654048323631287, 0.6871570944786072, 0.45621541142463684, -0.773530125617981, 0.24976329505443573, 0.5824683904647827, 0.2863014042377472, -0.682226836681366, 0.6727541089057922], "cam_t_m2c": [262.3033142089844, 118.8965835571289, 456.7520751953125], "obj_id": 1}, {"cam_R_m2c": [-0.22141994535923004, -0.7715479731559753, 0.596394956111908, -0.9094213843345642, 0.38414499163627625, 0.15932777523994446, -0.3520311713218689, -0.507095992565155, -0.7867196202278137], "cam_t_m2c": [-105.71976470947266, 123.5490493774414, 347.0425109863281], "obj_id": 2}, {"cam_R_m2c": [0.15197224915027618, 0.41592273116111755, -0.896611750125885, 0.9488153457641602, 0.19271738827228546, 0.2502187490463257, 0.27686432003974915, -0.8887453079223633, -0.36534613370895386], "cam_t_m2c": [111.02827453613281, 95.48741912841797, 378.3685302734375], "obj_id": 0}, {"cam_R_m2c": [-0.9422158002853394, 0.32370051741600037, -0.08629714697599411, 0.3244432210922241, 0.9458882212638855, 0.005665855016559362, 0.08346149325370789, -0.022660065442323685, -0.996253252029419], "cam_t_m2c": [27.00841522216797, -19.174348831176758, 807.204833984375], "obj_id": 3}, {"cam_R_m2c": [-0.4632124602794647, -0.8575310707092285, 0.22377340495586395, -0.848766565322876, 0.3565954566001892, -0.3904291093349457, 0.2550085186958313, -0.3707830607891083, -0.8930231928825378], "cam_t_m2c": [-220.2681121826172, 4.491146564483643, 786.9146728515625], "obj_id": 1}, {"cam_R_m2c": [-0.9355939626693726, 0.11365226656198502, -0.3342856168746948, 0.35301652550697327, 0.2835138142108917, -0.8916272521018982, -0.00656089186668396, -0.9522095322608948, -0.3053748607635498], "cam_t_m2c": [-81.10797119140625, 52.769813537597656, 713.9846801757812], "obj_id": 3}, {"cam_R_m2c": [-0.6968073844909668, 0.07345707714557648, 0.713486909866333, 0.48948970437049866, 0.775794267654419, 0.3981747329235077, -0.5242702960968018, 0.6266955733299255, -0.5765356421470642], "cam_t_m2c": [-247.31105041503906, 48.50166702270508, 694.4408569335938], "obj_id": 3}, {"cam_R_m2c": [0.43126487731933594, 0.47708824276924133, -0.7657658457756042, 0.9017612338066101, -0.25515082478523254, 0.3488905429840088, -0.028934240341186523, -0.8410022258758545, -0.5402572751045227], "cam_t_m2c": [29.48160171508789, 66.98446655273438, 499.9516296386719], "obj_id": 0}]
}