{
  "0": [{"cam_R_m2c": [0.3508622348308563, -0.5598956942558289, 0.7506080269813538, -0.9257121682167053, -0.32829293608665466, 0.1878311187028885, 0.1412535458803177, -0.760749876499176, -0.6334878206253052], "cam_t_m2c": [60.46725082397461, -841.6500244140625, 3841.819091796875], "obj_id": 2}, {"cam_R_m2c": [0.0663355216383934, -0.9266741871833801, -0.3699653744697571, -0.6971595883369446, 0.22221879661083221, -0.6816062927246094, 0.7138402462005615, 0.3031395971775055, -0.6312987804412842], "cam_t_m2c": [-972.2747192382812, 408.8524169921875, 3041.589599609375], "obj_id": 2}, {"cam_R_m2c": [0.7910115122795105, 0.38157984614372253, 0.4782233238220215, 0.4569137394428253, 0.1513628363609314, -0.8765380382537842, -0.4068544805049896, 0.9118584990501404, -0.05461932718753815], "cam_t_m2c": [67.67961883544922, -163.29249572753906, 4126.28125], "obj_id": 1}, {"cam_R_m2c": [-0.4012259840965271, -0.7379762530326843, -0.542594313621521, -0.8712959289550781, 0.49024248123168945, -0.022485733032226562, 0.2825966775417328, 0.4637383818626404, -0.8396937251091003], "cam_t_m2c": [-388.6400451660156, -52.633853912353516, 3639.79736328125], "obj_id": 2}, {"cam_R_m2c": [-0.05228094011545181, 0.7242940068244934, 0.6875061988830566, -0.9760349988937378, -0.18268722295761108, 0.11824070662260056, 0.21123969554901123, -0.6648483872413635, 0.7164875268936157], "cam_t_m2c": [-400.0937194824219, -56.63451385498047, 2745.9033203125], "obj_id": 0}, {"cam_R_m2c": [0.7052003741264343, 0.15183697640895844, 0.692559003829956, 0.3886262774467468, 0.7342118620872498, -0.5566889047622681, -0.5930109620094299, 0.6617238521575928, 0.4587586522102356], "cam_t_m2c": [977.9033813476562, -147.76731872558594, 2677.9697265625], "obj_id": 2}, {"cam_R_m2c": [0.6401371955871582, 0.7532314658164978, 0.1512174904346466, 0.4095388650894165, -0.16803157329559326, -0.8966845870018005, -0.6500017046928406, 0.635930597782135, -0.4160408079624176], "cam_t_m2c": [-704.6461181640625, 152.45668029785156, 2975.60595703125], "obj_id": 1}, {"cam_R_m2c": [-0.5671526789665222, 0.4322337806224823, 0.7010788321495056, -0.2259170562028885, 0.7369311451911926, -0.6370980739593506, -0.7920221090316772, -0.5197176337242126, -0.32030344009399414], "cam_t_m2c": [-193.7559356689453, -347.4398498535156, 3007.175537109375], "obj_id": 1}, {"cam_R_m2c": [-0.542519748210907, 0.28593844175338745, 0.789880633354187, 0.7225907444953918, 0.6383785605430603, 0.2652082145214081, -0.428409606218338, 0.7146411538124084, -0.5529494285583496], "cam_t_m2c": [227.24107360839844, -68.45514678955078, 3647.3349609375], "obj_id": 0}, {"cam_R_m2c": [-0.19286604225635529, -0.9399582743644714, 0.2815689146518707, -0.9272573590278625, 0.26844847202301025, 0.26101553440093994, -0.32093045115470886, -0.21074582636356354, -0.9233578443527222], "cam_t_m2c": [-141.62489318847656, -758.0115356445312, 3698.58740234375], "obj_id": 0}, {"cam_R_m2c": [0.8753612041473389, 0.4726659655570984, 0.10163498669862747, 0.1725207418203354, -0.5017632842063904, 0.8476261496543884, 0.4516407549381256, -0.7244449257850647, -0.5207688212394714], "cam_t_m2c": [-117.6015396118164, -745.1563720703125, 3573.12451171875], "obj_id": 0}, {"cam_R_m2c": [-0.460305392742157, -0.1788332611322403, 0.8695616722106934, 0.8108108043670654, 0.3142029345035553, 0.49382415413856506, -0.36153098940849304, 0.9323599934577942, 0.00037067706580273807], "cam_t_m2c": [0.8276986479759216, -1.1440496444702148, 3235.999267578125], "obj_id": 2}, {"cam_R_m2c": [0.9880223870277405, 0.12337400019168854, -0.09268536418676376, -0.08135678619146347, 0.9268593192100525, 0.3664872646331787, 0.13112129271030426, -0.354557067155838, 0.9257950782775879], "cam_t_m2c": [39.44454574584961, -5.081966400146484, 2275.943603515625], "obj_id": 2}, {"cam_R_m2c": [0.32253238558769226, 0.4054678678512573, -0.8553178310394287, 0.8600672483444214, 0.25182148814201355, 0.44370052218437195, 0.395293653011322, -0.8787386417388916, -0.2675090432167053], "cam_t_m2c": [666.8414306640625, -51.61906814575195, 2550.408447265625], "obj_id": 2}, {"cam_R_m2c": [0.3259386718273163, 0.5526555180549622, -0.7670305967330933, 0.8282848000526428, 0.2241910696029663, 0.513500452041626, 0.4557502567768097, -0.8026894330978394, -0.38468363881111145], "cam_t_m2c": [-23.945768356323242, 139.26239013671875, 2061.7060546875], "obj_id": 0}, {"cam_R_m2c": [0.3724907636642456, -0.22568221390247345, 0.9001767635345459, -0.5340881943702698, 0.7411181926727295, 0.40680915117263794, -0.75894695520401, -0.6323063969612122, 0.15552547574043274], "cam_t_m2c": [745.2559814453125, 11.645391464233398, 3039.79931640625], "obj_id": 2}, {"cam_R_m2c": [0.686815619468689, 0.6624032258987427, 0.29917606711387634, -0.36594074964523315, -0.04049956798553467, 0.9297564625740051, 0.627990186214447, -0.7480519413948059, 0.2145846039056778], "cam_t_m2c": [115.21173858642578, 14.587961196899414, 3420.19189453125], "obj_id": 2}, {"cam_R_m2c": [0.581860363483429, -0.5288258194923401, 0.6178849339485168, -0.7945178747177124, -0.5318960547447205, 0.29296398162841797, 0.17372366786003113, -0.6613847017288208, -0.7296507954597473], "cam_t_m2c": [-349.9067687988281, -114.3210220336914, 3098.863037109375], "obj_id": 2}, {"cam_R_m2c": [0.6846093535423279, -0.65074223279953, 0.32839685678482056, 0.3654078543186188, 0.6962260603904724, 0.6178562641143799, -0.6307036280632019, -0.3029913902282715, 0.7144291996955872], "cam_t_m2c": [-1220.9068603515625, -323.4746398925781, 3197.6875], "obj_id": 2}, {"cam_R_m2c": [0.11141534149646759, 0.6250056028366089, -0.7726283669471741, -0.5753122568130493, -0.5933722853660583, -0.5629609823226929, -0.8103100657463074, 0.5072250366210938, 0.2934626638889313], "cam_t_m2c": [-111.60032653808594, -580.89453125, 3731.9716796875], "obj_id": 0}, {"cam_R_m2c": [-0.960323691368103, -0.22117069363594055, -0.1698869913816452, 0.2776775658130646, -0.701603889465332, -0.6562369465827942, 0.025946995243430138, -0.6773738265037537, 0.7351812124252319], "cam_t_m2c": [807.7061767578125, 288.0947265625, 3210.504150390625], "obj_id": 1}, {"cam_R_m2c": [0.17225223779678345, -0.7012617588043213, -0.6917811632156372, 0.9480602145195007, 0.30867135524749756, -0.07683633267879486, 0.2674154043197632, -0.6426149606704712, 0.7180076837539673], "cam_t_m2c": [-1003.4616088867188, -128.77008056640625, 3081.772705078125], "obj_id": 0}, {"cam_R_m2c": [-0.2604946494102478, 0.6301648616790771, -0.731460690498352, -0.005357342306524515, -0.7585489153862, -0.6515939235687256, -0.9654603600502014, -0.16581808030605316, 0.20097403228282928], "cam_t_m2c": [67.37871551513672, 137.01779174804688, 2418.170166015625], "obj_id": 2}, {"cam_R_m2c": [0.21032927930355072, -0.6913725137710571, -0.6912057995796204, 0.19829358160495758, 0.7224949598312378, -0.6623297333717346, 0.9573093056678772, 0.002245611511170864, 0.28905659914016724], "cam_t_m2c": [-192.81591796875, 190.95164489746094, 2323.677490234375], "obj_id": 1}, {"cam_R_m2c": [-0.43326422572135925, 0.15377387404441833, 0.8880516290664673, -0.4871426224708557, -0.8689581155776978, -0.0872003510594368, 0.7582705020904541, -0.47038862109184265, 0.45139825344085693], "cam_t_m2c": [154.43704223632812, -265.1432800292969, 2721.514892578125], "obj_id": 0}, {"cam_R_m2c": [-0.8439643979072571, -0.39294418692588806, -0.36512866616249084, -0.11598746478557587, 0.7982861995697021, -0.5910043120384216, 0.5237088799476624, -0.45643624663352966, -0.719301700592041], "cam_t_m2c": [897.4429931640625, 54.10586166381836, 2796.60791015625], "obj_id": 1}, {"cam_R_m2c": [-0.02564745582640171, -0.959784209728241, 0.2795649766921997, -0.09904775023460388, 0.28072062134742737, 0.9546651244163513, -0.9947521686553955, -0.0032055838964879513, -0.10226425528526306], "cam_t_m2c": [-454.42303466796875, 147.71063232421875, 3357.10546875], "obj_id": 0}, {"cam_R_m2c": [0.27430254220962524, 0.7311016321182251, 0.6246985793113708, -0.04750622436404228, 0.6591247320175171, -0.7505316138267517, -0.9604692459106445, 0.17619560658931732, 0.21553149819374084], "cam_t_m2c": [-556.760498046875, 372.40008544921875, 2537.21826171875], "obj_id": 2}, {"cam_R_m2c": [0.7143886089324951, 0.46247005462646484, 0.5251384973526001, 0.6996049284934998, -0.4872887432575226, -0.5225924253463745, 0.01421069074422121, 0.7407235503196716, -0.6716598272323608], "cam_t_m2c": [-175.84335327148438, 189.3204345703125, 3002.096923828125], "obj_id": 2}, {"cam_R_m2c": [-0.6604289412498474, -0.6567419171333313, -0.36403802037239075, -0.6972490549087524, 0.3564154803752899, 0.6219419240951538, -0.27870652079582214, 0.664573609828949, -0.6932997703552246], "cam_t_m2c": [-447.8597412109375, 144.5623779296875, 2825.26416015625], "obj_id": 0}, {"cam_R_m2c": [0.584774374961853, 0.7621688842773438, -0.27773645520210266, 0.5492104887962341, -0.12001294642686844, 0.8270215392112732, 0.5969980955123901, -0.6361567378044128, -0.4887716472148895], "cam_t_m2c": [-294.0435791015625, -420.7039489746094, 3267.0068359375], "obj_id": 0}, {"cam_R_m2c": [0.3882824778556824, 0.7730968594551086, 0.5015556216239929, -0.39282986521720886, 0.63118577003479, -0.6687968373298645, -0.8336194753646851, 0.06265608221292496, 0.5487738847732544], "cam_t_m2c": [387.9996643066406, 93.73613739013672, 2576.791259765625], "obj_id": 0}, {"cam_R_m2c": [-0.5656229853630066, -0.8216063380241394, -0.07094872742891312, -0.5984559655189514, 0.34975653886795044, 0.7207779288291931, -0.5673809051513672, 0.45014822483062744, -0.6895255446434021], "cam_t_m2c": [-529.603515625, -457.15167236328125, 3320.4228515625], "obj_id": 2}, {"cam_R_m2c": [0.8547160625457764, -0.5190924406051636, -0.0018818964017555118, 0.277264267206192, 0.45959073305130005, -0.8437421917915344, 0.43884506821632385, 0.7206382155418396, 0.5367453694343567], "cam_t_m2c": [-37.14470291137695, -444.1429138183594, 3741.938232421875], "obj_id": 0}, {"cam_R_m2c": [0.675335168838501, 0.6946180462837219, -0.24784697592258453, 0.145604208111763, -0.4550189971923828, -0.8784970045089722, -0.7229950428009033, 0.557192325592041, -0.4084296226501465], "cam_t_m2c": [205.39529418945312, -401.95452880859375, 3407.387451171875], "obj_id": 1}, {"cam_R_m2c": [-0.3264676332473755, -0.06271877884864807, -0.9431251287460327, -0.20338788628578186, 0.9790839552879333, 0.005293709691613913, 0.9230666756629944, 0.19354847073554993, -0.33239543437957764], "cam_t_m2c": [606.438232421875, -621.9713134765625, 3416.232177734375], "obj_id": 2}, {"cam_R_m2c": [0.8087056279182434, 0.019012916833162308, -0.5879061818122864, 0.5659331679344177, -0.297626793384552, 0.7688548564910889, -0.1603585034608841, -0.9544928669929504, -0.2514525055885315], "cam_t_m2c": [-486.2826232910156, 697.9805297851562, 2409.869384765625], "obj_id": 0}, {"cam_R_m2c": [-0.29125234484672546, -0.913317084312439, 0.2846468985080719, 0.7027697563171387, -0.002388821914792061, 0.7114132642745972, -0.6490659713745117, 0.407242089509964, 0.6425474882125854], "cam_t_m2c": [187.65335083007812, -620.3286743164062, 3577.265380859375], "obj_id": 0}, {"cam_R_m2c": [-0.012764781713485718, 0.8494551181793213, -0.5275064706802368, -0.8423746824264526, -0.29337120056152344, -0.4520379304885864, -0.5387411117553711, 0.4385879337787628, 0.7193042635917664], "cam_t_m2c": [48.377079010009766, 299.2321472167969, 2855.615478515625], "obj_id": 0}, {"cam_R_m2c": [-0.9984239339828491, -0.05525698885321617, -0.00981156900525093, -0.009074751287698746, -0.013569545932114124, 0.9998667240142822, -0.05538276582956314, 0.9983799457550049, 0.013046737760305405], "cam_t_m2c": [-270.3515625, -356.33740234375, 3686.1259765625], "obj_id": 2}, {"cam_R_m2c": [0.9639433026313782, 0.2597883641719818, -0.057648174464702606, -0.24385501444339752, 0.7756364345550537, -0.5821707844734192, -0.1065271720290184, 0.5752374529838562, 0.8110202550888062], "cam_t_m2c": [-348.6111145019531, 32.0307502746582, 3141.474609375], "obj_id": 2}, {"cam_R_m2c": [0.45544862747192383, -0.17385484278202057, 0.873121440410614, 0.5062149167060852, -0.7561931014060974, -0.4146304428577423, 0.7323339581489563, 0.630829930305481, -0.2563991844654083], "cam_t_m2c": [-557.4222412109375, -306.7340087890625, 3718.746337890625], "obj_id": 0}, {"cam_R_m2c": [0.8051259517669678, -0.5332923531532288, -0.2595602869987488, -0.08256743103265762, -0.5341494679450989, 0.8413483500480652, -0.5873286128044128, -0.6559601426124573, -0.47409018874168396], "cam_t_m2c": [-618.3099365234375, 203.9063262939453, 3022.93408203125], "obj_id": 2}, {"cam_R_m2c": [0.015848053619265556, 0.9983962178230286, -0.054346874356269836, -0.18676312267780304, -0.0504411980509758, -0.981109082698822, -0.9822770357131958, 0.025698568671941757, 0.1856643259525299], "cam_t_m2c": [164.239501953125, -454.9062194824219, 3184.634521484375], "obj_id": 0}, {"cam_R_m2c": [0.7131116986274719, -0.28256675601005554, 0.6415821313858032, -0.5399132370948792, -0.8051181435585022, 0.2455161064863205, 0.4471748173236847, -0.5214791297912598, -0.7267006635665894], "cam_t_m2c": [-442.3188781738281, -141.228271484375, 2906.23046875], "obj_id": 1}, {"cam_R_m2c": [-0.459970086812973, -0.24606788158416748, 0.8531577587127686, -0.7806544899940491, 0.5698950886726379, -0.2565115690231323, -0.4230911433696747, -0.7840090990066528, -0.4542286694049835], "cam_t_m2c": [830.1494140625, 117.01830291748047, 2685.16748046875], "obj_id": 1}, {"cam_R_m2c": [-0.7405837774276733, -0.1940661519765854, -0.6433302760124207, -0.6460675597190857, 0.4688645303249359, 0.602297842502594, 0.18474911153316498, 0.8616869449615479, -0.47261327505111694], "cam_t_m2c": [596.5401611328125, -446.96197509765625, 3133.9638671875], "obj_id": 1}, {"cam_R_m2c": [0.4114842414855957, -0.6643783450126648, 0.6239247918128967, 0.7259848117828369, 0.6527992486953735, 0.2163311392068863, -0.5510233640670776, 0.36394307017326355, 0.7509452104568481], "cam_t_m2c": [280.0587463378906, 172.84567260742188, 2732.28759765625], "obj_id": 2}, {"cam_R_m2c": [-0.5836631059646606, -0.8105639219284058, -0.04819884151220322, 0.356610506772995, -0.3092075288295746, 0.8816004395484924, -0.7294970154762268, 0.4973696172237396, 0.4695289433002472], "cam_t_m2c": [-146.61956787109375, -558.9495849609375, 3580.134033203125], "obj_id": 2}, {"cam_R_m2c": [0.3361077308654785, 0.7754729390144348, 0.5344842076301575, 0.43188807368278503, -0.6312187314033508, 0.6442325711250305, 0.8369613289833069, 0.01430581696331501, -0.5470750331878662], "cam_t_m2c": [21.2996826171875, -492.4708557128906, 3948.71533203125], "obj_id": 2}, {"cam_R_m2c": [-0.574105441570282, 0.7632189989089966, 0.29647883772850037, -0.043783172965049744, 0.33296340703964233, -0.9419227242469788, -0.8176099061965942, -0.5537437200546265, -0.15773993730545044], "cam_t_m2c": [-154.57235717773438, 84.2174301147461, 2311.772216796875], "obj_id": 2}, {"cam_R_m2c": [0.3733605146408081, 0.7990734577178955, -0.47125735878944397, 0.011862030252814293, 0.5038384795188904, 0.8637164235115051, 0.927610456943512, -0.32806769013404846, 0.17863476276397705], "cam_t_m2c": [-99.15327453613281, -16.962438583374023, 1989.5882568359375], "obj_id": 0}, {"cam_R_m2c": [-0.6108468174934387, 0.7876052856445312, 0.08089469373226166, 0.26623478531837463, 0.10810700058937073, 0.9578266143798828, 0.7456440329551697, 0.6066223978996277, -0.2757246792316437], "cam_t_m2c": [84.23849487304688, -650.3098754882812, 3442.692138671875], "obj_id": 2}, {"cam_R_m2c": [-0.20561380684375763, 0.9289951920509338, -0.3077189326286316, 0.46269580721855164, 0.3693560063838959, 0.8059086799621582, 0.8623431324958801, 0.023325659334659576, -0.5057868957519531], "cam_t_m2c": [843.4863891601562, -227.89016723632812, 2730.40478515625], "obj_id": 1}, {"cam_R_m2c": [-0.09657737612724304, 0.5682923197746277, 0.8171392679214478, 0.3972786068916321, -0.7307343482971191, 0.5551548600196838, 0.9126020073890686, 0.37824738025665283, -0.15519793331623077], "cam_t_m2c": [331.75, -91.85589599609375, 3708.463623046875], "obj_id": 1}, {"cam_R_m2c": [-0.3155289590358734, -0.35611772537231445, -0.8795576095581055, -0.9481920599937439, 0.08212710916996002, 0.306898832321167, -0.03705662116408348, 0.9308250546455383, -0.36358144879341125], "cam_t_m2c": [-1096.2579345703125, 160.3629150390625, 3086.69921875], "obj_id": 0}, {"cam_R_m2c": [0.5011060237884521, 0.8653263449668884, 0.010151109658181667, 0.6694706678390503, -0.3950665593147278, 0.6290717720985413, 0.5483627915382385, -0.3084357678890228, -0.7772808074951172], "cam_t_m2c": [164.49681091308594, -364.7090148925781, 3893.59033203125], "obj_id": 0}, {"cam_R_m2c": [-0.18820159137248993, 0.09686941653490067, -0.9773415327072144, 0.7867758274078369, -0.580753743648529, -0.20906685292720795, -0.5878469347953796, -0.8082954287528992, 0.033084239810705185], "cam_t_m2c": [-194.18397521972656, 623.01123046875, 2183.9208984375], "obj_id": 1}, {"cam_R_m2c": [0.8398444652557373, -0.540357232093811, 0.05172352120280266, -0.31852346658706665, -0.4134102165699005, 0.8530150651931763, -0.43954983353614807, -0.7328751087188721, -0.5193167328834534], "cam_t_m2c": [-848.1541137695312, 192.03285217285156, 3259.61181640625], "obj_id": 1}, {"cam_R_m2c": [0.5544801950454712, -0.7839832901954651, 0.2791449725627899, -0.7559852004051208, -0.6147485375404358, -0.22487889230251312, 0.3479052782058716, -0.0863385945558548, -0.9335455894470215], "cam_t_m2c": [686.225341796875, -384.73675537109375, 3237.168212890625], "obj_id": 2}, {"cam_R_m2c": [0.061624396592378616, -0.7059779167175293, 0.7055477499961853, -0.8820033669471741, -0.36940428614616394, -0.29259294271469116, 0.4671964943408966, -0.6042646169662476, -0.6454392075538635], "cam_t_m2c": [276.21429443359375, 233.22940063476562, 2957.8603515625], "obj_id": 1}, {"cam_R_m2c": [0.2153802365064621, 0.890338659286499, 0.40113377571105957, 0.9519543647766113, -0.09985234588384628, -0.2895033061504364, -0.21770182251930237, 0.4442143440246582, -0.8690679669380188], "cam_t_m2c": [162.37786865234375, -169.25132751464844, 3889.48046875], "obj_id": 1}, {"cam_R_m2c": [-0.504218339920044, -0.8084336519241333, 0.30364271998405457, 0.6960254907608032, -0.17230728268623352, 0.6970356702804565, -0.5111872553825378, 0.5628012418746948, 0.649570882320404], "cam_t_m2c": [-638.0029296875, 561.70361328125, 2567.772705078125], "obj_id": 2}, {"cam_R_m2c": [0.24089838564395905, -0.4106197953224182, -0.8794084787368774, -0.7766860723495483, -0.6249104738235474, 0.07902839034795761, -0.5820022821426392, 0.6639865636825562, -0.4694625735282898], "cam_t_m2c": [-301.14154052734375, -292.7108459472656, 2614.699462890625], "obj_id": 1}, {"cam_R_m2c": [-0.48769664764404297, -0.8276340365409851, -0.27780210971832275, -0.5695377588272095, 0.060457199811935425, 0.8197388052940369, -0.6616485714912415, 0.5580025911331177, -0.5008536577224731], "cam_t_m2c": [3.9798808097839355, 320.89935302734375, 2061.73974609375], "obj_id": 0}, {"cam_R_m2c": [-0.5892797708511353, -0.5002944469451904, 0.6343931555747986, -0.7331166863441467, 0.6611055731773376, -0.15962253510951996, -0.33954253792762756, -0.5591465830802917, -0.7563503384590149], "cam_t_m2c": [518.7886352539062, -599.1039428710938, 3172.765380859375], "obj_id": 0}, {"cam_R_m2c": [-0.6746155023574829, -0.4768145680427551, 0.5635084509849548, -0.7178489565849304, 0.601651132106781, -0.3502981960773468, -0.1720082014799118, -0.6408305764198303, -0.7481639981269836], "cam_t_m2c": [-224.7362060546875, -514.10546875, 3246.82568359375], "obj_id": 1}, {"cam_R_m2c": [-0.5043402314186096, -0.38311105966567993, -0.7738646864891052, -0.6595265865325928, -0.40756756067276, 0.6315956115722656, -0.557373583316803, 0.8289235830307007, -0.04711899533867836], "cam_t_m2c": [-861.4987182617188, -389.6797180175781, 3338.037841796875], "obj_id": 2}, {"cam_R_m2c": [0.734788179397583, -0.3240351676940918, -0.5958921909332275, -0.039875973016023636, -0.8976292014122009, 0.4389435946941376, -0.677123486995697, -0.2987687885761261, -0.6724885106086731], "cam_t_m2c": [1039.4681396484375, -105.96224975585938, 3006.786376953125], "obj_id": 0}, {"cam_R_m2c": [-0.8921626806259155, 0.1856408417224884, 0.41180458664894104, 0.08801762014627457, 0.9656180143356323, -0.24461138248443604, -0.44305580854415894, -0.18198710680007935, -0.8778280019760132], "cam_t_m2c": [473.35980224609375, -53.16691970825195, 2944.205810546875], "obj_id": 0}, {"cam_R_m2c": [-0.08365069329738617, 0.7473413944244385, 0.659153401851654, 0.5324211120605469, -0.5256220698356628, 0.663512647151947, 0.8423361778259277, 0.4064505398273468, -0.35393157601356506], "cam_t_m2c": [305.50140380859375, -135.21559143066406, 2786.8935546875], "obj_id": 1}, {"cam_R_m2c": [0.8260870575904846, -0.5319750905036926, -0.18596431612968445, -0.18440259993076324, -0.5669955015182495, 0.8028148412704468, -0.5325184464454651, -0.6289026141166687, -0.5664851665496826], "cam_t_m2c": [-1246.99658203125, 243.29335021972656, 3314.8828125], "obj_id": 0}, {"cam_R_m2c": [-0.17999278008937836, 0.9433231949806213, 0.2788255512714386, 0.9033682942390442, 0.2706914246082306, -0.3326435387134552, -0.38926607370376587, 0.19200870394706726, -0.9008907675743103], "cam_t_m2c": [-531.6295166015625, 96.3611831665039, 2848.212646484375], "obj_id": 0}, {"cam_R_m2c": [0.38568422198295593, 0.23876914381980896, 0.8911997675895691, -0.2684077024459839, -0.8951186537742615, 0.3559778034687042, 0.8827259540557861, -0.3764999210834503, -0.28114575147628784], "cam_t_m2c": [-798.9179077148438, 225.2381134033203, 3200.2509765625], "obj_id": 1}, {"cam_R_m2c": [-0.010403105057775974, -0.0731550008058548, -0.9972662925720215, 0.8088610768318176, -0.5869796276092529, 0.03462044522166252, -0.5879077315330505, -0.8062897324562073, 0.06527870148420334], "cam_t_m2c": [343.0390319824219, -30.1473331451416, 2513.4833984375], "obj_id": 1}, {"cam_R_m2c": [0.271022230386734, -0.38626593351364136, 0.8816720247268677, -0.9558960199356079, -0.0003041332820430398, 0.2937051057815552, -0.11318012326955795, -0.922387421131134, -0.36931249499320984], "cam_t_m2c": [306.00421142578125, -8.193294525146484, 3362.560791015625], "obj_id": 1}, {"cam_R_m2c": [0.4452337920665741, 0.6249299645423889, 0.641271710395813, 0.7934650778770447, -0.6072421669960022, 0.04086623340845108, 0.4149457812309265, 0.49063172936439514, -0.7662248611450195], "cam_t_m2c": [-352.1347351074219, 123.30425262451172, 2823.829833984375], "obj_id": 1}, {"cam_R_m2c": [-0.4707857668399811, -0.2220325469970703, -0.8538513779640198, -0.7717093825340271, 0.5726869702339172, 0.27657589316368103, 0.42758065462112427, 0.7891331911087036, -0.4409574270248413], "cam_t_m2c": [-567.5078735351562, -193.61207580566406, 3431.501220703125], "obj_id": 2}, {"cam_R_m2c": [-0.5758659839630127, 0.5627911686897278, -0.5929962396621704, 0.7454842925071716, 0.6592357754707336, -0.09829223901033401, 0.3356063663959503, -0.4986725151538849, -0.7991834282875061], "cam_t_m2c": [-176.8614959716797, 290.4874572753906, 2584.03173828125], "obj_id": 2}, {"cam_R_m2c": [-0.19454431533813477, 0.49510231614112854, 0.8467739820480347, 0.12211909890174866, 0.8687766194343567, -0.4799105226993561, -0.9732622504234314, 0.010043417103588581, -0.22947700321674347], "cam_t_m2c": [-547.688232421875, -103.45913696289062, 2634.023681640625], "obj_id": 1}, {"cam_R_m2c": [-0.7915759086608887, -0.35772407054901123, -0.4954197406768799, 0.4650178849697113, 0.173343226313591, -0.8681648969650269, 0.39644113183021545, -0.9175976514816284, 0.029133914038538933], "cam_t_m2c": [-280.56134033203125, 138.94485473632812, 3110.347412109375], "obj_id": 0}, {"cam_R_m2c": [-0.5384398698806763, -0.5824710726737976, -0.6089414954185486, 0.03972193971276283, 0.7042912244796753, -0.7087990045547485, 0.841727077960968, -0.40583404898643494, -0.3560815453529358], "cam_t_m2c": [362.90264892578125, 494.1067199707031, 2860.962646484375], "obj_id": 0}, {"cam_R_m2c": [0.8377116322517395, -0.4886024594306946, 0.24394020438194275, 0.5098564624786377, 0.859777569770813, -0.028791019693017006, -0.19566695392131805, 0.14849306643009186, 0.9693627953529358], "cam_t_m2c": [249.20452880859375, -247.39401245117188, 3523.002197265625], "obj_id": 0}, {"cam_R_m2c": [0.41477516293525696, 0.761040985584259, 0.49877655506134033, 0.6823390126228333, 0.10249725729227066, -0.7238146662712097, -0.6019758582115173, 0.6405550241470337, -0.4767746329307556], "cam_t_m2c": [-75.747314453125, -245.23068237304688, 3870.112548828125], "obj_id": 2}, {"cam_R_m2c": [0.48333442211151123, -0.5981255769729614, 0.639244556427002, 0.4987083077430725, 0.7882553935050964, 0.3604767322540283, -0.719498336315155, 0.14456577599048615, 0.6792811751365662], "cam_t_m2c": [-443.8010559082031, 205.97515869140625, 3486.63330078125], "obj_id": 1}, {"cam_R_m2c": [0.3241157829761505, 0.9139561653137207, 0.24419881403446198, 0.8757922053337097, -0.19228817522525787, -0.44273385405540466, -0.3576827943325043, 0.3573644459247589, -0.8627592921257019], "cam_t_m2c": [356.16461181640625, -722.17822265625, 3642.414306640625], "obj_id": 1}, {"cam_R_m2c": [0.1663559228181839, -0.3178098499774933, -0.9334465861320496, 0.07547014951705933, 0.9479641914367676, -0.30930259823799133, 0.9831733703613281, -0.01899305358529091, 0.18168461322784424], "cam_t_m2c": [180.83621215820312, 602.6898803710938, 2627.741943359375], "obj_id": 2}, {"cam_R_m2c": [-0.7812503576278687, -0.17590521275997162, 0.5989197492599487, -0.5656644105911255, -0.20621122419834137, -0.7984362840652466, 0.26395314931869507, -0.9625663757324219, 0.06159946322441101], "cam_t_m2c": [-29.7652645111084, -668.36083984375, 3847.604248046875], "obj_id": 1}, {"cam_R_m2c": [-0.837638795375824, 0.010659069754183292, 0.5461205244064331, 0.029088934883475304, 0.9992613196372986, 0.02511318400502205, -0.545449435710907, 0.03692184016108513, -0.8373301029205322], "cam_t_m2c": [-555.0537109375, 514.1521606445312, 2429.58642578125], "obj_id": 2}, {"cam_R_m2c": [0.604694664478302, 0.7237046360969543, -0.3325597047805786, 0.7940269112586975, -0.5151867866516113, 0.32265105843544006, 0.062173690646886826, -0.4591667354106903, -0.8861716389656067], "cam_t_m2c": [53.33794021606445, 86.13220977783203, 3424.244873046875], "obj_id": 2}, {"cam_R_m2c": [-0.11906339973211288, 0.9918110966682434, 0.046201031655073166, 0.00862844567745924, 0.047563884407281876, -0.9988309144973755, -0.9928491115570068, -0.11852560192346573, -0.01422086451202631], "cam_t_m2c": [1094.9874267578125, -137.38026428222656, 2927.774658203125], "obj_id": 1}, {"cam_R_m2c": [0.7099655270576477, -0.6153969168663025, 0.3423968255519867, -0.5906363725662231, -0.25553998351097107, 0.765407145023346, -0.3835331201553345, -0.7456446886062622, -0.5449003577232361], "cam_t_m2c": [-228.85055541992188, 217.46839904785156, 2135.871826171875], "obj_id": 1}, {"cam_R_m2c": [0.984581708908081, 0.032286349684000015, 0.17191991209983826, 0.10132677853107452, -0.906406044960022, -0.4100743532180786, 0.14258943498134613, 0.42117181420326233, -0.8957022428512573], "cam_t_m2c": [253.00157165527344, 210.40924072265625, 2861.90283203125], "obj_id": 1}, {"cam_R_m2c": [0.8888565301895142, -0.30937328934669495, 0.33796775341033936, -0.4295714497566223, -0.30610308051109314, 0.8495699763298035, -0.15938127040863037, -0.9003270864486694, -0.4049796462059021], "cam_t_m2c": [695.0218505859375, 451.7902526855469, 2938.093505859375], "obj_id": 1}, {"cam_R_m2c": [-0.6587957739830017, -0.7419900298118591, 0.12425388395786285, 0.05109502002596855, 0.12065056711435318, 0.9913792610168457, -0.7505847811698914, 0.6594651937484741, -0.04157213866710663], "cam_t_m2c": [-312.1195373535156, -219.5276641845703, 3902.046630859375], "obj_id": 1}, {"cam_R_m2c": [0.277961790561676, 0.9530478715896606, -0.12015368789434433, 0.5456913709640503, -0.25960391759872437, -0.796760082244873, -0.7905429601669312, 0.15590201318264008, -0.592229962348938], "cam_t_m2c": [23.259735107421875, 396.15142822265625, 2759.886962890625], "obj_id": 2}, {"cam_R_m2c": [-0.8846655488014221, 0.4401998221874237, -0.15359316766262054, 0.44668659567832947, 0.7059007883071899, -0.5497046113014221, -0.13355834782123566, -0.554912805557251, -0.8211174607276917], "cam_t_m2c": [-273.7480773925781, -705.9849243164062, 3627.9375], "obj_id": 0}, {"cam_R_m2c": [0.965968132019043, -0.1397441178560257, -0.21766304969787598, -0.17149455845355988, 0.2839495539665222, -0.9433781504631042, 0.19363686442375183, 0.948601245880127, 0.2503208518028259], "cam_t_m2c": [188.7252655029297, -56.93832015991211, 2044.53369140625], "obj_id": 1}, {"cam_R_m2c": [-0.3770093619823456, -0.8868533968925476, -0.26712343096733093, -0.9242112636566162, 0.37914490699768066, 0.04563593491911888, 0.060806091874837875, 0.2640836536884308, -0.9625810384750366], "cam_t_m2c": [-346.62451171875, -34.172027587890625, 1957.143798828125], "obj_id": 0}, {"cam_R_m2c": [0.8034242987632751, 0.18165865540504456, -0.5670180916786194, 0.544302761554718, 0.16192077100276947, 0.8231136202812195, 0.24133770167827606, -0.9699389934539795, 0.031213780865073204], "cam_t_m2c": [-893.3338012695312, -335.0820007324219, 3089.877197265625], "obj_id": 0}]
}