{
  "0": [{"cam_R_m2c": [-0.27095675468444824, -0.88123619556427, -0.38730522990226746, -0.4901709258556366, 0.47259804606437683, -0.7323821187019348, 0.828441321849823, -0.0085980836302042, -0.5600100159645081], "cam_t_m2c": [318.3576354980469, -187.90792846679688, 266.3896484375], "obj_id": 1}, {"cam_R_m2c": [-0.27095675468444824, -0.88123619556427, -0.38730522990226746, -0.4901709258556366, 0.47259804606437683, -0.7323821187019348, 0.828441321849823, -0.0085980836302042, -0.5600100159645081], "cam_t_m2c": [318.3576354980469, -187.90792846679688, 266.3896484375], "obj_id": 2}, {"cam_R_m2c": [-0.27095675468444824, -0.88123619556427, -0.38730522990226746, -0.4901709258556366, 0.47259804606437683, -0.7323821187019348, 0.828441321849823, -0.0085980836302042, -0.5600100159645081], "cam_t_m2c": [318.3576354980469, -187.90792846679688, 266.3896484375], "obj_id": 3}, {"cam_R_m2c": [-0.27095675468444824, -0.88123619556427, -0.38730522990226746, -0.4901709258556366, 0.47259804606437683, -0.7323821187019348, 0.828441321849823, -0.0085980836302042, -0.5600100159645081], "cam_t_m2c": [318.3576354980469, -187.90792846679688, 266.3896484375], "obj_id": 0}, {"cam_R_m2c": [-0.27095675468444824, -0.88123619556427, -0.38730522990226746, -0.4901709258556366, 0.47259804606437683, -0.7323821187019348, 0.828441321849823, -0.0085980836302042, -0.5600100159645081], "cam_t_m2c": [318.3576354980469, -187.90792846679688, 266.3896484375], "obj_id": 2}, {"cam_R_m2c": [-0.27095675468444824, -0.88123619556427, -0.38730522990226746, -0.4901709258556366, 0.47259804606437683, -0.7323821187019348, 0.828441321849823, -0.0085980836302042, -0.5600100159645081], "cam_t_m2c": [318.3576354980469, -187.90792846679688, 266.3896484375], "obj_id": 3}, {"cam_R_m2c": [-0.27095675468444824, -0.88123619556427, -0.38730522990226746, -0.4901709258556366, 0.47259804606437683, -0.7323821187019348, 0.828441321849823, -0.0085980836302042, -0.5600100159645081], "cam_t_m2c": [318.3576354980469, -187.90792846679688, 266.3896484375], "obj_id": 0}, {"cam_R_m2c": [-0.27095675468444824, -0.88123619556427, -0.38730522990226746, -0.4901709258556366, 0.47259804606437683, -0.7323821187019348, 0.828441321849823, -0.0085980836302042, -0.5600100159645081], "cam_t_m2c": [318.3576354980469, -187.90792846679688, 266.3896484375], "obj_id": 1}, {"cam_R_m2c": [-0.27095675468444824, -0.88123619556427, -0.38730522990226746, -0.4901709258556366, 0.47259804606437683, -0.7323821187019348, 0.828441321849823, -0.0085980836302042, -0.5600100159645081], "cam_t_m2c": [318.3576354980469, -187.90792846679688, 266.3896484375], "obj_id": 0}, {"cam_R_m2c": [-0.27095675468444824, -0.88123619556427, -0.38730522990226746, -0.4901709258556366, 0.47259804606437683, -0.7323821187019348, 0.828441321849823, -0.0085980836302042, -0.5600100159645081], "cam_t_m2c": [318.3576354980469, -187.90792846679688, 266.3896484375], "obj_id": 3}, {"cam_R_m2c": [-0.27095675468444824, -0.88123619556427, -0.38730522990226746, -0.4901709258556366, 0.47259804606437683, -0.7323821187019348, 0.828441321849823, -0.0085980836302042, -0.5600100159645081], "cam_t_m2c": [318.3576354980469, -187.90792846679688, 266.3896484375], "obj_id": 3}, {"cam_R_m2c": [-0.27095675468444824, -0.88123619556427, -0.38730522990226746, -0.4901709258556366, 0.47259804606437683, -0.7323821187019348, 0.828441321849823, -0.0085980836302042, -0.5600100159645081], "cam_t_m2c": [318.3576354980469, -187.90792846679688, 266.3896484375], "obj_id": 2}, {"cam_R_m2c": [-0.27095675468444824, -0.88123619556427, -0.38730522990226746, -0.4901709258556366, 0.47259804606437683, -0.7323821187019348, 0.828441321849823, -0.0085980836302042, -0.5600100159645081], "cam_t_m2c": [318.3576354980469, -187.90792846679688, 266.3896484375], "obj_id": 3}, {"cam_R_m2c": [-0.27095675468444824, -0.88123619556427, -0.38730522990226746, -0.4901709258556366, 0.47259804606437683, -0.7323821187019348, 0.828441321849823, -0.0085980836302042, -0.5600100159645081], "cam_t_m2c": [318.3576354980469, -187.90792846679688, 266.3896484375], "obj_id": 0}, {"cam_R_m2c": [-0.27095675468444824, -0.88123619556427, -0.38730522990226746, -0.4901709258556366, 0.47259804606437683, -0.7323821187019348, 0.828441321849823, -0.0085980836302042, -0.5600100159645081], "cam_t_m2c": [318.3576354980469, -187.90792846679688, 266.3896484375], "obj_id": 2}, {"cam_R_m2c": [-0.27095675468444824, -0.88123619556427, -0.38730522990226746, -0.4901709258556366, 0.47259804606437683, -0.7323821187019348, 0.828441321849823, -0.0085980836302042, -0.5600100159645081], "cam_t_m2c": [318.3576354980469, -187.90792846679688, 266.3896484375], "obj_id": 0}, {"cam_R_m2c": [-0.27095675468444824, -0.88123619556427, -0.38730522990226746, -0.4901709258556366, 0.47259804606437683, -0.7323821187019348, 0.828441321849823, -0.0085980836302042, -0.5600100159645081], "cam_t_m2c": [318.3576354980469, -187.90792846679688, 266.3896484375], "obj_id": 3}, {"cam_R_m2c": [-0.27095675468444824, -0.88123619556427, -0.38730522990226746, -0.4901709258556366, 0.47259804606437683, -0.7323821187019348, 0.828441321849823, -0.0085980836302042, -0.5600100159645081], "cam_t_m2c": [318.3576354980469, -187.90792846679688, 266.3896484375], "obj_id": 3}, {"cam_R_m2c": [-0.27095675468444824, -0.88123619556427, -0.38730522990226746, -0.4901709258556366, 0.47259804606437683, -0.7323821187019348, 0.828441321849823, -0.0085980836302042, -0.5600100159645081], "cam_t_m2c": [318.3576354980469, -187.90792846679688, 266.3896484375], "obj_id": 1}, {"cam_R_m2c": [-0.27095675468444824, -0.88123619556427, -0.38730522990226746, -0.4901709258556366, 0.47259804606437683, -0.7323821187019348, 0.828441321849823, -0.0085980836302042, -0.5600100159645081], "cam_t_m2c": [318.3576354980469, -187.90792846679688, 266.3896484375], "obj_id": 2}, {"cam_R_m2c": [-0.27095675468444824, -0.88123619556427, -0.38730522990226746, -0.4901709258556366, 0.47259804606437683, -0.7323821187019348, 0.828441321849823, -0.0085980836302042, -0.5600100159645081], "cam_t_m2c": [318.3576354980469, -187.90792846679688, 266.3896484375], "obj_id": 0}, {"cam_R_m2c": [-0.27095675468444824, -0.88123619556427, -0.38730522990226746, -0.4901709258556366, 0.47259804606437683, -0.7323821187019348, 0.828441321849823, -0.0085980836302042, -0.5600100159645081], "cam_t_m2c": [318.3576354980469, -187.90792846679688, 266.3896484375], "obj_id": 2}, {"cam_R_m2c": [-0.27095675468444824, -0.88123619556427, -0.38730522990226746, -0.4901709258556366, 0.47259804606437683, -0.7323821187019348, 0.828441321849823, -0.0085980836302042, -0.5600100159645081], "cam_t_m2c": [318.3576354980469, -187.90792846679688, 266.3896484375], "obj_id": 1}, {"cam_R_m2c": [-0.27095675468444824, -0.88123619556427, -0.38730522990226746, -0.4901709258556366, 0.47259804606437683, -0.7323821187019348, 0.828441321849823, -0.0085980836302042, -0.5600100159645081], "cam_t_m2c": [318.3576354980469, -187.90792846679688, 266.3896484375], "obj_id": 2}, {"cam_R_m2c": [0.8098605275154114, -0.11906945705413818, 0.5744113326072693, 0.3870313763618469, -0.6273792386054993, -0.6757233142852783, 0.4408317506313324, 0.7695568203926086, -0.4620060622692108], "cam_t_m2c": [362.1548156738281, -325.86749267578125, 354.1120300292969], "obj_id": 1}, {"cam_R_m2c": [-0.18342190980911255, -0.916349470615387, 0.35589346289634705, 0.3362913727760315, 0.28170105814933777, 0.8986393213272095, -0.9237232208251953, 0.28451400995254517, 0.25649023056030273], "cam_t_m2c": [218.5840606689453, -240.90249633789062, 333.5904235839844], "obj_id": 3}, {"cam_R_m2c": [-0.006196354515850544, 0.8300005793571472, -0.5577282309532166, 0.9189754724502563, -0.2151755541563034, -0.33042973279953003, -0.394266277551651, -0.5145859718322754, -0.7614169120788574], "cam_t_m2c": [595.4945068359375, -281.9106750488281, 97.62267303466797], "obj_id": 1}, {"cam_R_m2c": [-0.21296244859695435, -0.6614789962768555, -0.719091534614563, -0.15768732130527496, 0.7495951652526855, -0.6428388357162476, 0.9642519354820251, -0.023508891463279724, -0.2639424800872803], "cam_t_m2c": [161.8203887939453, -216.0089569091797, 369.9914855957031], "obj_id": 3}, {"cam_R_m2c": [0.3183937966823578, -0.3467123806476593, -0.8822788000106812, 0.9478092789649963, 0.1329459249973297, 0.28979796171188354, 0.016818806529045105, -0.9285019636154175, 0.37094640731811523], "cam_t_m2c": [81.18955993652344, -329.1048889160156, 552.0134887695312], "obj_id": 0}, {"cam_R_m2c": [-0.5044773817062378, 0.08390683680772781, -0.8593382239341736, 0.14496906101703644, -0.9729068875312805, -0.18010039627552032, -0.8511677384376526, -0.21543404459953308, 0.4786456227302551], "cam_t_m2c": [3447.69580078125, 5623.73974609375, 4741.34228515625], "obj_id": 1}, {"cam_R_m2c": [0.5172576308250427, 0.23862139880657196, 0.8218907117843628, 0.8185914158821106, -0.41814491152763367, -0.3937801420688629, 0.24970510601997375, 0.8764784932136536, -0.4116220474243164], "cam_t_m2c": [377.93206787109375, -160.7376708984375, 206.6212615966797], "obj_id": 2}, {"cam_R_m2c": [-0.3905061185359955, 0.33866623044013977, 0.85604327917099, -0.7398355603218079, 0.4379276633262634, -0.5107471346855164, -0.5478578209877014, -0.832781195640564, 0.07954391837120056], "cam_t_m2c": [416.7124938964844, -45.46593475341797, 24.892364501953125], "obj_id": 0}]
}