{
  "0": [{"cam_R_m2c": [-0.7196789979934692, 0.6943067908287048, 0.0003462641325313598, 0.319696307182312, 0.3318217098712921, -0.8875182271003723, -0.6163248419761658, -0.6386175751686096, -0.46077239513397217], "cam_t_m2c": [-62.11711120605469, -55.84259033203125, 470.3937072753906], "obj_id": 2}, {"cam_R_m2c": [-0.7196789979934692, 0.6943067908287048, 0.0003462641325313598, 0.319696307182312, 0.3318217098712921, -0.8875182271003723, -0.6163248419761658, -0.6386175751686096, -0.46077239513397217], "cam_t_m2c": [-62.11711120605469, -55.84259033203125, 470.3937072753906], "obj_id": 1}, {"cam_R_m2c": [-0.7196789979934692, 0.6943067908287048, 0.0003462641325313598, 0.319696307182312, 0.3318217098712921, -0.8875182271003723, -0.6163248419761658, -0.6386175751686096, -0.46077239513397217], "cam_t_m2c": [-62.11711120605469, -55.84259033203125, 470.3937072753906], "obj_id": 3}, {"cam_R_m2c": [-0.7196789979934692, 0.6943067908287048, 0.0003462641325313598, 0.319696307182312, 0.3318217098712921, -0.8875182271003723, -0.6163248419761658, -0.6386175751686096, -0.46077239513397217], "cam_t_m2c": [-62.11711120605469, -55.84259033203125, 470.3937072753906], "obj_id": 2}, {"cam_R_m2c": [-0.7196789979934692, 0.6943067908287048, 0.0003462641325313598, 0.319696307182312, 0.3318217098712921, -0.8875182271003723, -0.6163248419761658, -0.6386175751686096, -0.46077239513397217], "cam_t_m2c": [-62.11711120605469, -55.84259033203125, 470.3937072753906], "obj_id": 0}, {"cam_R_m2c": [-0.7196789979934692, 0.6943067908287048, 0.0003462641325313598, 0.319696307182312, 0.3318217098712921, -0.8875182271003723, -0.6163248419761658, -0.6386175751686096, -0.46077239513397217], "cam_t_m2c": [-62.11711120605469, -55.84259033203125, 470.3937072753906], "obj_id": 3}, {"cam_R_m2c": [-0.7196789979934692, 0.6943067908287048, 0.0003462641325313598, 0.319696307182312, 0.3318217098712921, -0.8875182271003723, -0.6163248419761658, -0.6386175751686096, -0.46077239513397217], "cam_t_m2c": [-62.11711120605469, -55.84259033203125, 470.3937072753906], "obj_id": 3}, {"cam_R_m2c": [-0.7196789979934692, 0.6943067908287048, 0.0003462641325313598, 0.319696307182312, 0.3318217098712921, -0.8875182271003723, -0.6163248419761658, -0.6386175751686096, -0.46077239513397217], "cam_t_m2c": [-62.11711120605469, -55.84259033203125, 470.3937072753906], "obj_id": 3}, {"cam_R_m2c": [-0.7196789979934692, 0.6943067908287048, 0.0003462641325313598, 0.319696307182312, 0.3318217098712921, -0.8875182271003723, -0.6163248419761658, -0.6386175751686096, -0.46077239513397217], "cam_t_m2c": [-62.11711120605469, -55.84259033203125, 470.3937072753906], "obj_id": 1}, {"cam_R_m2c": [-0.7196789979934692, 0.6943067908287048, 0.0003462641325313598, 0.319696307182312, 0.3318217098712921, -0.8875182271003723, -0.6163248419761658, -0.6386175751686096, -0.46077239513397217], "cam_t_m2c": [-62.11711120605469, -55.84259033203125, 470.3937072753906], "obj_id": 1}, {"cam_R_m2c": [-0.7196789979934692, 0.6943067908287048, 0.0003462641325313598, 0.319696307182312, 0.3318217098712921, -0.8875182271003723, -0.6163248419761658, -0.6386175751686096, -0.46077239513397217], "cam_t_m2c": [-62.11711120605469, -55.84259033203125, 470.3937072753906], "obj_id": 2}, {"cam_R_m2c": [-0.7196789979934692, 0.6943067908287048, 0.0003462641325313598, 0.319696307182312, 0.3318217098712921, -0.8875182271003723, -0.6163248419761658, -0.6386175751686096, -0.46077239513397217], "cam_t_m2c": [-62.11711120605469, -55.84259033203125, 470.3937072753906], "obj_id": 3}, {"cam_R_m2c": [-0.7196789979934692, 0.6943067908287048, 0.0003462641325313598, 0.319696307182312, 0.3318217098712921, -0.8875182271003723, -0.6163248419761658, -0.6386175751686096, -0.46077239513397217], "cam_t_m2c": [-62.11711120605469, -55.84259033203125, 470.3937072753906], "obj_id": 2}, {"cam_R_m2c": [-0.7196789979934692, 0.6943067908287048, 0.0003462641325313598, 0.319696307182312, 0.3318217098712921, -0.8875182271003723, -0.6163248419761658, -0.6386175751686096, -0.46077239513397217], "cam_t_m2c": [-62.11711120605469, -55.84259033203125, 470.3937072753906], "obj_id": 1}, {"cam_R_m2c": [-0.7196789979934692, 0.6943067908287048, 0.0003462641325313598, 0.319696307182312, 0.3318217098712921, -0.8875182271003723, -0.6163248419761658, -0.6386175751686096, -0.46077239513397217], "cam_t_m2c": [-62.11711120605469, -55.84259033203125, 470.3937072753906], "obj_id": 1}, {"cam_R_m2c": [-0.7196789979934692, 0.6943067908287048, 0.0003462641325313598, 0.319696307182312, 0.3318217098712921, -0.8875182271003723, -0.6163248419761658, -0.6386175751686096, -0.46077239513397217], "cam_t_m2c": [-62.11711120605469, -55.84259033203125, 470.3937072753906], "obj_id": 3}, {"cam_R_m2c": [-0.7196789979934692, 0.6943067908287048, 0.0003462641325313598, 0.319696307182312, 0.3318217098712921, -0.8875182271003723, -0.6163248419761658, -0.6386175751686096, -0.46077239513397217], "cam_t_m2c": [-62.11711120605469, -55.84259033203125, 470.3937072753906], "obj_id": 3}, {"cam_R_m2c": [-0.7196789979934692, 0.6943067908287048, 0.0003462641325313598, 0.319696307182312, 0.3318217098712921, -0.8875182271003723, -0.6163248419761658, -0.6386175751686096, -0.46077239513397217], "cam_t_m2c": [-62.11711120605469, -55.84259033203125, 470.3937072753906], "obj_id": 3}, {"cam_R_m2c": [-0.7196789979934692, 0.6943067908287048, 0.0003462641325313598, 0.319696307182312, 0.3318217098712921, -0.8875182271003723, -0.6163248419761658, -0.6386175751686096, -0.46077239513397217], "cam_t_m2c": [-62.11711120605469, -55.84259033203125, 470.3937072753906], "obj_id": 1}, {"cam_R_m2c": [-0.7196789979934692, 0.6943067908287048, 0.0003462641325313598, 0.319696307182312, 0.3318217098712921, -0.8875182271003723, -0.6163248419761658, -0.6386175751686096, -0.46077239513397217], "cam_t_m2c": [-62.11711120605469, -55.84259033203125, 470.3937072753906], "obj_id": 0}, {"cam_R_m2c": [-0.7196789979934692, 0.6943067908287048, 0.0003462641325313598, 0.319696307182312, 0.3318217098712921, -0.8875182271003723, -0.6163248419761658, -0.6386175751686096, -0.46077239513397217], "cam_t_m2c": [-62.11711120605469, -55.84259033203125, 470.3937072753906], "obj_id": 1}, {"cam_R_m2c": [-0.7196789979934692, 0.6943067908287048, 0.0003462641325313598, 0.319696307182312, 0.3318217098712921, -0.8875182271003723, -0.6163248419761658, -0.6386175751686096, -0.46077239513397217], "cam_t_m2c": [-62.11711120605469, -55.84259033203125, 470.3937072753906], "obj_id": 1}, {"cam_R_m2c": [-0.7196789979934692, 0.6943067908287048, 0.0003462641325313598, 0.319696307182312, 0.3318217098712921, -0.8875182271003723, -0.6163248419761658, -0.6386175751686096, -0.46077239513397217], "cam_t_m2c": [-62.11711120605469, -55.84259033203125, 470.3937072753906], "obj_id": 1}, {"cam_R_m2c": [-0.7196789979934692, 0.6943067908287048, 0.0003462641325313598, 0.319696307182312, 0.3318217098712921, -0.8875182271003723, -0.6163248419761658, -0.6386175751686096, -0.46077239513397217], "cam_t_m2c": [-62.11711120605469, -55.84259033203125, 470.3937072753906], "obj_id": 3}, {"cam_R_m2c": [0.036283668130636215, 0.8571945428848267, -0.5137128829956055, 0.892649233341217, 0.2033100426197052, 0.4022962749004364, 0.4492891728878021, -0.4731622040271759, -0.7577972412109375], "cam_t_m2c": [-75.17218780517578, -159.9566650390625, 562.4100952148438], "obj_id": 0}, {"cam_R_m2c": [0.4825834035873413, 0.8552699685096741, 0.18874973058700562, -0.6728804111480713, 0.4999906122684479, -0.5451983213424683, -0.5606648921966553, 0.13609762489795685, 0.8167816400527954], "cam_t_m2c": [70.51589965820312, -31.65639877319336, 439.47955322265625], "obj_id": 0}, {"cam_R_m2c": [0.686320424079895, -0.5351831316947937, 0.492486834526062, -0.5304298400878906, -0.8316127061843872, -0.16451257467269897, 0.4976027011871338, -0.14832137525081635, -0.8546298742294312], "cam_t_m2c": [-233.8021240234375, 7019.669921875, 4129.3486328125], "obj_id": 0}, {"cam_R_m2c": [-0.1577640026807785, -0.21452057361602783, 0.9638938903808594, -0.679309070110321, 0.7320266366004944, 0.05173209682106972, -0.7166935801506042, -0.6466203927993774, -0.2612132132053375], "cam_t_m2c": [65.68539428710938, -106.53749084472656, 459.6224670410156], "obj_id": 2}, {"cam_R_m2c": [-0.44505998492240906, -0.8885036706924438, -0.11172551661729813, 0.5857401490211487, -0.3832084536552429, 0.7141845226287842, -0.6773698329925537, 0.25241291522979736, 0.690983235836029], "cam_t_m2c": [-259.49237060546875, -75.71514129638672, 400.0094909667969], "obj_id": 3}, {"cam_R_m2c": [-0.5504175424575806, -0.3272887170314789, 0.7680639624595642, 0.5571137070655823, 0.5412008762359619, 0.6298617720603943, -0.6218235492706299, 0.7745860815048218, -0.11554934829473495], "cam_t_m2c": [17.30719757080078, -46.21017837524414, 343.386474609375], "obj_id": 3}, {"cam_R_m2c": [-0.16750213503837585, 0.9787282943725586, -0.11846469342708588, -0.6287325024604797, -0.013494221493601799, 0.7775045037269592, 0.7593671083450317, 0.20471632480621338, 0.6176186800003052], "cam_t_m2c": [-113.73052215576172, -16.103111267089844, 285.2971496582031], "obj_id": 3}, {"cam_R_m2c": [-0.3918420076370239, -0.8932266235351562, 0.22046791017055511, 0.49072834849357605, -0.0002144039754057303, 0.8713126182556152, -0.7782323360443115, 0.449606716632843, 0.43841561675071716], "cam_t_m2c": [-290.6299743652344, -68.43830108642578, 537.2633666992188], "obj_id": 1}]
}