{
  "0": [{"cam_R_m2c": [-0.22557444870471954, 0.11051800101995468, -0.9679369330406189, 0.37179675698280334, -0.9085813164710999, -0.1903868317604065, -0.9004905819892883, -0.40282222628593445, 0.16386252641677856], "cam_t_m2c": [122.11705780029297, -70.26351928710938, 1175.8349609375], "obj_id": 3}, {"cam_R_m2c": [0.6203910708427429, 0.01687869057059288, 0.7841110229492188, 0.6358275413513184, -0.5961475968360901, -0.4902361333370209, 0.459171324968338, 0.802697479724884, -0.38057658076286316], "cam_t_m2c": [280.0760192871094, -182.30320739746094, 1189.2359619140625], "obj_id": 2}, {"cam_R_m2c": [0.28004544973373413, 0.20137543976306915, 0.9386280179023743, 0.013230061158537865, 0.9768485426902771, -0.21352264285087585, -0.9598956108093262, 0.07221415638923645, 0.270897775888443], "cam_t_m2c": [-95.00401306152344, 22.09489631652832, 1241.2786865234375], "obj_id": 3}, {"cam_R_m2c": [-0.3421420454978943, -0.6287297606468201, -0.6983106136322021, -0.9353653192520142, 0.2987622916698456, 0.1892954707145691, 0.08961319923400879, 0.7179414629936218, -0.6903111934661865], "cam_t_m2c": [-133.04115295410156, 40.20453643798828, 1180.665283203125], "obj_id": 1}, {"cam_R_m2c": [0.5943806171417236, 0.7178305387496948, 0.3625340163707733, -0.5676959753036499, 0.05523325875401497, 0.8213832974433899, 0.569590151309967, -0.6940233707427979, 0.4403391480445862], "cam_t_m2c": [-75.62416076660156, 25.104280471801758, 1178.1710205078125], "obj_id": 3}, {"cam_R_m2c": [0.39714691042900085, -0.8062995076179504, 0.43835529685020447, 0.8557944893836975, 0.1528346836566925, -0.49422380328178406, 0.33149656653404236, 0.5714215040206909, 0.7507246136665344], "cam_t_m2c": [-137.39271545410156, -30.636022567749023, 1573.4649658203125], "obj_id": 0}, {"cam_R_m2c": [0.7232499718666077, 0.09568988531827927, 0.683924674987793, -0.6895512938499451, 0.15426775813102722, 0.7076160311698914, -0.03779580444097519, -0.983384370803833, 0.17755724489688873], "cam_t_m2c": [249.32131958007812, -133.67547607421875, 1193.2545166015625], "obj_id": 1}, {"cam_R_m2c": [0.583031952381134, 0.7183539271354675, 0.3795279264450073, 0.7920349836349487, -0.6066144108772278, -0.06855308264493942, 0.18098174035549164, 0.34056800603866577, -0.9226369857788086], "cam_t_m2c": [405.5541076660156, -255.40208435058594, 1166.1400146484375], "obj_id": 2}, {"cam_R_m2c": [-0.2911711037158966, 0.938279926776886, 0.18668195605278015, -0.9129279255867004, -0.21418413519859314, -0.34740132093429565, -0.2859753668308258, -0.27158039808273315, 0.9189462065696716], "cam_t_m2c": [29.859012603759766, -23.88404655456543, 1350.39697265625], "obj_id": 0}, {"cam_R_m2c": [0.7878804206848145, 0.6000306010246277, -0.13859178125858307, -0.6055641174316406, 0.7957915663719177, 0.002793557709082961, 0.11196639388799667, 0.08172522485256195, 0.9903456568717957], "cam_t_m2c": [-74.14889526367188, 79.80770874023438, 937.7164306640625], "obj_id": 3}, {"cam_R_m2c": [0.5687007308006287, -0.13376100361347198, 0.811595618724823, 0.6856418251991272, -0.467983603477478, -0.5575718879699707, 0.4543949067592621, 0.8735554814338684, -0.17443041503429413], "cam_t_m2c": [86.89859771728516, 25.355138778686523, 908.6470336914062], "obj_id": 2}, {"cam_R_m2c": [-0.6309047937393188, -0.03934193775057793, 0.7748619318008423, -0.6223155856132507, 0.62208491563797, -0.47511422634124756, -0.4633380174636841, -0.781960666179657, -0.4169594347476959], "cam_t_m2c": [408.9791259765625, -249.76348876953125, 1117.585205078125], "obj_id": 0}, {"cam_R_m2c": [0.5830318927764893, 0.46502891182899475, -0.6661995649337769, 0.7920349836349487, -0.14266887307167053, 0.5935706496238708, 0.18098154664039612, -0.8737240433692932, -0.45149967074394226], "cam_t_m2c": [38.16999435424805, 6.708344459533691, 1202.58544921875], "obj_id": 2}, {"cam_R_m2c": [-0.8019015192985535, 0.5739592909812927, -0.16590480506420135, 0.5967801213264465, 0.7562887668609619, -0.26810580492019653, -0.028409870341420174, -0.31400319933891296, -0.9489966034889221], "cam_t_m2c": [263.0617980957031, -201.93263244628906, 1138.5518798828125], "obj_id": 3}, {"cam_R_m2c": [-0.739965558052063, 0.48554444313049316, -0.4655078649520874, 0.6096517443656921, 0.19170501828193665, -0.7691384553909302, -0.2842106819152832, -0.8529336452484131, -0.4378681182861328], "cam_t_m2c": [261.4938049316406, -126.63699340820312, 903.4623413085938], "obj_id": 3}, {"cam_R_m2c": [-0.5691978335380554, 0.1307022124528885, 0.8117454051971436, -0.6852961182594299, 0.47009119391441345, -0.5562224984169006, -0.4542938768863678, -0.8728867173194885, -0.1780051290988922], "cam_t_m2c": [106.27520751953125, -24.752944946289062, 786.77880859375], "obj_id": 2}, {"cam_R_m2c": [0.17182858288288116, 0.5578408241271973, -0.8119657635688782, -0.3379495143890381, 0.8075867891311646, 0.48331528902053833, 0.9253458380699158, 0.1913561075925827, 0.32728853821754456], "cam_t_m2c": [272.10113525390625, -169.6572265625, 923.5498657226562], "obj_id": 3}, {"cam_R_m2c": [-0.8003871440887451, -0.5270462036132812, 0.2856614887714386, -0.5477765798568726, 0.8365795016288757, 0.008690976537764072, -0.2435590922832489, -0.14952252805233002, -0.9582910537719727], "cam_t_m2c": [-83.21340942382812, 92.44759368896484, 1205.55419921875], "obj_id": 0}, {"cam_R_m2c": [0.721531867980957, 0.4738592505455017, -0.5048258304595947, 0.6923792362213135, -0.49207043647766113, 0.5277096033096313, 0.0016501451609656215, -0.7302902340888977, -0.6831347942352295], "cam_t_m2c": [153.62051391601562, -82.31891632080078, 862.1484375], "obj_id": 0}, {"cam_R_m2c": [-0.615659773349762, -0.15669742226600647, -0.7722751498222351, -0.787603497505188, 0.09080740064382553, 0.6094544529914856, -0.025371655821800232, 0.9834632277488708, -0.17932187020778656], "cam_t_m2c": [128.0016632080078, -145.40000915527344, 1238.615966796875], "obj_id": 2}, {"cam_R_m2c": [0.5166240930557251, 0.6641343832015991, -0.5403934121131897, 0.8520110845565796, -0.33631470799446106, 0.4012100100517273, 0.08471507579088211, -0.667695939540863, -0.7395980954170227], "cam_t_m2c": [-83.58517456054688, 123.92893981933594, 958.5062255859375], "obj_id": 1}, {"cam_R_m2c": [-0.5830334424972534, -0.2777802646160126, -0.7634854912757874, -0.7920323014259338, -0.015010959468781948, 0.6102945804595947, -0.18098844587802887, 0.9605273604393005, -0.21125905215740204], "cam_t_m2c": [-38.365631103515625, 50.4036865234375, 1118.2369384765625], "obj_id": 3}, {"cam_R_m2c": [0.5352630615234375, -0.2612353563308716, -0.8032742142677307, 0.8427911996841431, 0.10151807218790054, 0.5285801291465759, -0.05653703585267067, -0.9599218964576721, 0.27450576424598694], "cam_t_m2c": [-115.18154907226562, 74.44560241699219, 1042.04052734375], "obj_id": 0}, {"cam_R_m2c": [-0.4679485559463501, 0.4798124134540558, 0.742161750793457, -0.7066361308097839, 0.3011927604675293, -0.6402720212936401, -0.530744194984436, -0.8240527510643005, 0.19811011850833893], "cam_t_m2c": [351.6143493652344, -229.919921875, 1070.3651123046875], "obj_id": 0}, {"cam_R_m2c": [0.6956864595413208, 0.0885062962770462, 0.712872326374054, 0.3975556194782257, -0.8739851117134094, -0.27946212887763977, 0.5983058214187622, 0.47782444953918457, -0.6432057023048401], "cam_t_m2c": [180.6082763671875, -153.02037048339844, 993.5604248046875], "obj_id": 0}, {"cam_R_m2c": [0.5604121685028076, -0.6694020628929138, -0.48768743872642517, 0.8130760788917542, 0.5567408204078674, 0.17013821005821228, 0.15762463212013245, -0.4918745160102844, 0.8562791347503662], "cam_t_m2c": [272.7945556640625, -252.36720275878906, 1222.416259765625], "obj_id": 0}, {"cam_R_m2c": [-0.9113917946815491, -0.39855247735977173, -0.10256954282522202, -0.41144976019859314, 0.8876378536224365, 0.2069011628627777, 0.00858362764120102, 0.2307702749967575, -0.972970187664032], "cam_t_m2c": [66.31321716308594, 51.19009780883789, 904.410888671875], "obj_id": 0}, {"cam_R_m2c": [0.3355256915092468, -0.5889455080032349, 0.7352316379547119, 0.9413748979568481, 0.18049608170986176, -0.28501635789871216, 0.03515275567770004, 0.7877589464187622, 0.6149796843528748], "cam_t_m2c": [290.6178894042969, -193.51927185058594, 1469.04296875], "obj_id": 2}, {"cam_R_m2c": [-0.5106543898582458, 0.8243764042854309, 0.24420416355133057, -0.49896225333213806, -0.515451967716217, 0.6966677308082581, 0.7001919150352478, 0.2339077740907669, 0.6745505332946777], "cam_t_m2c": [371.46636962890625, -236.72830200195312, 1201.245849609375], "obj_id": 1}, {"cam_R_m2c": [-0.5703822374343872, 0.26124513149261475, 0.7787264585494995, -0.7709324955940247, 0.1568640023469925, -0.617297887802124, -0.283420205116272, -0.952441394329071, 0.1119300127029419], "cam_t_m2c": [291.4217529296875, -190.76197814941406, 828.4473876953125], "obj_id": 2}, {"cam_R_m2c": [0.6135467290878296, 0.7888423204421997, 0.035890866070985794, 0.768244206905365, -0.606804370880127, 0.20393390953540802, 0.18265044689178467, -0.09755001962184906, -0.9783263802528381], "cam_t_m2c": [337.8658447265625, -257.1743469238281, 1033.8270263671875], "obj_id": 0}, {"cam_R_m2c": [-0.1709931343793869, 0.8412392139434814, 0.5129112005233765, 0.5717311501502991, 0.5086870789527893, -0.6437087059020996, -0.8024243116378784, 0.18317753076553345, -0.5679446458816528], "cam_t_m2c": [-13.467497825622559, -15.905991554260254, 1183.6995849609375], "obj_id": 3}, {"cam_R_m2c": [-0.9498286247253418, 0.13311241567134857, 0.28303083777427673, -0.24244947731494904, 0.2583328187465668, -0.9351376295089722, -0.1975945681333542, -0.956841230392456, -0.21309880912303925], "cam_t_m2c": [-81.06607818603516, 64.79106903076172, 957.7884521484375], "obj_id": 1}, {"cam_R_m2c": [-0.09818088263273239, 0.7732310891151428, -0.6264775395393372, 0.5275774598121643, -0.4933342933654785, -0.6915802359580994, -0.8438142538070679, -0.3984154164791107, -0.35950326919555664], "cam_t_m2c": [48.66500473022461, 3.0711615085601807, 1037.6361083984375], "obj_id": 3}, {"cam_R_m2c": [0.3779663145542145, 0.2639903128147125, 0.8873840570449829, 0.1912694275379181, 0.9155418276786804, -0.35383498668670654, -0.9058462381362915, 0.30346715450286865, 0.29555070400238037], "cam_t_m2c": [-8.548187255859375, 39.93328094482422, 884.693359375], "obj_id": 3}, {"cam_R_m2c": [0.8537212610244751, 0.45382609963417053, 0.2553465962409973, 0.44092273712158203, -0.8908795714378357, 0.10918212682008743, 0.2770327627658844, 0.01937701739370823, -0.9606651067733765], "cam_t_m2c": [218.76876831054688, -167.72988891601562, 1026.061279296875], "obj_id": 0}],
  "1": [{"cam_R_m2c": [-0.22557444870471954, 0.11051800101995468, -0.9679369330406189, 0.37179675698280334, -0.9085813164710999, -0.1903868317604065, -0.9004905819892883, -0.40282222628593445, 0.16386252641677856], "cam_t_m2c": [122.11705780029297, -70.26351928710938, 1175.8349609375], "obj_id": 3}, {"cam_R_m2c": [0.6203910708427429, 0.01687869057059288, 0.7841110229492188, 0.6358275413513184, -0.5961475968360901, -0.4902361333370209, 0.459171324968338, 0.802697479724884, -0.38057658076286316], "cam_t_m2c": [280.0760192871094, -182.30320739746094, 1189.2359619140625], "obj_id": 2}, {"cam_R_m2c": [0.28004544973373413, 0.20137543976306915, 0.9386280179023743, 0.013230061158537865, 0.9768485426902771, -0.21352264285087585, -0.9598956108093262, 0.07221415638923645, 0.270897775888443], "cam_t_m2c": [-95.00401306152344, 22.09489631652832, 1241.2786865234375], "obj_id": 3}, {"cam_R_m2c": [-0.3421420454978943, -0.6287297606468201, -0.6983106136322021, -0.9353653192520142, 0.2987622916698456, 0.1892954707145691, 0.08961319923400879, 0.7179414629936218, -0.6903111934661865], "cam_t_m2c": [-133.04115295410156, 40.20453643798828, 1180.665283203125], "obj_id": 1}, {"cam_R_m2c": [0.5943806171417236, 0.7178305387496948, 0.3625340163707733, -0.5676959753036499, 0.05523325875401497, 0.8213832974433899, 0.569590151309967, -0.6940233707427979, 0.4403391480445862], "cam_t_m2c": [-75.62416076660156, 25.104280471801758, 1178.1710205078125], "obj_id": 3}, {"cam_R_m2c": [0.39714691042900085, -0.8062995076179504, 0.43835529685020447, 0.8557944893836975, 0.1528346836566925, -0.49422380328178406, 0.33149656653404236, 0.5714215040206909, 0.7507246136665344], "cam_t_m2c": [-137.39271545410156, -30.636022567749023, 1573.4649658203125], "obj_id": 0}, {"cam_R_m2c": [0.7232499718666077, 0.09568988531827927, 0.683924674987793, -0.6895512938499451, 0.15426775813102722, 0.7076160311698914, -0.03779580444097519, -0.983384370803833, 0.17755724489688873], "cam_t_m2c": [249.32131958007812, -133.67547607421875, 1193.2545166015625], "obj_id": 1}, {"cam_R_m2c": [0.583031952381134, 0.7183539271354675, 0.3795279264450073, 0.7920349836349487, -0.6066144108772278, -0.06855308264493942, 0.18098174035549164, 0.34056800603866577, -0.9226369857788086], "cam_t_m2c": [405.5541076660156, -255.40208435058594, 1166.1400146484375], "obj_id": 2}, {"cam_R_m2c": [-0.2911711037158966, 0.938279926776886, 0.18668195605278015, -0.9129279255867004, -0.21418413519859314, -0.34740132093429565, -0.2859753668308258, -0.27158039808273315, 0.9189462065696716], "cam_t_m2c": [29.859012603759766, -23.88404655456543, 1350.39697265625], "obj_id": 0}, {"cam_R_m2c": [0.7878804206848145, 0.6000306010246277, -0.13859178125858307, -0.6055641174316406, 0.7957915663719177, 0.002793557709082961, 0.11196639388799667, 0.08172522485256195, 0.9903456568717957], "cam_t_m2c": [-74.14889526367188, 79.80770874023438, 937.7164306640625], "obj_id": 3}, {"cam_R_m2c": [0.5687007308006287, -0.13376100361347198, 0.811595618724823, 0.6856418251991272, -0.467983603477478, -0.5575718879699707, 0.4543949067592621, 0.8735554814338684, -0.17443041503429413], "cam_t_m2c": [86.89859771728516, 25.355138778686523, 908.6470336914062], "obj_id": 2}, {"cam_R_m2c": [-0.6309047937393188, -0.03934193775057793, 0.7748619318008423, -0.6223155856132507, 0.62208491563797, -0.47511422634124756, -0.4633380174636841, -0.781960666179657, -0.4169594347476959], "cam_t_m2c": [408.9791259765625, -249.76348876953125, 1117.585205078125], "obj_id": 0}, {"cam_R_m2c": [0.5830318927764893, 0.46502891182899475, -0.6661995649337769, 0.7920349836349487, -0.14266887307167053, 0.5935706496238708, 0.18098154664039612, -0.8737240433692932, -0.45149967074394226], "cam_t_m2c": [38.16999435424805, 6.708344459533691, 1202.58544921875], "obj_id": 2}, {"cam_R_m2c": [-0.8019015192985535, 0.5739592909812927, -0.16590480506420135, 0.5967801213264465, 0.7562887668609619, -0.26810580492019653, -0.028409870341420174, -0.31400319933891296, -0.9489966034889221], "cam_t_m2c": [263.0617980957031, -201.93263244628906, 1138.5518798828125], "obj_id": 3}, {"cam_R_m2c": [-0.739965558052063, 0.48554444313049316, -0.4655078649520874, 0.6096517443656921, 0.19170501828193665, -0.7691384553909302, -0.2842106819152832, -0.8529336452484131, -0.4378681182861328], "cam_t_m2c": [261.4938049316406, -126.63699340820312, 903.4623413085938], "obj_id": 3}, {"cam_R_m2c": [-0.5691978335380554, 0.1307022124528885, 0.8117454051971436, -0.6852961182594299, 0.47009119391441345, -0.5562224984169006, -0.4542938768863678, -0.8728867173194885, -0.1780051290988922], "cam_t_m2c": [106.27520751953125, -24.752944946289062, 786.77880859375], "obj_id": 2}, {"cam_R_m2c": [0.17182858288288116, 0.5578408241271973, -0.8119657635688782, -0.3379495143890381, 0.8075867891311646, 0.48331528902053833, 0.9253458380699158, 0.1913561075925827, 0.32728853821754456], "cam_t_m2c": [272.10113525390625, -169.6572265625, 923.5498657226562], "obj_id": 3}, {"cam_R_m2c": [-0.8003871440887451, -0.5270462036132812, 0.2856614887714386, -0.5477765798568726, 0.8365795016288757, 0.008690976537764072, -0.2435590922832489, -0.14952252805233002, -0.9582910537719727], "cam_t_m2c": [-83.21340942382812, 92.44759368896484, 1205.55419921875], "obj_id": 0}, {"cam_R_m2c": [0.721531867980957, 0.4738592505455017, -0.5048258304595947, 0.6923792362213135, -0.49207043647766113, 0.5277096033096313, 0.0016501451609656215, -0.7302902340888977, -0.6831347942352295], "cam_t_m2c": [153.62051391601562, -82.31891632080078, 862.1484375], "obj_id": 0}, {"cam_R_m2c": [-0.615659773349762, -0.15669742226600647, -0.7722751498222351, -0.787603497505188, 0.09080740064382553, 0.6094544529914856, -0.025371655821800232, 0.9834632277488708, -0.17932187020778656], "cam_t_m2c": [128.0016632080078, -145.40000915527344, 1238.615966796875], "obj_id": 2}, {"cam_R_m2c": [0.5166240930557251, 0.6641343832015991, -0.5403934121131897, 0.8520110845565796, -0.33631470799446106, 0.4012100100517273, 0.08471507579088211, -0.667695939540863, -0.7395980954170227], "cam_t_m2c": [-83.58517456054688, 123.92893981933594, 958.5062255859375], "obj_id": 1}, {"cam_R_m2c": [-0.5830334424972534, -0.2777802646160126, -0.7634854912757874, -0.7920323014259338, -0.015010959468781948, 0.6102945804595947, -0.18098844587802887, 0.9605273604393005, -0.21125905215740204], "cam_t_m2c": [-38.365631103515625, 50.4036865234375, 1118.2369384765625], "obj_id": 3}, {"cam_R_m2c": [0.5352630615234375, -0.2612353563308716, -0.8032742142677307, 0.8427911996841431, 0.10151807218790054, 0.5285801291465759, -0.05653703585267067, -0.9599218964576721, 0.27450576424598694], "cam_t_m2c": [-115.18154907226562, 74.44560241699219, 1042.04052734375], "obj_id": 0}, {"cam_R_m2c": [-0.4679485559463501, 0.4798124134540558, 0.742161750793457, -0.7066361308097839, 0.3011927604675293, -0.6402720212936401, -0.530744194984436, -0.8240527510643005, 0.19811011850833893], "cam_t_m2c": [351.6143493652344, -229.919921875, 1070.3651123046875], "obj_id": 0}, {"cam_R_m2c": [0.6956864595413208, 0.0885062962770462, 0.712872326374054, 0.3975556194782257, -0.8739851117134094, -0.27946212887763977, 0.5983058214187622, 0.47782444953918457, -0.6432057023048401], "cam_t_m2c": [180.6082763671875, -153.02037048339844, 993.5604248046875], "obj_id": 0}, {"cam_R_m2c": [0.5604121685028076, -0.6694020628929138, -0.48768743872642517, 0.8130760788917542, 0.5567408204078674, 0.17013821005821228, 0.15762463212013245, -0.4918745160102844, 0.8562791347503662], "cam_t_m2c": [272.7945556640625, -252.36720275878906, 1222.416259765625], "obj_id": 0}, {"cam_R_m2c": [-0.9113917946815491, -0.39855247735977173, -0.10256954282522202, -0.41144976019859314, 0.8876378536224365, 0.2069011628627777, 0.00858362764120102, 0.2307702749967575, -0.972970187664032], "cam_t_m2c": [66.31321716308594, 51.19009780883789, 904.410888671875], "obj_id": 0}, {"cam_R_m2c": [0.3355256915092468, -0.5889455080032349, 0.7352316379547119, 0.9413748979568481, 0.18049608170986176, -0.28501635789871216, 0.03515275567770004, 0.7877589464187622, 0.6149796843528748], "cam_t_m2c": [290.6178894042969, -193.51927185058594, 1469.04296875], "obj_id": 2}, {"cam_R_m2c": [-0.5106543898582458, 0.8243764042854309, 0.24420416355133057, -0.49896225333213806, -0.515451967716217, 0.6966677308082581, 0.7001919150352478, 0.2339077740907669, 0.6745505332946777], "cam_t_m2c": [371.46636962890625, -236.72830200195312, 1201.245849609375], "obj_id": 1}, {"cam_R_m2c": [-0.5703822374343872, 0.26124513149261475, 0.7787264585494995, -0.7709324955940247, 0.1568640023469925, -0.617297887802124, -0.283420205116272, -0.952441394329071, 0.1119300127029419], "cam_t_m2c": [291.4217529296875, -190.76197814941406, 828.4473876953125], "obj_id": 2}, {"cam_R_m2c": [0.6135467290878296, 0.7888423204421997, 0.035890866070985794, 0.768244206905365, -0.606804370880127, 0.20393390953540802, 0.18265044689178467, -0.09755001962184906, -0.9783263802528381], "cam_t_m2c": [337.8658447265625, -257.1743469238281, 1033.8270263671875], "obj_id": 0}, {"cam_R_m2c": [-0.1709931343793869, 0.8412392139434814, 0.5129112005233765, 0.5717311501502991, 0.5086870789527893, -0.6437087059020996, -0.8024243116378784, 0.18317753076553345, -0.5679446458816528], "cam_t_m2c": [-13.467497825622559, -15.905991554260254, 1183.6995849609375], "obj_id": 3}, {"cam_R_m2c": [-0.9498286247253418, 0.13311241567134857, 0.28303083777427673, -0.24244947731494904, 0.2583328187465668, -0.9351376295089722, -0.1975945681333542, -0.956841230392456, -0.21309880912303925], "cam_t_m2c": [-81.06607818603516, 64.79106903076172, 957.7884521484375], "obj_id": 1}, {"cam_R_m2c": [-0.09818088263273239, 0.7732310891151428, -0.6264775395393372, 0.5275774598121643, -0.4933342933654785, -0.6915802359580994, -0.8438142538070679, -0.3984154164791107, -0.35950326919555664], "cam_t_m2c": [48.66500473022461, 3.0711615085601807, 1037.6361083984375], "obj_id": 3}, {"cam_R_m2c": [0.3779663145542145, 0.2639903128147125, 0.8873840570449829, 0.1912694275379181, 0.9155418276786804, -0.35383498668670654, -0.9058462381362915, 0.30346715450286865, 0.29555070400238037], "cam_t_m2c": [-8.548187255859375, 39.93328094482422, 884.693359375], "obj_id": 3}, {"cam_R_m2c": [0.8537212610244751, 0.45382609963417053, 0.2553465962409973, 0.44092273712158203, -0.8908795714378357, 0.10918212682008743, 0.2770327627658844, 0.01937701739370823, -0.9606651067733765], "cam_t_m2c": [218.76876831054688, -167.72988891601562, 1026.061279296875], "obj_id": 0}],
  "2": [{"cam_R_m2c": [-0.22557444870471954, 0.11051800101995468, -0.9679369330406189, 0.37179675698280334, -0.9085813164710999, -0.1903868317604065, -0.9004905819892883, -0.40282222628593445, 0.16386252641677856], "cam_t_m2c": [122.11705780029297, -70.26351928710938, 1175.8349609375], "obj_id": 3}, {"cam_R_m2c": [0.6203910708427429, 0.01687869057059288, 0.7841110229492188, 0.6358275413513184, -0.5961475968360901, -0.4902361333370209, 0.459171324968338, 0.802697479724884, -0.38057658076286316], "cam_t_m2c": [280.0760192871094, -182.30320739746094, 1189.2359619140625], "obj_id": 2}, {"cam_R_m2c": [0.28004544973373413, 0.20137543976306915, 0.9386280179023743, 0.013230061158537865, 0.9768485426902771, -0.21352264285087585, -0.9598956108093262, 0.07221415638923645, 0.270897775888443], "cam_t_m2c": [-95.00401306152344, 22.09489631652832, 1241.2786865234375], "obj_id": 3}, {"cam_R_m2c": [-0.3421420454978943, -0.6287297606468201, -0.6983106136322021, -0.9353653192520142, 0.2987622916698456, 0.1892954707145691, 0.08961319923400879, 0.7179414629936218, -0.6903111934661865], "cam_t_m2c": [-133.04115295410156, 40.20453643798828, 1180.665283203125], "obj_id": 1}, {"cam_R_m2c": [0.5943806171417236, 0.7178305387496948, 0.3625340163707733, -0.5676959753036499, 0.05523325875401497, 0.8213832974433899, 0.569590151309967, -0.6940233707427979, 0.4403391480445862], "cam_t_m2c": [-75.62416076660156, 25.104280471801758, 1178.1710205078125], "obj_id": 3}, {"cam_R_m2c": [0.39714691042900085, -0.8062995076179504, 0.43835529685020447, 0.8557944893836975, 0.1528346836566925, -0.49422380328178406, 0.33149656653404236, 0.5714215040206909, 0.7507246136665344], "cam_t_m2c": [-137.39271545410156, -30.636022567749023, 1573.4649658203125], "obj_id": 0}, {"cam_R_m2c": [0.7232499718666077, 0.09568988531827927, 0.683924674987793, -0.6895512938499451, 0.15426775813102722, 0.7076160311698914, -0.03779580444097519, -0.983384370803833, 0.17755724489688873], "cam_t_m2c": [249.32131958007812, -133.67547607421875, 1193.2545166015625], "obj_id": 1}, {"cam_R_m2c": [0.583031952381134, 0.7183539271354675, 0.3795279264450073, 0.7920349836349487, -0.6066144108772278, -0.06855308264493942, 0.18098174035549164, 0.34056800603866577, -0.9226369857788086], "cam_t_m2c": [405.5541076660156, -255.40208435058594, 1166.1400146484375], "obj_id": 2}, {"cam_R_m2c": [-0.2911711037158966, 0.938279926776886, 0.18668195605278015, -0.9129279255867004, -0.21418413519859314, -0.34740132093429565, -0.2859753668308258, -0.27158039808273315, 0.9189462065696716], "cam_t_m2c": [29.859012603759766, -23.88404655456543, 1350.39697265625], "obj_id": 0}, {"cam_R_m2c": [0.7878804206848145, 0.6000306010246277, -0.13859178125858307, -0.6055641174316406, 0.7957915663719177, 0.002793557709082961, 0.11196639388799667, 0.08172522485256195, 0.9903456568717957], "cam_t_m2c": [-74.14889526367188, 79.80770874023438, 937.7164306640625], "obj_id": 3}, {"cam_R_m2c": [0.5687007308006287, -0.13376100361347198, 0.811595618724823, 0.6856418251991272, -0.467983603477478, -0.5575718879699707, 0.4543949067592621, 0.8735554814338684, -0.17443041503429413], "cam_t_m2c": [86.89859771728516, 25.355138778686523, 908.6470336914062], "obj_id": 2}, {"cam_R_m2c": [-0.6309047937393188, -0.03934193775057793, 0.7748619318008423, -0.6223155856132507, 0.62208491563797, -0.47511422634124756, -0.4633380174636841, -0.781960666179657, -0.4169594347476959], "cam_t_m2c": [408.9791259765625, -249.76348876953125, 1117.585205078125], "obj_id": 0}, {"cam_R_m2c": [0.5830318927764893, 0.46502891182899475, -0.6661995649337769, 0.7920349836349487, -0.14266887307167053, 0.5935706496238708, 0.18098154664039612, -0.8737240433692932, -0.45149967074394226], "cam_t_m2c": [38.16999435424805, 6.708344459533691, 1202.58544921875], "obj_id": 2}, {"cam_R_m2c": [-0.8019015192985535, 0.5739592909812927, -0.16590480506420135, 0.5967801213264465, 0.7562887668609619, -0.26810580492019653, -0.028409870341420174, -0.31400319933891296, -0.9489966034889221], "cam_t_m2c": [263.0617980957031, -201.93263244628906, 1138.5518798828125], "obj_id": 3}, {"cam_R_m2c": [-0.739965558052063, 0.48554444313049316, -0.4655078649520874, 0.6096517443656921, 0.19170501828193665, -0.7691384553909302, -0.2842106819152832, -0.8529336452484131, -0.4378681182861328], "cam_t_m2c": [261.4938049316406, -126.63699340820312, 903.4623413085938], "obj_id": 3}, {"cam_R_m2c": [-0.5691978335380554, 0.1307022124528885, 0.8117454051971436, -0.6852961182594299, 0.47009119391441345, -0.5562224984169006, -0.4542938768863678, -0.8728867173194885, -0.1780051290988922], "cam_t_m2c": [106.27520751953125, -24.752944946289062, 786.77880859375], "obj_id": 2}, {"cam_R_m2c": [0.17182858288288116, 0.5578408241271973, -0.8119657635688782, -0.3379495143890381, 0.8075867891311646, 0.48331528902053833, 0.9253458380699158, 0.1913561075925827, 0.32728853821754456], "cam_t_m2c": [272.10113525390625, -169.6572265625, 923.5498657226562], "obj_id": 3}, {"cam_R_m2c": [-0.8003871440887451, -0.5270462036132812, 0.2856614887714386, -0.5477765798568726, 0.8365795016288757, 0.008690976537764072, -0.2435590922832489, -0.14952252805233002, -0.9582910537719727], "cam_t_m2c": [-83.21340942382812, 92.44759368896484, 1205.55419921875], "obj_id": 0}, {"cam_R_m2c": [0.721531867980957, 0.4738592505455017, -0.5048258304595947, 0.6923792362213135, -0.49207043647766113, 0.5277096033096313, 0.0016501451609656215, -0.7302902340888977, -0.6831347942352295], "cam_t_m2c": [153.62051391601562, -82.31891632080078, 862.1484375], "obj_id": 0}, {"cam_R_m2c": [-0.615659773349762, -0.15669742226600647, -0.7722751498222351, -0.787603497505188, 0.09080740064382553, 0.6094544529914856, -0.025371655821800232, 0.9834632277488708, -0.17932187020778656], "cam_t_m2c": [128.0016632080078, -145.40000915527344, 1238.615966796875], "obj_id": 2}, {"cam_R_m2c": [0.5166240930557251, 0.6641343832015991, -0.5403934121131897, 0.8520110845565796, -0.33631470799446106, 0.4012100100517273, 0.08471507579088211, -0.667695939540863, -0.7395980954170227], "cam_t_m2c": [-83.58517456054688, 123.92893981933594, 958.5062255859375], "obj_id": 1}, {"cam_R_m2c": [-0.5830334424972534, -0.2777802646160126, -0.7634854912757874, -0.7920323014259338, -0.015010959468781948, 0.6102945804595947, -0.18098844587802887, 0.9605273604393005, -0.21125905215740204], "cam_t_m2c": [-38.365631103515625, 50.4036865234375, 1118.2369384765625], "obj_id": 3}, {"cam_R_m2c": [0.5352630615234375, -0.2612353563308716, -0.8032742142677307, 0.8427911996841431, 0.10151807218790054, 0.5285801291465759, -0.05653703585267067, -0.9599218964576721, 0.27450576424598694], "cam_t_m2c": [-115.18154907226562, 74.44560241699219, 1042.04052734375], "obj_id": 0}, {"cam_R_m2c": [-0.4679485559463501, 0.4798124134540558, 0.742161750793457, -0.7066361308097839, 0.3011927604675293, -0.6402720212936401, -0.530744194984436, -0.8240527510643005, 0.19811011850833893], "cam_t_m2c": [351.6143493652344, -229.919921875, 1070.3651123046875], "obj_id": 0}, {"cam_R_m2c": [0.6956864595413208, 0.0885062962770462, 0.712872326374054, 0.3975556194782257, -0.8739851117134094, -0.27946212887763977, 0.5983058214187622, 0.47782444953918457, -0.6432057023048401], "cam_t_m2c": [180.6082763671875, -153.02037048339844, 993.5604248046875], "obj_id": 0}, {"cam_R_m2c": [0.5604121685028076, -0.6694020628929138, -0.48768743872642517, 0.8130760788917542, 0.5567408204078674, 0.17013821005821228, 0.15762463212013245, -0.4918745160102844, 0.8562791347503662], "cam_t_m2c": [272.7945556640625, -252.36720275878906, 1222.416259765625], "obj_id": 0}, {"cam_R_m2c": [-0.9113917946815491, -0.39855247735977173, -0.10256954282522202, -0.41144976019859314, 0.8876378536224365, 0.2069011628627777, 0.00858362764120102, 0.2307702749967575, -0.972970187664032], "cam_t_m2c": [66.31321716308594, 51.19009780883789, 904.410888671875], "obj_id": 0}, {"cam_R_m2c": [0.3355256915092468, -0.5889455080032349, 0.7352316379547119, 0.9413748979568481, 0.18049608170986176, -0.28501635789871216, 0.03515275567770004, 0.7877589464187622, 0.6149796843528748], "cam_t_m2c": [290.6178894042969, -193.51927185058594, 1469.04296875], "obj_id": 2}, {"cam_R_m2c": [-0.5106543898582458, 0.8243764042854309, 0.24420416355133057, -0.49896225333213806, -0.515451967716217, 0.6966677308082581, 0.7001919150352478, 0.2339077740907669, 0.6745505332946777], "cam_t_m2c": [371.46636962890625, -236.72830200195312, 1201.245849609375], "obj_id": 1}, {"cam_R_m2c": [-0.5703822374343872, 0.26124513149261475, 0.7787264585494995, -0.7709324955940247, 0.1568640023469925, -0.617297887802124, -0.283420205116272, -0.952441394329071, 0.1119300127029419], "cam_t_m2c": [291.4217529296875, -190.76197814941406, 828.4473876953125], "obj_id": 2}, {"cam_R_m2c": [0.6135467290878296, 0.7888423204421997, 0.035890866070985794, 0.768244206905365, -0.606804370880127, 0.20393390953540802, 0.18265044689178467, -0.09755001962184906, -0.9783263802528381], "cam_t_m2c": [337.8658447265625, -257.1743469238281, 1033.8270263671875], "obj_id": 0}, {"cam_R_m2c": [-0.1709931343793869, 0.8412392139434814, 0.5129112005233765, 0.5717311501502991, 0.5086870789527893, -0.6437087059020996, -0.8024243116378784, 0.18317753076553345, -0.5679446458816528], "cam_t_m2c": [-13.467497825622559, -15.905991554260254, 1183.6995849609375], "obj_id": 3}, {"cam_R_m2c": [-0.9498286247253418, 0.13311241567134857, 0.28303083777427673, -0.24244947731494904, 0.2583328187465668, -0.9351376295089722, -0.1975945681333542, -0.956841230392456, -0.21309880912303925], "cam_t_m2c": [-81.06607818603516, 64.79106903076172, 957.7884521484375], "obj_id": 1}, {"cam_R_m2c": [-0.09818088263273239, 0.7732310891151428, -0.6264775395393372, 0.5275774598121643, -0.4933342933654785, -0.6915802359580994, -0.8438142538070679, -0.3984154164791107, -0.35950326919555664], "cam_t_m2c": [48.66500473022461, 3.0711615085601807, 1037.6361083984375], "obj_id": 3}, {"cam_R_m2c": [0.3779663145542145, 0.2639903128147125, 0.8873840570449829, 0.1912694275379181, 0.9155418276786804, -0.35383498668670654, -0.9058462381362915, 0.30346715450286865, 0.29555070400238037], "cam_t_m2c": [-8.548187255859375, 39.93328094482422, 884.693359375], "obj_id": 3}, {"cam_R_m2c": [0.8537212610244751, 0.45382609963417053, 0.2553465962409973, 0.44092273712158203, -0.8908795714378357, 0.10918212682008743, 0.2770327627658844, 0.01937701739370823, -0.9606651067733765], "cam_t_m2c": [218.76876831054688, -167.72988891601562, 1026.061279296875], "obj_id": 0}]
}