{
  "0": [{"cam_R_m2c": [0.5937995314598083, 0.7865515947341919, -0.16952483355998993, -0.21989895403385162, -0.04402875155210495, -0.9745285511016846, -0.773980975151062, 0.6159529089927673, 0.1468176394701004], "cam_t_m2c": [1312.3983154296875, 5484.45458984375, 5517.95068359375], "obj_id": 0}, {"cam_R_m2c": [-0.3746460974216461, 0.5005990862846375, 0.7804107069969177, -0.592304527759552, -0.7767928838729858, 0.21393507719039917, 0.7133131623268127, -0.38209083676338196, 0.5875295400619507], "cam_t_m2c": [-838.3115234375, 2224.926513671875, 5403.3974609375], "obj_id": 2}, {"cam_R_m2c": [-0.0412725955247879, -0.44121691584587097, 0.8964508771896362, -0.5939887166023254, 0.7322851419448853, 0.3330702781677246, -0.8034139275550842, -0.5187350511550903, -0.2923011779785156], "cam_t_m2c": [-2305.431884765625, -27388.1640625, -215.89508056640625], "obj_id": 2}, {"cam_R_m2c": [-0.39213255047798157, 0.15462055802345276, 0.9068211913108826, -0.7823519110679626, 0.4624900817871094, -0.41716721653938293, -0.48389846086502075, -0.8730380535125732, -0.060389768332242966], "cam_t_m2c": [374.7370300292969, -191.7115478515625, 987.6406860351562], "obj_id": 2}],
  "1": [{"cam_R_m2c": [0.6724824905395508, -0.48949459195137024, -0.5551236271858215, -0.6866857409477234, -0.1328529566526413, -0.7147115468978882, 0.2760976254940033, 0.8618265390396118, -0.4254702627658844], "cam_t_m2c": [-1615.84423828125, 5704.6982421875, 4838.90087890625], "obj_id": 0}, {"cam_R_m2c": [-0.9306961894035339, 0.07738658785820007, -0.3575133979320526, -0.11303586512804031, -0.9903742074966431, 0.07988616824150085, -0.3478899300098419, 0.1147615909576416, 0.9304850101470947], "cam_t_m2c": [-3097.108642578125, 3725.177001953125, 1814.2027587890625], "obj_id": 2}, {"cam_R_m2c": [0.4751051068305969, 0.7244886159896851, 0.4993910491466522, -0.7676952481269836, 0.6186383366584778, -0.16712455451488495, -0.43002229928970337, -0.3039783835411072, 0.8501046895980835], "cam_t_m2c": [-10458.51171875, -22908.73828125, -10314.7900390625], "obj_id": 2}, {"cam_R_m2c": [0.07027961313724518, 0.9973246455192566, -0.020107248798012733, -0.6810763478279114, 0.03324713930487633, -0.7314571738243103, -0.7288317680358887, 0.06510110199451447, 0.6815908551216125], "cam_t_m2c": [21.91533660888672, -333.9468994140625, 1034.7032470703125], "obj_id": 2}]
}