{
  "0": [{"cam_R_m2c": [-0.026858456432819366, -0.9562915563583374, -0.29117894172668457, -0.08855704218149185, 0.29241493344306946, -0.9521823525428772, 0.9957089424133301, 0.00021183720673434436, -0.0925401896238327], "cam_t_m2c": [190.01327514648438, -30.086294174194336, 399.7879943847656], "obj_id": 0}, {"cam_R_m2c": [-0.026858456432819366, -0.9562915563583374, -0.29117894172668457, -0.08855704218149185, 0.29241493344306946, -0.9521823525428772, 0.9957089424133301, 0.00021183720673434436, -0.0925401896238327], "cam_t_m2c": [190.01327514648438, -30.086294174194336, 399.7879943847656], "obj_id": 3}, {"cam_R_m2c": [-0.026858456432819366, -0.9562915563583374, -0.29117894172668457, -0.08855704218149185, 0.29241493344306946, -0.9521823525428772, 0.9957089424133301, 0.00021183720673434436, -0.0925401896238327], "cam_t_m2c": [190.01327514648438, -30.086294174194336, 399.7879943847656], "obj_id": 0}, {"cam_R_m2c": [-0.026858456432819366, -0.9562915563583374, -0.29117894172668457, -0.08855704218149185, 0.29241493344306946, -0.9521823525428772, 0.9957089424133301, 0.00021183720673434436, -0.0925401896238327], "cam_t_m2c": [190.01327514648438, -30.086294174194336, 399.7879943847656], "obj_id": 2}, {"cam_R_m2c": [-0.026858456432819366, -0.9562915563583374, -0.29117894172668457, -0.08855704218149185, 0.29241493344306946, -0.9521823525428772, 0.9957089424133301, 0.00021183720673434436, -0.0925401896238327], "cam_t_m2c": [190.01327514648438, -30.086294174194336, 399.7879943847656], "obj_id": 2}, {"cam_R_m2c": [-0.026858456432819366, -0.9562915563583374, -0.29117894172668457, -0.08855704218149185, 0.29241493344306946, -0.9521823525428772, 0.9957089424133301, 0.00021183720673434436, -0.0925401896238327], "cam_t_m2c": [190.01327514648438, -30.086294174194336, 399.7879943847656], "obj_id": 1}, {"cam_R_m2c": [-0.026858456432819366, -0.9562915563583374, -0.29117894172668457, -0.08855704218149185, 0.29241493344306946, -0.9521823525428772, 0.9957089424133301, 0.00021183720673434436, -0.0925401896238327], "cam_t_m2c": [190.01327514648438, -30.086294174194336, 399.7879943847656], "obj_id": 3}, {"cam_R_m2c": [-0.026858456432819366, -0.9562915563583374, -0.29117894172668457, -0.08855704218149185, 0.29241493344306946, -0.9521823525428772, 0.9957089424133301, 0.00021183720673434436, -0.0925401896238327], "cam_t_m2c": [190.01327514648438, -30.086294174194336, 399.7879943847656], "obj_id": 3}, {"cam_R_m2c": [-0.026858456432819366, -0.9562915563583374, -0.29117894172668457, -0.08855704218149185, 0.29241493344306946, -0.9521823525428772, 0.9957089424133301, 0.00021183720673434436, -0.0925401896238327], "cam_t_m2c": [190.01327514648438, -30.086294174194336, 399.7879943847656], "obj_id": 2}, {"cam_R_m2c": [-0.026858456432819366, -0.9562915563583374, -0.29117894172668457, -0.08855704218149185, 0.29241493344306946, -0.9521823525428772, 0.9957089424133301, 0.00021183720673434436, -0.0925401896238327], "cam_t_m2c": [190.01327514648438, -30.086294174194336, 399.7879943847656], "obj_id": 3}, {"cam_R_m2c": [-0.026858456432819366, -0.9562915563583374, -0.29117894172668457, -0.08855704218149185, 0.29241493344306946, -0.9521823525428772, 0.9957089424133301, 0.00021183720673434436, -0.0925401896238327], "cam_t_m2c": [190.01327514648438, -30.086294174194336, 399.7879943847656], "obj_id": 2}, {"cam_R_m2c": [-0.026858456432819366, -0.9562915563583374, -0.29117894172668457, -0.08855704218149185, 0.29241493344306946, -0.9521823525428772, 0.9957089424133301, 0.00021183720673434436, -0.0925401896238327], "cam_t_m2c": [190.01327514648438, -30.086294174194336, 399.7879943847656], "obj_id": 1}, {"cam_R_m2c": [-0.33494168519973755, -0.3002115786075592, 0.8931332230567932, -0.9275742769241333, 0.2716383934020996, -0.25655117630958557, -0.1655896008014679, -0.9143770933151245, -0.36945152282714844], "cam_t_m2c": [317.5055236816406, -108.797119140625, 461.57635498046875], "obj_id": 1}, {"cam_R_m2c": [-0.6777530908584595, 0.48897093534469604, -0.5491431951522827, 0.4720255732536316, -0.2832944393157959, -0.8348270058631897, -0.563775360584259, -0.82501620054245, -0.0388031043112278], "cam_t_m2c": [25.910343170166016, -50.72700500488281, 527.5327758789062], "obj_id": 2}, {"cam_R_m2c": [0.3100407123565674, 0.27386578917503357, 0.9104242324829102, 0.9129675030708313, -0.3529500961303711, -0.20473550260066986, 0.26526427268981934, 0.8946640491485596, -0.3594594895839691], "cam_t_m2c": [230.76747131347656, -84.10884094238281, 445.803955078125], "obj_id": 4}],
  "1": [{"cam_R_m2c": [-0.026858456432819366, -0.9562915563583374, -0.29117894172668457, -0.08855704218149185, 0.29241493344306946, -0.9521823525428772, 0.9957089424133301, 0.00021183720673434436, -0.0925401896238327], "cam_t_m2c": [190.01327514648438, -30.086294174194336, 399.7879943847656], "obj_id": 0}, {"cam_R_m2c": [-0.026858456432819366, -0.9562915563583374, -0.29117894172668457, -0.08855704218149185, 0.29241493344306946, -0.9521823525428772, 0.9957089424133301, 0.00021183720673434436, -0.0925401896238327], "cam_t_m2c": [190.01327514648438, -30.086294174194336, 399.7879943847656], "obj_id": 3}, {"cam_R_m2c": [-0.026858456432819366, -0.9562915563583374, -0.29117894172668457, -0.08855704218149185, 0.29241493344306946, -0.9521823525428772, 0.9957089424133301, 0.00021183720673434436, -0.0925401896238327], "cam_t_m2c": [190.01327514648438, -30.086294174194336, 399.7879943847656], "obj_id": 0}, {"cam_R_m2c": [-0.026858456432819366, -0.9562915563583374, -0.29117894172668457, -0.08855704218149185, 0.29241493344306946, -0.9521823525428772, 0.9957089424133301, 0.00021183720673434436, -0.0925401896238327], "cam_t_m2c": [190.01327514648438, -30.086294174194336, 399.7879943847656], "obj_id": 2}, {"cam_R_m2c": [-0.026858456432819366, -0.9562915563583374, -0.29117894172668457, -0.08855704218149185, 0.29241493344306946, -0.9521823525428772, 0.9957089424133301, 0.00021183720673434436, -0.0925401896238327], "cam_t_m2c": [190.01327514648438, -30.086294174194336, 399.7879943847656], "obj_id": 2}, {"cam_R_m2c": [-0.026858456432819366, -0.9562915563583374, -0.29117894172668457, -0.08855704218149185, 0.29241493344306946, -0.9521823525428772, 0.9957089424133301, 0.00021183720673434436, -0.0925401896238327], "cam_t_m2c": [190.01327514648438, -30.086294174194336, 399.7879943847656], "obj_id": 1}, {"cam_R_m2c": [-0.026858456432819366, -0.9562915563583374, -0.29117894172668457, -0.08855704218149185, 0.29241493344306946, -0.9521823525428772, 0.9957089424133301, 0.00021183720673434436, -0.0925401896238327], "cam_t_m2c": [190.01327514648438, -30.086294174194336, 399.7879943847656], "obj_id": 3}, {"cam_R_m2c": [-0.026858456432819366, -0.9562915563583374, -0.29117894172668457, -0.08855704218149185, 0.29241493344306946, -0.9521823525428772, 0.9957089424133301, 0.00021183720673434436, -0.0925401896238327], "cam_t_m2c": [190.01327514648438, -30.086294174194336, 399.7879943847656], "obj_id": 3}, {"cam_R_m2c": [-0.026858456432819366, -0.9562915563583374, -0.29117894172668457, -0.08855704218149185, 0.29241493344306946, -0.9521823525428772, 0.9957089424133301, 0.00021183720673434436, -0.0925401896238327], "cam_t_m2c": [190.01327514648438, -30.086294174194336, 399.7879943847656], "obj_id": 2}, {"cam_R_m2c": [-0.026858456432819366, -0.9562915563583374, -0.29117894172668457, -0.08855704218149185, 0.29241493344306946, -0.9521823525428772, 0.9957089424133301, 0.00021183720673434436, -0.0925401896238327], "cam_t_m2c": [190.01327514648438, -30.086294174194336, 399.7879943847656], "obj_id": 3}, {"cam_R_m2c": [-0.026858456432819366, -0.9562915563583374, -0.29117894172668457, -0.08855704218149185, 0.29241493344306946, -0.9521823525428772, 0.9957089424133301, 0.00021183720673434436, -0.0925401896238327], "cam_t_m2c": [190.01327514648438, -30.086294174194336, 399.7879943847656], "obj_id": 2}, {"cam_R_m2c": [-0.026858456432819366, -0.9562915563583374, -0.29117894172668457, -0.08855704218149185, 0.29241493344306946, -0.9521823525428772, 0.9957089424133301, 0.00021183720673434436, -0.0925401896238327], "cam_t_m2c": [190.01327514648438, -30.086294174194336, 399.7879943847656], "obj_id": 1}, {"cam_R_m2c": [-0.33494168519973755, -0.3002115786075592, 0.8931332230567932, -0.9275742769241333, 0.2716383934020996, -0.25655117630958557, -0.1655896008014679, -0.9143770933151245, -0.36945152282714844], "cam_t_m2c": [317.5055236816406, -108.797119140625, 461.57635498046875], "obj_id": 1}, {"cam_R_m2c": [-0.6777530908584595, 0.48897093534469604, -0.5491431951522827, 0.4720255732536316, -0.2832944393157959, -0.8348270058631897, -0.563775360584259, -0.82501620054245, -0.0388031043112278], "cam_t_m2c": [25.910343170166016, -50.72700500488281, 527.5327758789062], "obj_id": 2}, {"cam_R_m2c": [0.3100407123565674, 0.27386578917503357, 0.9104242324829102, 0.9129675030708313, -0.3529500961303711, -0.20473550260066986, 0.26526427268981934, 0.8946640491485596, -0.3594594895839691], "cam_t_m2c": [230.76747131347656, -84.10884094238281, 445.803955078125], "obj_id": 4}],
  "2": [{"cam_R_m2c": [0.9482581615447998, 0.20339784026145935, 0.24379447102546692, 0.2873274087905884, -0.2230374664068222, -0.9315025210380554, -0.13509029150009155, 0.953353762626648, -0.2699388861656189], "cam_t_m2c": [-299.1687927246094, -44.49021911621094, 675.3433227539062], "obj_id": 0}, {"cam_R_m2c": [0.9482581615447998, 0.20339784026145935, 0.24379447102546692, 0.2873274087905884, -0.2230374664068222, -0.9315025210380554, -0.13509029150009155, 0.953353762626648, -0.2699388861656189], "cam_t_m2c": [-299.1687927246094, -44.49021911621094, 675.3433227539062], "obj_id": 3}, {"cam_R_m2c": [0.9482581615447998, 0.20339784026145935, 0.24379447102546692, 0.2873274087905884, -0.2230374664068222, -0.9315025210380554, -0.13509029150009155, 0.953353762626648, -0.2699388861656189], "cam_t_m2c": [-299.1687927246094, -44.49021911621094, 675.3433227539062], "obj_id": 0}, {"cam_R_m2c": [0.9482581615447998, 0.20339784026145935, 0.24379447102546692, 0.2873274087905884, -0.2230374664068222, -0.9315025210380554, -0.13509029150009155, 0.953353762626648, -0.2699388861656189], "cam_t_m2c": [-299.1687927246094, -44.49021911621094, 675.3433227539062], "obj_id": 2}, {"cam_R_m2c": [0.9482581615447998, 0.20339784026145935, 0.24379447102546692, 0.2873274087905884, -0.2230374664068222, -0.9315025210380554, -0.13509029150009155, 0.953353762626648, -0.2699388861656189], "cam_t_m2c": [-299.1687927246094, -44.49021911621094, 675.3433227539062], "obj_id": 2}, {"cam_R_m2c": [0.9482581615447998, 0.20339784026145935, 0.24379447102546692, 0.2873274087905884, -0.2230374664068222, -0.9315025210380554, -0.13509029150009155, 0.953353762626648, -0.2699388861656189], "cam_t_m2c": [-299.1687927246094, -44.49021911621094, 675.3433227539062], "obj_id": 1}, {"cam_R_m2c": [0.9482581615447998, 0.20339784026145935, 0.24379447102546692, 0.2873274087905884, -0.2230374664068222, -0.9315025210380554, -0.13509029150009155, 0.953353762626648, -0.2699388861656189], "cam_t_m2c": [-299.1687927246094, -44.49021911621094, 675.3433227539062], "obj_id": 3}, {"cam_R_m2c": [0.9482581615447998, 0.20339784026145935, 0.24379447102546692, 0.2873274087905884, -0.2230374664068222, -0.9315025210380554, -0.13509029150009155, 0.953353762626648, -0.2699388861656189], "cam_t_m2c": [-299.1687927246094, -44.49021911621094, 675.3433227539062], "obj_id": 3}, {"cam_R_m2c": [0.9482581615447998, 0.20339784026145935, 0.24379447102546692, 0.2873274087905884, -0.2230374664068222, -0.9315025210380554, -0.13509029150009155, 0.953353762626648, -0.2699388861656189], "cam_t_m2c": [-299.1687927246094, -44.49021911621094, 675.3433227539062], "obj_id": 2}, {"cam_R_m2c": [0.9482581615447998, 0.20339784026145935, 0.24379447102546692, 0.2873274087905884, -0.2230374664068222, -0.9315025210380554, -0.13509029150009155, 0.953353762626648, -0.2699388861656189], "cam_t_m2c": [-299.1687927246094, -44.49021911621094, 675.3433227539062], "obj_id": 3}, {"cam_R_m2c": [0.9482581615447998, 0.20339784026145935, 0.24379447102546692, 0.2873274087905884, -0.2230374664068222, -0.9315025210380554, -0.13509029150009155, 0.953353762626648, -0.2699388861656189], "cam_t_m2c": [-299.1687927246094, -44.49021911621094, 675.3433227539062], "obj_id": 2}, {"cam_R_m2c": [0.9482581615447998, 0.20339784026145935, 0.24379447102546692, 0.2873274087905884, -0.2230374664068222, -0.9315025210380554, -0.13509029150009155, 0.953353762626648, -0.2699388861656189], "cam_t_m2c": [-299.1687927246094, -44.49021911621094, 675.3433227539062], "obj_id": 1}, {"cam_R_m2c": [0.182885080575943, -0.8251163959503174, -0.5345427989959717, -0.9599663019180298, -0.26721394062042236, 0.08403261005878448, -0.2121739536523819, 0.49777477979660034, -0.8409534096717834], "cam_t_m2c": [-259.1159362792969, -23.377666473388672, 519.7235717773438], "obj_id": 1}, {"cam_R_m2c": [-0.4435521364212036, -0.8299635052680969, 0.3382633328437805, -0.15714912116527557, -0.2995533049106598, -0.9410483241081238, 0.8823636770248413, -0.47056177258491516, 0.0024394637439399958], "cam_t_m2c": [-128.38487243652344, -91.61872863769531, 786.1868896484375], "obj_id": 2}, {"cam_R_m2c": [-0.08002384006977081, 0.8354805111885071, -0.5436620116233826, 0.9735656380653381, 0.18256574869155884, 0.1372571885585785, 0.21392974257469177, -0.5183068513870239, -0.8280047178268433], "cam_t_m2c": [-254.7511444091797, -50.94694519042969, 606.9168090820312], "obj_id": 4}],
  "3": [{"cam_R_m2c": [0.9482581615447998, 0.20339784026145935, 0.24379447102546692, 0.2873274087905884, -0.2230374664068222, -0.9315025210380554, -0.13509029150009155, 0.953353762626648, -0.2699388861656189], "cam_t_m2c": [-299.1687927246094, -44.49021911621094, 675.3433227539062], "obj_id": 0}, {"cam_R_m2c": [0.9482581615447998, 0.20339784026145935, 0.24379447102546692, 0.2873274087905884, -0.2230374664068222, -0.9315025210380554, -0.13509029150009155, 0.953353762626648, -0.2699388861656189], "cam_t_m2c": [-299.1687927246094, -44.49021911621094, 675.3433227539062], "obj_id": 3}, {"cam_R_m2c": [0.9482581615447998, 0.20339784026145935, 0.24379447102546692, 0.2873274087905884, -0.2230374664068222, -0.9315025210380554, -0.13509029150009155, 0.953353762626648, -0.2699388861656189], "cam_t_m2c": [-299.1687927246094, -44.49021911621094, 675.3433227539062], "obj_id": 0}, {"cam_R_m2c": [0.9482581615447998, 0.20339784026145935, 0.24379447102546692, 0.2873274087905884, -0.2230374664068222, -0.9315025210380554, -0.13509029150009155, 0.953353762626648, -0.2699388861656189], "cam_t_m2c": [-299.1687927246094, -44.49021911621094, 675.3433227539062], "obj_id": 2}, {"cam_R_m2c": [0.9482581615447998, 0.20339784026145935, 0.24379447102546692, 0.2873274087905884, -0.2230374664068222, -0.9315025210380554, -0.13509029150009155, 0.953353762626648, -0.2699388861656189], "cam_t_m2c": [-299.1687927246094, -44.49021911621094, 675.3433227539062], "obj_id": 2}, {"cam_R_m2c": [0.9482581615447998, 0.20339784026145935, 0.24379447102546692, 0.2873274087905884, -0.2230374664068222, -0.9315025210380554, -0.13509029150009155, 0.953353762626648, -0.2699388861656189], "cam_t_m2c": [-299.1687927246094, -44.49021911621094, 675.3433227539062], "obj_id": 1}, {"cam_R_m2c": [0.9482581615447998, 0.20339784026145935, 0.24379447102546692, 0.2873274087905884, -0.2230374664068222, -0.9315025210380554, -0.13509029150009155, 0.953353762626648, -0.2699388861656189], "cam_t_m2c": [-299.1687927246094, -44.49021911621094, 675.3433227539062], "obj_id": 3}, {"cam_R_m2c": [0.9482581615447998, 0.20339784026145935, 0.24379447102546692, 0.2873274087905884, -0.2230374664068222, -0.9315025210380554, -0.13509029150009155, 0.953353762626648, -0.2699388861656189], "cam_t_m2c": [-299.1687927246094, -44.49021911621094, 675.3433227539062], "obj_id": 3}, {"cam_R_m2c": [0.9482581615447998, 0.20339784026145935, 0.24379447102546692, 0.2873274087905884, -0.2230374664068222, -0.9315025210380554, -0.13509029150009155, 0.953353762626648, -0.2699388861656189], "cam_t_m2c": [-299.1687927246094, -44.49021911621094, 675.3433227539062], "obj_id": 2}, {"cam_R_m2c": [0.9482581615447998, 0.20339784026145935, 0.24379447102546692, 0.2873274087905884, -0.2230374664068222, -0.9315025210380554, -0.13509029150009155, 0.953353762626648, -0.2699388861656189], "cam_t_m2c": [-299.1687927246094, -44.49021911621094, 675.3433227539062], "obj_id": 3}, {"cam_R_m2c": [0.9482581615447998, 0.20339784026145935, 0.24379447102546692, 0.2873274087905884, -0.2230374664068222, -0.9315025210380554, -0.13509029150009155, 0.953353762626648, -0.2699388861656189], "cam_t_m2c": [-299.1687927246094, -44.49021911621094, 675.3433227539062], "obj_id": 2}, {"cam_R_m2c": [0.9482581615447998, 0.20339784026145935, 0.24379447102546692, 0.2873274087905884, -0.2230374664068222, -0.9315025210380554, -0.13509029150009155, 0.953353762626648, -0.2699388861656189], "cam_t_m2c": [-299.1687927246094, -44.49021911621094, 675.3433227539062], "obj_id": 1}, {"cam_R_m2c": [0.182885080575943, -0.8251163959503174, -0.5345427989959717, -0.9599663019180298, -0.26721394062042236, 0.08403261005878448, -0.2121739536523819, 0.49777477979660034, -0.8409534096717834], "cam_t_m2c": [-259.1159362792969, -23.377666473388672, 519.7235717773438], "obj_id": 1}, {"cam_R_m2c": [-0.4435521364212036, -0.8299635052680969, 0.3382633328437805, -0.15714912116527557, -0.2995533049106598, -0.9410483241081238, 0.8823636770248413, -0.47056177258491516, 0.0024394637439399958], "cam_t_m2c": [-128.38487243652344, -91.61872863769531, 786.1868896484375], "obj_id": 2}, {"cam_R_m2c": [-0.08002384006977081, 0.8354805111885071, -0.5436620116233826, 0.9735656380653381, 0.18256574869155884, 0.1372571885585785, 0.21392974257469177, -0.5183068513870239, -0.8280047178268433], "cam_t_m2c": [-254.7511444091797, -50.94694519042969, 606.9168090820312], "obj_id": 4}],
  "4": [{"cam_R_m2c": [0.9773269891738892, 0.1936921924352646, -0.08552943170070648, -0.043561503291130066, -0.21136698126792908, -0.9764355421066284, -0.20720605552196503, 0.9580225944519043, -0.19813713431358337], "cam_t_m2c": [-306.96453857421875, 45.764671325683594, 817.1509399414062], "obj_id": 0}, {"cam_R_m2c": [0.9773269891738892, 0.1936921924352646, -0.08552943170070648, -0.043561503291130066, -0.21136698126792908, -0.9764355421066284, -0.20720605552196503, 0.9580225944519043, -0.19813713431358337], "cam_t_m2c": [-306.96453857421875, 45.764671325683594, 817.1509399414062], "obj_id": 3}, {"cam_R_m2c": [0.9773269891738892, 0.1936921924352646, -0.08552943170070648, -0.043561503291130066, -0.21136698126792908, -0.9764355421066284, -0.20720605552196503, 0.9580225944519043, -0.19813713431358337], "cam_t_m2c": [-306.96453857421875, 45.764671325683594, 817.1509399414062], "obj_id": 0}, {"cam_R_m2c": [0.9773269891738892, 0.1936921924352646, -0.08552943170070648, -0.043561503291130066, -0.21136698126792908, -0.9764355421066284, -0.20720605552196503, 0.9580225944519043, -0.19813713431358337], "cam_t_m2c": [-306.96453857421875, 45.764671325683594, 817.1509399414062], "obj_id": 2}, {"cam_R_m2c": [0.9773269891738892, 0.1936921924352646, -0.08552943170070648, -0.043561503291130066, -0.21136698126792908, -0.9764355421066284, -0.20720605552196503, 0.9580225944519043, -0.19813713431358337], "cam_t_m2c": [-306.96453857421875, 45.764671325683594, 817.1509399414062], "obj_id": 2}, {"cam_R_m2c": [0.9773269891738892, 0.1936921924352646, -0.08552943170070648, -0.043561503291130066, -0.21136698126792908, -0.9764355421066284, -0.20720605552196503, 0.9580225944519043, -0.19813713431358337], "cam_t_m2c": [-306.96453857421875, 45.764671325683594, 817.1509399414062], "obj_id": 1}, {"cam_R_m2c": [0.9773269891738892, 0.1936921924352646, -0.08552943170070648, -0.043561503291130066, -0.21136698126792908, -0.9764355421066284, -0.20720605552196503, 0.9580225944519043, -0.19813713431358337], "cam_t_m2c": [-306.96453857421875, 45.764671325683594, 817.1509399414062], "obj_id": 3}, {"cam_R_m2c": [0.9773269891738892, 0.1936921924352646, -0.08552943170070648, -0.043561503291130066, -0.21136698126792908, -0.9764355421066284, -0.20720605552196503, 0.9580225944519043, -0.19813713431358337], "cam_t_m2c": [-306.96453857421875, 45.764671325683594, 817.1509399414062], "obj_id": 3}, {"cam_R_m2c": [0.9773269891738892, 0.1936921924352646, -0.08552943170070648, -0.043561503291130066, -0.21136698126792908, -0.9764355421066284, -0.20720605552196503, 0.9580225944519043, -0.19813713431358337], "cam_t_m2c": [-306.96453857421875, 45.764671325683594, 817.1509399414062], "obj_id": 2}, {"cam_R_m2c": [0.9773269891738892, 0.1936921924352646, -0.08552943170070648, -0.043561503291130066, -0.21136698126792908, -0.9764355421066284, -0.20720605552196503, 0.9580225944519043, -0.19813713431358337], "cam_t_m2c": [-306.96453857421875, 45.764671325683594, 817.1509399414062], "obj_id": 3}, {"cam_R_m2c": [0.9773269891738892, 0.1936921924352646, -0.08552943170070648, -0.043561503291130066, -0.21136698126792908, -0.9764355421066284, -0.20720605552196503, 0.9580225944519043, -0.19813713431358337], "cam_t_m2c": [-306.96453857421875, 45.764671325683594, 817.1509399414062], "obj_id": 2}, {"cam_R_m2c": [0.9773269891738892, 0.1936921924352646, -0.08552943170070648, -0.043561503291130066, -0.21136698126792908, -0.9764355421066284, -0.20720605552196503, 0.9580225944519043, -0.19813713431358337], "cam_t_m2c": [-306.96453857421875, 45.764671325683594, 817.1509399414062], "obj_id": 1}, {"cam_R_m2c": [-0.14776434004306793, -0.8270774483680725, -0.5423178672790527, -0.9797508716583252, 0.04750370606780052, 0.1945037990808487, -0.13510756194591522, 0.5600771307945251, -0.8173492550849915], "cam_t_m2c": [-274.1869201660156, 42.21255874633789, 658.4674072265625], "obj_id": 1}, {"cam_R_m2c": [-0.4023415446281433, -0.9152400493621826, 0.021367397159337997, 0.054562680423259735, -0.04727105796337128, -0.997390627861023, 0.9138620495796204, -0.40012601017951965, 0.06895725429058075], "cam_t_m2c": [-152.0822296142578, -46.252662658691406, 923.06982421875], "obj_id": 2}, {"cam_R_m2c": [0.24944737553596497, 0.8084626197814941, -0.5330705046653748, 0.9595531821250916, -0.1321631371974945, 0.24857687950134277, 0.13051281869411469, -0.5735163688659668, -0.8087306022644043], "cam_t_m2c": [-272.2060852050781, 20.700462341308594, 747.43408203125], "obj_id": 4}]
}