{
  "0": [{"cam_R_m2c": [0.3811706006526947, 0.04693178832530975, -0.9233127236366272, 0.6581741571426392, 0.6875787377357483, 0.30666306614875793, 0.6492424011230469, -0.7245915532112122, 0.23119550943374634], "cam_t_m2c": [124.50082397460938, -236.90994262695312, 747.0204467773438], "obj_id": 2}, {"cam_R_m2c": [-0.07240096479654312, 0.9528613090515137, 0.29464098811149597, -0.6326684951782227, 0.1844978630542755, -0.7521243691444397, -0.771030843257904, -0.24086464941501617, 0.589487612247467], "cam_t_m2c": [380.2255859375, -216.4526824951172, 572.56494140625], "obj_id": 0}, {"cam_R_m2c": [0.17531660199165344, -0.8599302768707275, 0.4793579876422882, 0.60556560754776, -0.2897079885005951, -0.7411879897117615, 0.7762438058853149, 0.42022526264190674, 0.4699535369873047], "cam_t_m2c": [94.68722534179688, -304.81494140625, 733.5327758789062], "obj_id": 0}, {"cam_R_m2c": [-0.841712474822998, 0.5354522466659546, 0.06935915350914001, 0.5375342965126038, 0.8431186676025391, 0.01441278401762247, -0.05076063796877861, 0.04941434785723686, -0.997487485408783], "cam_t_m2c": [-58.8224983215332, -254.5894317626953, 807.0250244140625], "obj_id": 3}, {"cam_R_m2c": [0.5569469928741455, 0.6461448073387146, 0.5218303203582764, 0.48562321066856384, -0.7630499005317688, 0.42652639746665955, 0.6737804412841797, 0.015860339626669884, -0.7387612462043762], "cam_t_m2c": [198.35189819335938, -214.78317260742188, 581.400390625], "obj_id": 0}, {"cam_R_m2c": [-0.7122873663902283, 0.6919515132904053, 0.11768490821123123, -0.5711026191711426, -0.6688310503959656, 0.4759272336959839, 0.4080298840999603, 0.27178680896759033, 0.8715752959251404], "cam_t_m2c": [121.788818359375, -280.24505615234375, 794.4979248046875], "obj_id": 1}, {"cam_R_m2c": [0.1623000055551529, -0.9112968444824219, 0.3784133493900299, 0.6282200813293457, -0.20030222833156586, -0.7518100142478943, 0.7609192132949829, 0.359745591878891, 0.5399860739707947], "cam_t_m2c": [-197.15875244140625, -127.45613098144531, 725.0765991210938], "obj_id": 0}, {"cam_R_m2c": [-0.6377697587013245, -0.338289737701416, -0.6919608116149902, -0.32120275497436523, 0.9333526492118835, -0.16025502979755402, 0.7000560760498047, 0.12005389481782913, -0.7039237022399902], "cam_t_m2c": [-26.136993408203125, -306.703125, 850.8424072265625], "obj_id": 3}, {"cam_R_m2c": [0.966469407081604, 0.01058942824602127, -0.25656333565711975, -0.1746552586555481, -0.7053217887878418, -0.6870346665382385, -0.18823504447937012, 0.7088081240653992, -0.6798224449157715], "cam_t_m2c": [84.03860473632812, -221.59347534179688, 624.1551513671875], "obj_id": 1}, {"cam_R_m2c": [0.7103428244590759, -0.7036163210868835, -0.01835973560810089, 0.2409648597240448, 0.21859470009803772, 0.9455962181091309, -0.661323606967926, -0.6761215329170227, 0.3248240053653717], "cam_t_m2c": [236.06715393066406, -329.29986572265625, 713.5653076171875], "obj_id": 3}, {"cam_R_m2c": [0.3811705410480499, -0.26570653915405273, 0.8854992985725403, 0.6581740975379944, -0.5946400761604309, -0.4617466330528259, 0.6492425203323364, 0.7588168978691101, -0.05177806317806244], "cam_t_m2c": [35.95889663696289, -129.53604125976562, 690.15234375], "obj_id": 2}, {"cam_R_m2c": [0.3811704218387604, 0.7045462727546692, 0.5986013412475586, 0.6581740379333496, -0.6615016460418701, 0.35947489738464355, 0.6492425799369812, 0.25696274638175964, -0.7158588767051697], "cam_t_m2c": [124.55023956298828, -141.21994018554688, 649.9850463867188], "obj_id": 2}, {"cam_R_m2c": [0.27558258175849915, -0.497194766998291, 0.8227099776268005, 0.7320716381072998, -0.4461197853088379, -0.5148285627365112, 0.6229971647262573, 0.7441604137420654, 0.2410392463207245], "cam_t_m2c": [11.713839530944824, -100.37706756591797, 661.06201171875], "obj_id": 1}, {"cam_R_m2c": [0.9127383232116699, 0.21521171927452087, 0.34726452827453613, -0.3795941174030304, 0.7610135674476624, 0.5260860919952393, -0.15105311572551727, -0.6119985580444336, 0.7762993574142456], "cam_t_m2c": [-75.50264739990234, -157.7571563720703, 700.5762939453125], "obj_id": 3}, {"cam_R_m2c": [-0.4481780230998993, -0.6642426252365112, 0.5982627272605896, 0.8924274444580078, -0.2934812903404236, 0.34269824624061584, -0.05205586552619934, 0.6874958276748657, 0.724320113658905], "cam_t_m2c": [56.48451232910156, -228.89002990722656, 806.6983032226562], "obj_id": 1}, {"cam_R_m2c": [-0.23111863434314728, 0.9691385626792908, 0.08575852960348129, -0.6822866797447205, -0.09860853105783463, -0.724403977394104, -0.6935913562774658, -0.2259352058172226, 0.6840206980705261], "cam_t_m2c": [106.43923950195312, -165.69378662109375, 590.5392456054688], "obj_id": 2}, {"cam_R_m2c": [0.5919356942176819, 0.7842243313789368, 0.18602214753627777, 0.5380094647407532, -0.5563124418258667, 0.6332945823669434, 0.6001315116882324, -0.2747879922389984, -0.7512212991714478], "cam_t_m2c": [201.39732360839844, -142.19229125976562, 506.022705078125], "obj_id": 0}, {"cam_R_m2c": [-0.6294349431991577, -0.6500654220581055, 0.4257071614265442, -0.43648579716682434, 0.7490353584289551, 0.49842369556427, -0.6428776979446411, 0.12791016697883606, -0.7552133202552795], "cam_t_m2c": [-312.5198669433594, -35.15913391113281, 795.488525390625], "obj_id": 0}, {"cam_R_m2c": [-0.26031494140625, 0.44791877269744873, -0.8553390502929688, -0.8513869047164917, -0.5243104100227356, -0.015455550514161587, -0.4553860127925873, 0.7242011427879333, 0.5178380608558655], "cam_t_m2c": [20.68743133544922, -367.0528259277344, 846.576904296875], "obj_id": 2}, {"cam_R_m2c": [0.3987899124622345, 0.006705472711473703, -0.9170178174972534, 0.8164314031600952, 0.45279043912887573, 0.3583581745624542, 0.41761985421180725, -0.8915917873382568, 0.17509369552135468], "cam_t_m2c": [-78.8154296875, -75.1929702758789, 687.7584228515625], "obj_id": 2}, {"cam_R_m2c": [0.365447074174881, -0.9238512516021729, -0.1137857437133789, 0.3355517089366913, 0.2447725087404251, -0.9096655249595642, 0.8682473301887512, 0.2942535877227783, 0.3994513154029846], "cam_t_m2c": [183.52561950683594, -164.0546417236328, 582.0831909179688], "obj_id": 1}, {"cam_R_m2c": [-0.29648855328559875, 0.3080243766307831, 0.9039996862411499, -0.41495367884635925, 0.8109967112541199, -0.4124290943145752, -0.8601790070533752, -0.4973985254764557, -0.11263537406921387], "cam_t_m2c": [-22.056873321533203, -243.49124145507812, 836.15576171875], "obj_id": 0}, {"cam_R_m2c": [0.1472591608762741, -0.6170389652252197, 0.7730314135551453, 0.6500699520111084, 0.6494221091270447, 0.39453765749931335, -0.74546879529953, 0.4444252550601959, 0.4967518746852875], "cam_t_m2c": [99.99026489257812, -452.1467590332031, 890.7971801757812], "obj_id": 3}, {"cam_R_m2c": [0.6516756415367126, -0.16753508150577545, 0.7397640347480774, 0.3068419098854065, 0.9501630663871765, -0.05511993542313576, -0.6936619281768799, 0.26291096210479736, 0.6706048846244812], "cam_t_m2c": [-60.55873107910156, -394.6774597167969, 924.5765991210938], "obj_id": 3}, {"cam_R_m2c": [0.5286861062049866, 0.769944429397583, 0.357318639755249, -0.7312822341918945, 0.1994316428899765, 0.6522678136825562, 0.430949330329895, -0.6061456799507141, 0.6684833765029907], "cam_t_m2c": [-87.91156768798828, -86.72725677490234, 639.3666381835938], "obj_id": 3}, {"cam_R_m2c": [0.9611865282058716, -0.09968433529138565, 0.2572614550590515, -0.10601180791854858, 0.7274251580238342, 0.6779484152793884, -0.2547192871570587, -0.6789076924324036, 0.6886235475540161], "cam_t_m2c": [-54.19342803955078, 5.8457231521606445, 630.4907836914062], "obj_id": 1}, {"cam_R_m2c": [-0.6246491074562073, -0.6362934112548828, -0.4527072310447693, -0.6569181084632874, 0.11471664905548096, 0.7451835870742798, -0.42222240567207336, 0.7628700137138367, -0.4896501898765564], "cam_t_m2c": [112.58284759521484, -161.30844116210938, 673.7952880859375], "obj_id": 0}, {"cam_R_m2c": [-0.7050857543945312, -0.07906481623649597, 0.7047004103660583, 0.5571802854537964, -0.6764794588088989, 0.4815864562988281, 0.4386388659477234, 0.7322050333023071, 0.5210294723510742], "cam_t_m2c": [-25.093727111816406, -85.82171630859375, 709.5565185546875], "obj_id": 1}, {"cam_R_m2c": [-0.19658342003822327, -0.5260621309280396, -0.8274137377738953, -0.973854660987854, 0.006770993582904339, 0.22707106173038483, -0.11385109275579453, 0.8504191637039185, -0.5136391520500183], "cam_t_m2c": [-368.6365661621094, -26.37761878967285, 643.8897094726562], "obj_id": 2}, {"cam_R_m2c": [-0.4514814019203186, -0.8914806246757507, 0.03777013719081879, -0.06614471226930618, 0.07565182447433472, 0.9949379563331604, -0.8898253440856934, 0.44669783115386963, -0.09312201291322708], "cam_t_m2c": [5.27827787399292, 5.833143711090088, 534.2076416015625], "obj_id": 1}, {"cam_R_m2c": [-0.5465577840805054, 0.4587581157684326, 0.7005823254585266, -0.3065165877342224, 0.6689457297325134, -0.6771699786186218, -0.7793087959289551, -0.5848526358604431, -0.2250005304813385], "cam_t_m2c": [199.78683471679688, -201.64651489257812, 572.7781982421875], "obj_id": 2}, {"cam_R_m2c": [0.30171287059783936, 0.9513300061225891, -0.06277304887771606, 0.6908096671104431, -0.17276185750961304, 0.7020934820175171, 0.6570778489112854, -0.25519484281539917, -0.7093124389648438], "cam_t_m2c": [33.30045700073242, -78.11636352539062, 602.095947265625], "obj_id": 2}, {"cam_R_m2c": [0.5194626450538635, 0.19501158595085144, 0.8319429159164429, 0.2620986998081207, -0.9630416631698608, 0.062088169157505035, 0.8133036494255066, 0.18579867482185364, -0.551376461982727], "cam_t_m2c": [-93.91641235351562, -91.7717056274414, 697.8856201171875], "obj_id": 2}, {"cam_R_m2c": [0.5402584075927734, 0.3678174614906311, 0.7568560838699341, -0.017576592043042183, -0.894285261631012, 0.44715192914009094, 0.8413155674934387, -0.25488054752349854, -0.47668012976646423], "cam_t_m2c": [20.57267951965332, 33.7693977355957, 433.8029479980469], "obj_id": 0}, {"cam_R_m2c": [-0.3208880126476288, -0.7966540455818176, 0.5122239589691162, -0.5633366703987122, 0.595298171043396, 0.5729501843452454, -0.7613690495491028, -0.10470171272754669, -0.6398084759712219], "cam_t_m2c": [-110.13221740722656, 9.356444358825684, 534.7567749023438], "obj_id": 1}, {"cam_R_m2c": [-0.18532371520996094, 0.9791975021362305, 0.08262737095355988, -0.7942782640457153, -0.0997544378042221, -0.5993087291717529, -0.5785991549491882, -0.17669528722763062, 0.7962422966957092], "cam_t_m2c": [176.80775451660156, -356.8406677246094, 826.3837890625], "obj_id": 2}, {"cam_R_m2c": [-0.15444524586200714, -0.9869187474250793, 0.046241093426942825, 0.8126304745674133, -0.15351168811321259, -0.5621975064277649, 0.5619417428970337, -0.04925176128745079, 0.8257092833518982], "cam_t_m2c": [-46.59002685546875, -302.36627197265625, 873.4732666015625], "obj_id": 0}, {"cam_R_m2c": [-0.6304821968078613, -0.6624404191970825, -0.40455490350723267, -0.7191889882087708, 0.3024897575378418, 0.6255134344100952, -0.2919917106628418, 0.6853266358375549, -0.667134165763855], "cam_t_m2c": [-51.62782669067383, -90.00003814697266, 593.9429321289062], "obj_id": 1}, {"cam_R_m2c": [-0.4100036025047302, -0.15652216970920563, 0.8985531330108643, 0.9112026691436768, -0.11358585953712463, 0.39598962664604187, 0.040081825107336044, 0.9811212420463562, 0.18919414281845093], "cam_t_m2c": [85.91090393066406, -290.9618225097656, 740.847900390625], "obj_id": 3}, {"cam_R_m2c": [-0.4169441759586334, -0.3319963216781616, -0.8461298942565918, -0.38243016600608826, -0.7804203033447266, 0.4946625530719757, -0.824563205242157, 0.5298323631286621, 0.19842647016048431], "cam_t_m2c": [106.2882308959961, -206.4420166015625, 631.9366455078125], "obj_id": 2}, {"cam_R_m2c": [-0.6511296629905701, -0.7124943733215332, 0.2614991366863251, -0.4710620939731598, 0.6495377421379089, 0.5968259572982788, -0.5950887203216553, 0.2654287815093994, -0.7585623860359192], "cam_t_m2c": [126.99791717529297, -144.39866638183594, 648.1898803710938], "obj_id": 0}, {"cam_R_m2c": [-0.26629897952079773, -0.383158802986145, -0.8844625353813171, -0.5943322777748108, 0.7876755595207214, -0.16228462755680084, 0.7588503360748291, 0.48244842886924744, -0.4374808371067047], "cam_t_m2c": [-126.29923248291016, -73.04054260253906, 667.6597900390625], "obj_id": 3}],
  "1": [{"cam_R_m2c": [0.3811706006526947, 0.04693178832530975, -0.9233127236366272, 0.6581741571426392, 0.6875787377357483, 0.30666306614875793, 0.6492424011230469, -0.7245915532112122, 0.23119550943374634], "cam_t_m2c": [124.50082397460938, -236.90994262695312, 747.0204467773438], "obj_id": 2}, {"cam_R_m2c": [-0.07240096479654312, 0.9528613090515137, 0.29464098811149597, -0.6326684951782227, 0.1844978630542755, -0.7521243691444397, -0.771030843257904, -0.24086464941501617, 0.589487612247467], "cam_t_m2c": [380.2255859375, -216.4526824951172, 572.56494140625], "obj_id": 0}, {"cam_R_m2c": [0.17531660199165344, -0.8599302768707275, 0.4793579876422882, 0.60556560754776, -0.2897079885005951, -0.7411879897117615, 0.7762438058853149, 0.42022526264190674, 0.4699535369873047], "cam_t_m2c": [94.68722534179688, -304.81494140625, 733.5327758789062], "obj_id": 0}, {"cam_R_m2c": [-0.841712474822998, 0.5354522466659546, 0.06935915350914001, 0.5375342965126038, 0.8431186676025391, 0.01441278401762247, -0.05076063796877861, 0.04941434785723686, -0.997487485408783], "cam_t_m2c": [-58.8224983215332, -254.5894317626953, 807.0250244140625], "obj_id": 3}, {"cam_R_m2c": [0.5569469928741455, 0.6461448073387146, 0.5218303203582764, 0.48562321066856384, -0.7630499005317688, 0.42652639746665955, 0.6737804412841797, 0.015860339626669884, -0.7387612462043762], "cam_t_m2c": [198.35189819335938, -214.78317260742188, 581.400390625], "obj_id": 0}, {"cam_R_m2c": [-0.7122873663902283, 0.6919515132904053, 0.11768490821123123, -0.5711026191711426, -0.6688310503959656, 0.4759272336959839, 0.4080298840999603, 0.27178680896759033, 0.8715752959251404], "cam_t_m2c": [121.788818359375, -280.24505615234375, 794.4979248046875], "obj_id": 1}, {"cam_R_m2c": [0.1623000055551529, -0.9112968444824219, 0.3784133493900299, 0.6282200813293457, -0.20030222833156586, -0.7518100142478943, 0.7609192132949829, 0.359745591878891, 0.5399860739707947], "cam_t_m2c": [-197.15875244140625, -127.45613098144531, 725.0765991210938], "obj_id": 0}, {"cam_R_m2c": [-0.6377697587013245, -0.338289737701416, -0.6919608116149902, -0.32120275497436523, 0.9333526492118835, -0.16025502979755402, 0.7000560760498047, 0.12005389481782913, -0.7039237022399902], "cam_t_m2c": [-26.136993408203125, -306.703125, 850.8424072265625], "obj_id": 3}, {"cam_R_m2c": [0.966469407081604, 0.01058942824602127, -0.25656333565711975, -0.1746552586555481, -0.7053217887878418, -0.6870346665382385, -0.18823504447937012, 0.7088081240653992, -0.6798224449157715], "cam_t_m2c": [84.03860473632812, -221.59347534179688, 624.1551513671875], "obj_id": 1}, {"cam_R_m2c": [0.7103428244590759, -0.7036163210868835, -0.01835973560810089, 0.2409648597240448, 0.21859470009803772, 0.9455962181091309, -0.661323606967926, -0.6761215329170227, 0.3248240053653717], "cam_t_m2c": [236.06715393066406, -329.29986572265625, 713.5653076171875], "obj_id": 3}, {"cam_R_m2c": [0.3811705410480499, -0.26570653915405273, 0.8854992985725403, 0.6581740975379944, -0.5946400761604309, -0.4617466330528259, 0.6492425203323364, 0.7588168978691101, -0.05177806317806244], "cam_t_m2c": [35.95889663696289, -129.53604125976562, 690.15234375], "obj_id": 2}, {"cam_R_m2c": [0.3811704218387604, 0.7045462727546692, 0.5986013412475586, 0.6581740379333496, -0.6615016460418701, 0.35947489738464355, 0.6492425799369812, 0.25696274638175964, -0.7158588767051697], "cam_t_m2c": [124.55023956298828, -141.21994018554688, 649.9850463867188], "obj_id": 2}, {"cam_R_m2c": [0.27558258175849915, -0.497194766998291, 0.8227099776268005, 0.7320716381072998, -0.4461197853088379, -0.5148285627365112, 0.6229971647262573, 0.7441604137420654, 0.2410392463207245], "cam_t_m2c": [11.713839530944824, -100.37706756591797, 661.06201171875], "obj_id": 1}, {"cam_R_m2c": [0.9127383232116699, 0.21521171927452087, 0.34726452827453613, -0.3795941174030304, 0.7610135674476624, 0.5260860919952393, -0.15105311572551727, -0.6119985580444336, 0.7762993574142456], "cam_t_m2c": [-75.50264739990234, -157.7571563720703, 700.5762939453125], "obj_id": 3}, {"cam_R_m2c": [-0.4481780230998993, -0.6642426252365112, 0.5982627272605896, 0.8924274444580078, -0.2934812903404236, 0.34269824624061584, -0.05205586552619934, 0.6874958276748657, 0.724320113658905], "cam_t_m2c": [56.48451232910156, -228.89002990722656, 806.6983032226562], "obj_id": 1}, {"cam_R_m2c": [-0.23111863434314728, 0.9691385626792908, 0.08575852960348129, -0.6822866797447205, -0.09860853105783463, -0.724403977394104, -0.6935913562774658, -0.2259352058172226, 0.6840206980705261], "cam_t_m2c": [106.43923950195312, -165.69378662109375, 590.5392456054688], "obj_id": 2}, {"cam_R_m2c": [0.5919356942176819, 0.7842243313789368, 0.18602214753627777, 0.5380094647407532, -0.5563124418258667, 0.6332945823669434, 0.6001315116882324, -0.2747879922389984, -0.7512212991714478], "cam_t_m2c": [201.39732360839844, -142.19229125976562, 506.022705078125], "obj_id": 0}, {"cam_R_m2c": [-0.6294349431991577, -0.6500654220581055, 0.4257071614265442, -0.43648579716682434, 0.7490353584289551, 0.49842369556427, -0.6428776979446411, 0.12791016697883606, -0.7552133202552795], "cam_t_m2c": [-312.5198669433594, -35.15913391113281, 795.488525390625], "obj_id": 0}, {"cam_R_m2c": [-0.26031494140625, 0.44791877269744873, -0.8553390502929688, -0.8513869047164917, -0.5243104100227356, -0.015455550514161587, -0.4553860127925873, 0.7242011427879333, 0.5178380608558655], "cam_t_m2c": [20.68743133544922, -367.0528259277344, 846.576904296875], "obj_id": 2}, {"cam_R_m2c": [0.3987899124622345, 0.006705472711473703, -0.9170178174972534, 0.8164314031600952, 0.45279043912887573, 0.3583581745624542, 0.41761985421180725, -0.8915917873382568, 0.17509369552135468], "cam_t_m2c": [-78.8154296875, -75.1929702758789, 687.7584228515625], "obj_id": 2}, {"cam_R_m2c": [0.365447074174881, -0.9238512516021729, -0.1137857437133789, 0.3355517089366913, 0.2447725087404251, -0.9096655249595642, 0.8682473301887512, 0.2942535877227783, 0.3994513154029846], "cam_t_m2c": [183.52561950683594, -164.0546417236328, 582.0831909179688], "obj_id": 1}, {"cam_R_m2c": [-0.29648855328559875, 0.3080243766307831, 0.9039996862411499, -0.41495367884635925, 0.8109967112541199, -0.4124290943145752, -0.8601790070533752, -0.4973985254764557, -0.11263537406921387], "cam_t_m2c": [-22.056873321533203, -243.49124145507812, 836.15576171875], "obj_id": 0}, {"cam_R_m2c": [0.1472591608762741, -0.6170389652252197, 0.7730314135551453, 0.6500699520111084, 0.6494221091270447, 0.39453765749931335, -0.74546879529953, 0.4444252550601959, 0.4967518746852875], "cam_t_m2c": [99.99026489257812, -452.1467590332031, 890.7971801757812], "obj_id": 3}, {"cam_R_m2c": [0.6516756415367126, -0.16753508150577545, 0.7397640347480774, 0.3068419098854065, 0.9501630663871765, -0.05511993542313576, -0.6936619281768799, 0.26291096210479736, 0.6706048846244812], "cam_t_m2c": [-60.55873107910156, -394.6774597167969, 924.5765991210938], "obj_id": 3}, {"cam_R_m2c": [0.5286861062049866, 0.769944429397583, 0.357318639755249, -0.7312822341918945, 0.1994316428899765, 0.6522678136825562, 0.430949330329895, -0.6061456799507141, 0.6684833765029907], "cam_t_m2c": [-87.91156768798828, -86.72725677490234, 639.3666381835938], "obj_id": 3}, {"cam_R_m2c": [0.9611865282058716, -0.09968433529138565, 0.2572614550590515, -0.10601180791854858, 0.7274251580238342, 0.6779484152793884, -0.2547192871570587, -0.6789076924324036, 0.6886235475540161], "cam_t_m2c": [-54.19342803955078, 5.8457231521606445, 630.4907836914062], "obj_id": 1}, {"cam_R_m2c": [-0.6246491074562073, -0.6362934112548828, -0.4527072310447693, -0.6569181084632874, 0.11471664905548096, 0.7451835870742798, -0.42222240567207336, 0.7628700137138367, -0.4896501898765564], "cam_t_m2c": [112.58284759521484, -161.30844116210938, 673.7952880859375], "obj_id": 0}, {"cam_R_m2c": [-0.7050857543945312, -0.07906481623649597, 0.7047004103660583, 0.5571802854537964, -0.6764794588088989, 0.4815864562988281, 0.4386388659477234, 0.7322050333023071, 0.5210294723510742], "cam_t_m2c": [-25.093727111816406, -85.82171630859375, 709.5565185546875], "obj_id": 1}, {"cam_R_m2c": [-0.19658342003822327, -0.5260621309280396, -0.8274137377738953, -0.973854660987854, 0.006770993582904339, 0.22707106173038483, -0.11385109275579453, 0.8504191637039185, -0.5136391520500183], "cam_t_m2c": [-368.6365661621094, -26.37761878967285, 643.8897094726562], "obj_id": 2}, {"cam_R_m2c": [-0.4514814019203186, -0.8914806246757507, 0.03777013719081879, -0.06614471226930618, 0.07565182447433472, 0.9949379563331604, -0.8898253440856934, 0.44669783115386963, -0.09312201291322708], "cam_t_m2c": [5.27827787399292, 5.833143711090088, 534.2076416015625], "obj_id": 1}, {"cam_R_m2c": [-0.5465577840805054, 0.4587581157684326, 0.7005823254585266, -0.3065165877342224, 0.6689457297325134, -0.6771699786186218, -0.7793087959289551, -0.5848526358604431, -0.2250005304813385], "cam_t_m2c": [199.78683471679688, -201.64651489257812, 572.7781982421875], "obj_id": 2}, {"cam_R_m2c": [0.30171287059783936, 0.9513300061225891, -0.06277304887771606, 0.6908096671104431, -0.17276185750961304, 0.7020934820175171, 0.6570778489112854, -0.25519484281539917, -0.7093124389648438], "cam_t_m2c": [33.30045700073242, -78.11636352539062, 602.095947265625], "obj_id": 2}, {"cam_R_m2c": [0.5194626450538635, 0.19501158595085144, 0.8319429159164429, 0.2620986998081207, -0.9630416631698608, 0.062088169157505035, 0.8133036494255066, 0.18579867482185364, -0.551376461982727], "cam_t_m2c": [-93.91641235351562, -91.7717056274414, 697.8856201171875], "obj_id": 2}, {"cam_R_m2c": [0.5402584075927734, 0.3678174614906311, 0.7568560838699341, -0.017576592043042183, -0.894285261631012, 0.44715192914009094, 0.8413155674934387, -0.25488054752349854, -0.47668012976646423], "cam_t_m2c": [20.57267951965332, 33.7693977355957, 433.8029479980469], "obj_id": 0}, {"cam_R_m2c": [-0.3208880126476288, -0.7966540455818176, 0.5122239589691162, -0.5633366703987122, 0.595298171043396, 0.5729501843452454, -0.7613690495491028, -0.10470171272754669, -0.6398084759712219], "cam_t_m2c": [-110.13221740722656, 9.356444358825684, 534.7567749023438], "obj_id": 1}, {"cam_R_m2c": [-0.18532371520996094, 0.9791975021362305, 0.08262737095355988, -0.7942782640457153, -0.0997544378042221, -0.5993087291717529, -0.5785991549491882, -0.17669528722763062, 0.7962422966957092], "cam_t_m2c": [176.80775451660156, -356.8406677246094, 826.3837890625], "obj_id": 2}, {"cam_R_m2c": [-0.15444524586200714, -0.9869187474250793, 0.046241093426942825, 0.8126304745674133, -0.15351168811321259, -0.5621975064277649, 0.5619417428970337, -0.04925176128745079, 0.8257092833518982], "cam_t_m2c": [-46.59002685546875, -302.36627197265625, 873.4732666015625], "obj_id": 0}, {"cam_R_m2c": [-0.6304821968078613, -0.6624404191970825, -0.40455490350723267, -0.7191889882087708, 0.3024897575378418, 0.6255134344100952, -0.2919917106628418, 0.6853266358375549, -0.667134165763855], "cam_t_m2c": [-51.62782669067383, -90.00003814697266, 593.9429321289062], "obj_id": 1}, {"cam_R_m2c": [-0.4100036025047302, -0.15652216970920563, 0.8985531330108643, 0.9112026691436768, -0.11358585953712463, 0.39598962664604187, 0.040081825107336044, 0.9811212420463562, 0.18919414281845093], "cam_t_m2c": [85.91090393066406, -290.9618225097656, 740.847900390625], "obj_id": 3}, {"cam_R_m2c": [-0.4169441759586334, -0.3319963216781616, -0.8461298942565918, -0.38243016600608826, -0.7804203033447266, 0.4946625530719757, -0.824563205242157, 0.5298323631286621, 0.19842647016048431], "cam_t_m2c": [106.2882308959961, -206.4420166015625, 631.9366455078125], "obj_id": 2}, {"cam_R_m2c": [-0.6511296629905701, -0.7124943733215332, 0.2614991366863251, -0.4710620939731598, 0.6495377421379089, 0.5968259572982788, -0.5950887203216553, 0.2654287815093994, -0.7585623860359192], "cam_t_m2c": [126.99791717529297, -144.39866638183594, 648.1898803710938], "obj_id": 0}, {"cam_R_m2c": [-0.26629897952079773, -0.383158802986145, -0.8844625353813171, -0.5943322777748108, 0.7876755595207214, -0.16228462755680084, 0.7588503360748291, 0.48244842886924744, -0.4374808371067047], "cam_t_m2c": [-126.29923248291016, -73.04054260253906, 667.6597900390625], "obj_id": 3}],
  "2": [{"cam_R_m2c": [0.3811706006526947, 0.04693178832530975, -0.9233127236366272, 0.6581741571426392, 0.6875787377357483, 0.30666306614875793, 0.6492424011230469, -0.7245915532112122, 0.23119550943374634], "cam_t_m2c": [124.50082397460938, -236.90994262695312, 747.0204467773438], "obj_id": 2}, {"cam_R_m2c": [-0.07240096479654312, 0.9528613090515137, 0.29464098811149597, -0.6326684951782227, 0.1844978630542755, -0.7521243691444397, -0.771030843257904, -0.24086464941501617, 0.589487612247467], "cam_t_m2c": [380.2255859375, -216.4526824951172, 572.56494140625], "obj_id": 0}, {"cam_R_m2c": [0.17531660199165344, -0.8599302768707275, 0.4793579876422882, 0.60556560754776, -0.2897079885005951, -0.7411879897117615, 0.7762438058853149, 0.42022526264190674, 0.4699535369873047], "cam_t_m2c": [94.68722534179688, -304.81494140625, 733.5327758789062], "obj_id": 0}, {"cam_R_m2c": [-0.841712474822998, 0.5354522466659546, 0.06935915350914001, 0.5375342965126038, 0.8431186676025391, 0.01441278401762247, -0.05076063796877861, 0.04941434785723686, -0.997487485408783], "cam_t_m2c": [-58.8224983215332, -254.5894317626953, 807.0250244140625], "obj_id": 3}, {"cam_R_m2c": [0.5569469928741455, 0.6461448073387146, 0.5218303203582764, 0.48562321066856384, -0.7630499005317688, 0.42652639746665955, 0.6737804412841797, 0.015860339626669884, -0.7387612462043762], "cam_t_m2c": [198.35189819335938, -214.78317260742188, 581.400390625], "obj_id": 0}, {"cam_R_m2c": [-0.7122873663902283, 0.6919515132904053, 0.11768490821123123, -0.5711026191711426, -0.6688310503959656, 0.4759272336959839, 0.4080298840999603, 0.27178680896759033, 0.8715752959251404], "cam_t_m2c": [121.788818359375, -280.24505615234375, 794.4979248046875], "obj_id": 1}, {"cam_R_m2c": [0.1623000055551529, -0.9112968444824219, 0.3784133493900299, 0.6282200813293457, -0.20030222833156586, -0.7518100142478943, 0.7609192132949829, 0.359745591878891, 0.5399860739707947], "cam_t_m2c": [-197.15875244140625, -127.45613098144531, 725.0765991210938], "obj_id": 0}, {"cam_R_m2c": [-0.6377697587013245, -0.338289737701416, -0.6919608116149902, -0.32120275497436523, 0.9333526492118835, -0.16025502979755402, 0.7000560760498047, 0.12005389481782913, -0.7039237022399902], "cam_t_m2c": [-26.136993408203125, -306.703125, 850.8424072265625], "obj_id": 3}, {"cam_R_m2c": [0.966469407081604, 0.01058942824602127, -0.25656333565711975, -0.1746552586555481, -0.7053217887878418, -0.6870346665382385, -0.18823504447937012, 0.7088081240653992, -0.6798224449157715], "cam_t_m2c": [84.03860473632812, -221.59347534179688, 624.1551513671875], "obj_id": 1}, {"cam_R_m2c": [0.7103428244590759, -0.7036163210868835, -0.01835973560810089, 0.2409648597240448, 0.21859470009803772, 0.9455962181091309, -0.661323606967926, -0.6761215329170227, 0.3248240053653717], "cam_t_m2c": [236.06715393066406, -329.29986572265625, 713.5653076171875], "obj_id": 3}, {"cam_R_m2c": [0.3811705410480499, -0.26570653915405273, 0.8854992985725403, 0.6581740975379944, -0.5946400761604309, -0.4617466330528259, 0.6492425203323364, 0.7588168978691101, -0.05177806317806244], "cam_t_m2c": [35.95889663696289, -129.53604125976562, 690.15234375], "obj_id": 2}, {"cam_R_m2c": [0.3811704218387604, 0.7045462727546692, 0.5986013412475586, 0.6581740379333496, -0.6615016460418701, 0.35947489738464355, 0.6492425799369812, 0.25696274638175964, -0.7158588767051697], "cam_t_m2c": [124.55023956298828, -141.21994018554688, 649.9850463867188], "obj_id": 2}, {"cam_R_m2c": [0.27558258175849915, -0.497194766998291, 0.8227099776268005, 0.7320716381072998, -0.4461197853088379, -0.5148285627365112, 0.6229971647262573, 0.7441604137420654, 0.2410392463207245], "cam_t_m2c": [11.713839530944824, -100.37706756591797, 661.06201171875], "obj_id": 1}, {"cam_R_m2c": [0.9127383232116699, 0.21521171927452087, 0.34726452827453613, -0.3795941174030304, 0.7610135674476624, 0.5260860919952393, -0.15105311572551727, -0.6119985580444336, 0.7762993574142456], "cam_t_m2c": [-75.50264739990234, -157.7571563720703, 700.5762939453125], "obj_id": 3}, {"cam_R_m2c": [-0.4481780230998993, -0.6642426252365112, 0.5982627272605896, 0.8924274444580078, -0.2934812903404236, 0.34269824624061584, -0.05205586552619934, 0.6874958276748657, 0.724320113658905], "cam_t_m2c": [56.48451232910156, -228.89002990722656, 806.6983032226562], "obj_id": 1}, {"cam_R_m2c": [-0.23111863434314728, 0.9691385626792908, 0.08575852960348129, -0.6822866797447205, -0.09860853105783463, -0.724403977394104, -0.6935913562774658, -0.2259352058172226, 0.6840206980705261], "cam_t_m2c": [106.43923950195312, -165.69378662109375, 590.5392456054688], "obj_id": 2}, {"cam_R_m2c": [0.5919356942176819, 0.7842243313789368, 0.18602214753627777, 0.5380094647407532, -0.5563124418258667, 0.6332945823669434, 0.6001315116882324, -0.2747879922389984, -0.7512212991714478], "cam_t_m2c": [201.39732360839844, -142.19229125976562, 506.022705078125], "obj_id": 0}, {"cam_R_m2c": [-0.6294349431991577, -0.6500654220581055, 0.4257071614265442, -0.43648579716682434, 0.7490353584289551, 0.49842369556427, -0.6428776979446411, 0.12791016697883606, -0.7552133202552795], "cam_t_m2c": [-312.5198669433594, -35.15913391113281, 795.488525390625], "obj_id": 0}, {"cam_R_m2c": [-0.26031494140625, 0.44791877269744873, -0.8553390502929688, -0.8513869047164917, -0.5243104100227356, -0.015455550514161587, -0.4553860127925873, 0.7242011427879333, 0.5178380608558655], "cam_t_m2c": [20.68743133544922, -367.0528259277344, 846.576904296875], "obj_id": 2}, {"cam_R_m2c": [0.3987899124622345, 0.006705472711473703, -0.9170178174972534, 0.8164314031600952, 0.45279043912887573, 0.3583581745624542, 0.41761985421180725, -0.8915917873382568, 0.17509369552135468], "cam_t_m2c": [-78.8154296875, -75.1929702758789, 687.7584228515625], "obj_id": 2}, {"cam_R_m2c": [0.365447074174881, -0.9238512516021729, -0.1137857437133789, 0.3355517089366913, 0.2447725087404251, -0.9096655249595642, 0.8682473301887512, 0.2942535877227783, 0.3994513154029846], "cam_t_m2c": [183.52561950683594, -164.0546417236328, 582.0831909179688], "obj_id": 1}, {"cam_R_m2c": [-0.29648855328559875, 0.3080243766307831, 0.9039996862411499, -0.41495367884635925, 0.8109967112541199, -0.4124290943145752, -0.8601790070533752, -0.4973985254764557, -0.11263537406921387], "cam_t_m2c": [-22.056873321533203, -243.49124145507812, 836.15576171875], "obj_id": 0}, {"cam_R_m2c": [0.1472591608762741, -0.6170389652252197, 0.7730314135551453, 0.6500699520111084, 0.6494221091270447, 0.39453765749931335, -0.74546879529953, 0.4444252550601959, 0.4967518746852875], "cam_t_m2c": [99.99026489257812, -452.1467590332031, 890.7971801757812], "obj_id": 3}, {"cam_R_m2c": [0.6516756415367126, -0.16753508150577545, 0.7397640347480774, 0.3068419098854065, 0.9501630663871765, -0.05511993542313576, -0.6936619281768799, 0.26291096210479736, 0.6706048846244812], "cam_t_m2c": [-60.55873107910156, -394.6774597167969, 924.5765991210938], "obj_id": 3}, {"cam_R_m2c": [0.5286861062049866, 0.769944429397583, 0.357318639755249, -0.7312822341918945, 0.1994316428899765, 0.6522678136825562, 0.430949330329895, -0.6061456799507141, 0.6684833765029907], "cam_t_m2c": [-87.91156768798828, -86.72725677490234, 639.3666381835938], "obj_id": 3}, {"cam_R_m2c": [0.9611865282058716, -0.09968433529138565, 0.2572614550590515, -0.10601180791854858, 0.7274251580238342, 0.6779484152793884, -0.2547192871570587, -0.6789076924324036, 0.6886235475540161], "cam_t_m2c": [-54.19342803955078, 5.8457231521606445, 630.4907836914062], "obj_id": 1}, {"cam_R_m2c": [-0.6246491074562073, -0.6362934112548828, -0.4527072310447693, -0.6569181084632874, 0.11471664905548096, 0.7451835870742798, -0.42222240567207336, 0.7628700137138367, -0.4896501898765564], "cam_t_m2c": [112.58284759521484, -161.30844116210938, 673.7952880859375], "obj_id": 0}, {"cam_R_m2c": [-0.7050857543945312, -0.07906481623649597, 0.7047004103660583, 0.5571802854537964, -0.6764794588088989, 0.4815864562988281, 0.4386388659477234, 0.7322050333023071, 0.5210294723510742], "cam_t_m2c": [-25.093727111816406, -85.82171630859375, 709.5565185546875], "obj_id": 1}, {"cam_R_m2c": [-0.19658342003822327, -0.5260621309280396, -0.8274137377738953, -0.973854660987854, 0.006770993582904339, 0.22707106173038483, -0.11385109275579453, 0.8504191637039185, -0.5136391520500183], "cam_t_m2c": [-368.6365661621094, -26.37761878967285, 643.8897094726562], "obj_id": 2}, {"cam_R_m2c": [-0.4514814019203186, -0.8914806246757507, 0.03777013719081879, -0.06614471226930618, 0.07565182447433472, 0.9949379563331604, -0.8898253440856934, 0.44669783115386963, -0.09312201291322708], "cam_t_m2c": [5.27827787399292, 5.833143711090088, 534.2076416015625], "obj_id": 1}, {"cam_R_m2c": [-0.5465577840805054, 0.4587581157684326, 0.7005823254585266, -0.3065165877342224, 0.6689457297325134, -0.6771699786186218, -0.7793087959289551, -0.5848526358604431, -0.2250005304813385], "cam_t_m2c": [199.78683471679688, -201.64651489257812, 572.7781982421875], "obj_id": 2}, {"cam_R_m2c": [0.30171287059783936, 0.9513300061225891, -0.06277304887771606, 0.6908096671104431, -0.17276185750961304, 0.7020934820175171, 0.6570778489112854, -0.25519484281539917, -0.7093124389648438], "cam_t_m2c": [33.30045700073242, -78.11636352539062, 602.095947265625], "obj_id": 2}, {"cam_R_m2c": [0.5194626450538635, 0.19501158595085144, 0.8319429159164429, 0.2620986998081207, -0.9630416631698608, 0.062088169157505035, 0.8133036494255066, 0.18579867482185364, -0.551376461982727], "cam_t_m2c": [-93.91641235351562, -91.7717056274414, 697.8856201171875], "obj_id": 2}, {"cam_R_m2c": [0.5402584075927734, 0.3678174614906311, 0.7568560838699341, -0.017576592043042183, -0.894285261631012, 0.44715192914009094, 0.8413155674934387, -0.25488054752349854, -0.47668012976646423], "cam_t_m2c": [20.57267951965332, 33.7693977355957, 433.8029479980469], "obj_id": 0}, {"cam_R_m2c": [-0.3208880126476288, -0.7966540455818176, 0.5122239589691162, -0.5633366703987122, 0.595298171043396, 0.5729501843452454, -0.7613690495491028, -0.10470171272754669, -0.6398084759712219], "cam_t_m2c": [-110.13221740722656, 9.356444358825684, 534.7567749023438], "obj_id": 1}, {"cam_R_m2c": [-0.18532371520996094, 0.9791975021362305, 0.08262737095355988, -0.7942782640457153, -0.0997544378042221, -0.5993087291717529, -0.5785991549491882, -0.17669528722763062, 0.7962422966957092], "cam_t_m2c": [176.80775451660156, -356.8406677246094, 826.3837890625], "obj_id": 2}, {"cam_R_m2c": [-0.15444524586200714, -0.9869187474250793, 0.046241093426942825, 0.8126304745674133, -0.15351168811321259, -0.5621975064277649, 0.5619417428970337, -0.04925176128745079, 0.8257092833518982], "cam_t_m2c": [-46.59002685546875, -302.36627197265625, 873.4732666015625], "obj_id": 0}, {"cam_R_m2c": [-0.6304821968078613, -0.6624404191970825, -0.40455490350723267, -0.7191889882087708, 0.3024897575378418, 0.6255134344100952, -0.2919917106628418, 0.6853266358375549, -0.667134165763855], "cam_t_m2c": [-51.62782669067383, -90.00003814697266, 593.9429321289062], "obj_id": 1}, {"cam_R_m2c": [-0.4100036025047302, -0.15652216970920563, 0.8985531330108643, 0.9112026691436768, -0.11358585953712463, 0.39598962664604187, 0.040081825107336044, 0.9811212420463562, 0.18919414281845093], "cam_t_m2c": [85.91090393066406, -290.9618225097656, 740.847900390625], "obj_id": 3}, {"cam_R_m2c": [-0.4169441759586334, -0.3319963216781616, -0.8461298942565918, -0.38243016600608826, -0.7804203033447266, 0.4946625530719757, -0.824563205242157, 0.5298323631286621, 0.19842647016048431], "cam_t_m2c": [106.2882308959961, -206.4420166015625, 631.9366455078125], "obj_id": 2}, {"cam_R_m2c": [-0.6511296629905701, -0.7124943733215332, 0.2614991366863251, -0.4710620939731598, 0.6495377421379089, 0.5968259572982788, -0.5950887203216553, 0.2654287815093994, -0.7585623860359192], "cam_t_m2c": [126.99791717529297, -144.39866638183594, 648.1898803710938], "obj_id": 0}, {"cam_R_m2c": [-0.26629897952079773, -0.383158802986145, -0.8844625353813171, -0.5943322777748108, 0.7876755595207214, -0.16228462755680084, 0.7588503360748291, 0.48244842886924744, -0.4374808371067047], "cam_t_m2c": [-126.29923248291016, -73.04054260253906, 667.6597900390625], "obj_id": 3}]
}