{
  "0": [{"cam_R_m2c": [0.852522611618042, -0.5016909241676331, -0.14666786789894104, -0.4200250506401062, -0.49053698778152466, -0.7635131478309631, 0.3111015856266022, 0.7125163674354553, -0.6289166212081909], "cam_t_m2c": [-86.48646545410156, 29.966474533081055, 922.8794555664062], "obj_id": 0}, {"cam_R_m2c": [0.852522611618042, -0.5016909241676331, -0.14666786789894104, -0.4200250506401062, -0.49053698778152466, -0.7635131478309631, 0.3111015856266022, 0.7125163674354553, -0.6289166212081909], "cam_t_m2c": [-86.48646545410156, 29.966474533081055, 922.8794555664062], "obj_id": 1}, {"cam_R_m2c": [0.852522611618042, -0.5016909241676331, -0.14666786789894104, -0.4200250506401062, -0.49053698778152466, -0.7635131478309631, 0.3111015856266022, 0.7125163674354553, -0.6289166212081909], "cam_t_m2c": [-86.48646545410156, 29.966474533081055, 922.8794555664062], "obj_id": 0}, {"cam_R_m2c": [0.852522611618042, -0.5016909241676331, -0.14666786789894104, -0.4200250506401062, -0.49053698778152466, -0.7635131478309631, 0.3111015856266022, 0.7125163674354553, -0.6289166212081909], "cam_t_m2c": [-86.48646545410156, 29.966474533081055, 922.8794555664062], "obj_id": 0}, {"cam_R_m2c": [0.852522611618042, -0.5016909241676331, -0.14666786789894104, -0.4200250506401062, -0.49053698778152466, -0.7635131478309631, 0.3111015856266022, 0.7125163674354553, -0.6289166212081909], "cam_t_m2c": [-86.48646545410156, 29.966474533081055, 922.8794555664062], "obj_id": 0}, {"cam_R_m2c": [0.852522611618042, -0.5016909241676331, -0.14666786789894104, -0.4200250506401062, -0.49053698778152466, -0.7635131478309631, 0.3111015856266022, 0.7125163674354553, -0.6289166212081909], "cam_t_m2c": [-86.48646545410156, 29.966474533081055, 922.8794555664062], "obj_id": 2}, {"cam_R_m2c": [0.852522611618042, -0.5016909241676331, -0.14666786789894104, -0.4200250506401062, -0.49053698778152466, -0.7635131478309631, 0.3111015856266022, 0.7125163674354553, -0.6289166212081909], "cam_t_m2c": [-86.48646545410156, 29.966474533081055, 922.8794555664062], "obj_id": 2}, {"cam_R_m2c": [0.852522611618042, -0.5016909241676331, -0.14666786789894104, -0.4200250506401062, -0.49053698778152466, -0.7635131478309631, 0.3111015856266022, 0.7125163674354553, -0.6289166212081909], "cam_t_m2c": [-86.48646545410156, 29.966474533081055, 922.8794555664062], "obj_id": 3}, {"cam_R_m2c": [0.852522611618042, -0.5016909241676331, -0.14666786789894104, -0.4200250506401062, -0.49053698778152466, -0.7635131478309631, 0.3111015856266022, 0.7125163674354553, -0.6289166212081909], "cam_t_m2c": [-86.48646545410156, 29.966474533081055, 922.8794555664062], "obj_id": 2}, {"cam_R_m2c": [0.852522611618042, -0.5016909241676331, -0.14666786789894104, -0.4200250506401062, -0.49053698778152466, -0.7635131478309631, 0.3111015856266022, 0.7125163674354553, -0.6289166212081909], "cam_t_m2c": [-86.48646545410156, 29.966474533081055, 922.8794555664062], "obj_id": 2}, {"cam_R_m2c": [0.852522611618042, -0.5016909241676331, -0.14666786789894104, -0.4200250506401062, -0.49053698778152466, -0.7635131478309631, 0.3111015856266022, 0.7125163674354553, -0.6289166212081909], "cam_t_m2c": [-86.48646545410156, 29.966474533081055, 922.8794555664062], "obj_id": 1}, {"cam_R_m2c": [0.852522611618042, -0.5016909241676331, -0.14666786789894104, -0.4200250506401062, -0.49053698778152466, -0.7635131478309631, 0.3111015856266022, 0.7125163674354553, -0.6289166212081909], "cam_t_m2c": [-86.48646545410156, 29.966474533081055, 922.8794555664062], "obj_id": 0}, {"cam_R_m2c": [0.19531413912773132, -0.046502482146024704, -0.9796375632286072, 0.9373641014099121, 0.3026304244995117, 0.17252027988433838, 0.28844547271728516, -0.9519728422164917, 0.10269778966903687], "cam_t_m2c": [87.87290954589844, -19.96800994873047, 886.687744140625], "obj_id": 1}, {"cam_R_m2c": [-0.3883218467235565, -0.919650673866272, -0.058728426694869995, -0.10591146349906921, -0.018768055364489555, 0.9941985011100769, -0.9154174327850342, 0.3922889232635498, -0.09011359512805939], "cam_t_m2c": [-220.09803771972656, 245.37608337402344, 722.9124755859375], "obj_id": 2}, {"cam_R_m2c": [-0.8440966010093689, -0.49314117431640625, 0.21050558984279633, 0.4229672849178314, -0.37110471725463867, 0.8266679048538208, -0.32954439520835876, 0.7868245840072632, 0.5218309164047241], "cam_t_m2c": [-269.6856689453125, -8.063240051269531, 1084.1285400390625], "obj_id": 3}, {"cam_R_m2c": [-0.5991662740707397, 0.010121062397956848, 0.8005606532096863, 0.6618773341178894, -0.5563344359397888, 0.502404510974884, 0.4504643380641937, 0.83089679479599, 0.32663795351982117], "cam_t_m2c": [20.526838302612305, -52.86902618408203, 1062.9893798828125], "obj_id": 4}],
  "1": [{"cam_R_m2c": [0.5797159671783447, 0.7920728921890259, -0.1911803036928177, 0.1770436018705368, -0.35146814584732056, -0.9193071722984314, -0.7953521013259888, 0.499089777469635, -0.34398314356803894], "cam_t_m2c": [-295.90679931640625, 85.68462371826172, 891.106689453125], "obj_id": 2}, {"cam_R_m2c": [0.5797159671783447, 0.7920728921890259, -0.1911803036928177, 0.1770436018705368, -0.35146814584732056, -0.9193071722984314, -0.7953521013259888, 0.499089777469635, -0.34398314356803894], "cam_t_m2c": [-295.90679931640625, 85.68462371826172, 891.106689453125], "obj_id": 0}, {"cam_R_m2c": [0.5797159671783447, 0.7920728921890259, -0.1911803036928177, 0.1770436018705368, -0.35146814584732056, -0.9193071722984314, -0.7953521013259888, 0.499089777469635, -0.34398314356803894], "cam_t_m2c": [-295.90679931640625, 85.68462371826172, 891.106689453125], "obj_id": 2}, {"cam_R_m2c": [0.5797159671783447, 0.7920728921890259, -0.1911803036928177, 0.1770436018705368, -0.35146814584732056, -0.9193071722984314, -0.7953521013259888, 0.499089777469635, -0.34398314356803894], "cam_t_m2c": [-295.90679931640625, 85.68462371826172, 891.106689453125], "obj_id": 0}, {"cam_R_m2c": [0.5797159671783447, 0.7920728921890259, -0.1911803036928177, 0.1770436018705368, -0.35146814584732056, -0.9193071722984314, -0.7953521013259888, 0.499089777469635, -0.34398314356803894], "cam_t_m2c": [-295.90679931640625, 85.68462371826172, 891.106689453125], "obj_id": 2}, {"cam_R_m2c": [0.5797159671783447, 0.7920728921890259, -0.1911803036928177, 0.1770436018705368, -0.35146814584732056, -0.9193071722984314, -0.7953521013259888, 0.499089777469635, -0.34398314356803894], "cam_t_m2c": [-295.90679931640625, 85.68462371826172, 891.106689453125], "obj_id": 2}, {"cam_R_m2c": [0.5797159671783447, 0.7920728921890259, -0.1911803036928177, 0.1770436018705368, -0.35146814584732056, -0.9193071722984314, -0.7953521013259888, 0.499089777469635, -0.34398314356803894], "cam_t_m2c": [-295.90679931640625, 85.68462371826172, 891.106689453125], "obj_id": 1}, {"cam_R_m2c": [0.5797159671783447, 0.7920728921890259, -0.1911803036928177, 0.1770436018705368, -0.35146814584732056, -0.9193071722984314, -0.7953521013259888, 0.499089777469635, -0.34398314356803894], "cam_t_m2c": [-295.90679931640625, 85.68462371826172, 891.106689453125], "obj_id": 3}, {"cam_R_m2c": [0.5797159671783447, 0.7920728921890259, -0.1911803036928177, 0.1770436018705368, -0.35146814584732056, -0.9193071722984314, -0.7953521013259888, 0.499089777469635, -0.34398314356803894], "cam_t_m2c": [-295.90679931640625, 85.68462371826172, 891.106689453125], "obj_id": 2}, {"cam_R_m2c": [0.5797159671783447, 0.7920728921890259, -0.1911803036928177, 0.1770436018705368, -0.35146814584732056, -0.9193071722984314, -0.7953521013259888, 0.499089777469635, -0.34398314356803894], "cam_t_m2c": [-295.90679931640625, 85.68462371826172, 891.106689453125], "obj_id": 1}, {"cam_R_m2c": [0.5797159671783447, 0.7920728921890259, -0.1911803036928177, 0.1770436018705368, -0.35146814584732056, -0.9193071722984314, -0.7953521013259888, 0.499089777469635, -0.34398314356803894], "cam_t_m2c": [-295.90679931640625, 85.68462371826172, 891.106689453125], "obj_id": 2}, {"cam_R_m2c": [0.5797159671783447, 0.7920728921890259, -0.1911803036928177, 0.1770436018705368, -0.35146814584732056, -0.9193071722984314, -0.7953521013259888, 0.499089777469635, -0.34398314356803894], "cam_t_m2c": [-295.90679931640625, 85.68462371826172, 891.106689453125], "obj_id": 1}, {"cam_R_m2c": [-0.8476560115814209, 0.5023530125617981, -0.17064781486988068, 0.4390866160392761, 0.483711838722229, -0.7571167349815369, -0.29779553413391113, -0.7167037725448608, -0.630597710609436], "cam_t_m2c": [-178.36312866210938, -27.174335479736328, 1118.1553955078125], "obj_id": 1}, {"cam_R_m2c": [0.5160133242607117, -0.25353509187698364, 0.8181993961334229, -0.6698877215385437, 0.4758484959602356, 0.5699287056922913, -0.5338358879089355, -0.842192530632019, 0.07570414245128632], "cam_t_m2c": [-15.780028343200684, 72.73481750488281, 786.486083984375], "obj_id": 3}, {"cam_R_m2c": [-0.345653772354126, -0.9165711998939514, 0.20104855298995972, -0.8438988924026489, 0.20995229482650757, -0.4937151074409485, 0.4103144705295563, -0.3403191864490509, -0.8460642099380493], "cam_t_m2c": [-184.11228942871094, 43.724998474121094, 777.0200805664062], "obj_id": 4}],
  "2": [{"cam_R_m2c": [0.5797159671783447, 0.7920728921890259, -0.1911803036928177, 0.1770436018705368, -0.35146814584732056, -0.9193071722984314, -0.7953521013259888, 0.499089777469635, -0.34398314356803894], "cam_t_m2c": [-295.90679931640625, 85.68462371826172, 891.106689453125], "obj_id": 2}, {"cam_R_m2c": [0.5797159671783447, 0.7920728921890259, -0.1911803036928177, 0.1770436018705368, -0.35146814584732056, -0.9193071722984314, -0.7953521013259888, 0.499089777469635, -0.34398314356803894], "cam_t_m2c": [-295.90679931640625, 85.68462371826172, 891.106689453125], "obj_id": 0}, {"cam_R_m2c": [0.5797159671783447, 0.7920728921890259, -0.1911803036928177, 0.1770436018705368, -0.35146814584732056, -0.9193071722984314, -0.7953521013259888, 0.499089777469635, -0.34398314356803894], "cam_t_m2c": [-295.90679931640625, 85.68462371826172, 891.106689453125], "obj_id": 2}, {"cam_R_m2c": [0.5797159671783447, 0.7920728921890259, -0.1911803036928177, 0.1770436018705368, -0.35146814584732056, -0.9193071722984314, -0.7953521013259888, 0.499089777469635, -0.34398314356803894], "cam_t_m2c": [-295.90679931640625, 85.68462371826172, 891.106689453125], "obj_id": 0}, {"cam_R_m2c": [0.5797159671783447, 0.7920728921890259, -0.1911803036928177, 0.1770436018705368, -0.35146814584732056, -0.9193071722984314, -0.7953521013259888, 0.499089777469635, -0.34398314356803894], "cam_t_m2c": [-295.90679931640625, 85.68462371826172, 891.106689453125], "obj_id": 2}, {"cam_R_m2c": [0.5797159671783447, 0.7920728921890259, -0.1911803036928177, 0.1770436018705368, -0.35146814584732056, -0.9193071722984314, -0.7953521013259888, 0.499089777469635, -0.34398314356803894], "cam_t_m2c": [-295.90679931640625, 85.68462371826172, 891.106689453125], "obj_id": 2}, {"cam_R_m2c": [0.5797159671783447, 0.7920728921890259, -0.1911803036928177, 0.1770436018705368, -0.35146814584732056, -0.9193071722984314, -0.7953521013259888, 0.499089777469635, -0.34398314356803894], "cam_t_m2c": [-295.90679931640625, 85.68462371826172, 891.106689453125], "obj_id": 1}, {"cam_R_m2c": [0.5797159671783447, 0.7920728921890259, -0.1911803036928177, 0.1770436018705368, -0.35146814584732056, -0.9193071722984314, -0.7953521013259888, 0.499089777469635, -0.34398314356803894], "cam_t_m2c": [-295.90679931640625, 85.68462371826172, 891.106689453125], "obj_id": 3}, {"cam_R_m2c": [0.5797159671783447, 0.7920728921890259, -0.1911803036928177, 0.1770436018705368, -0.35146814584732056, -0.9193071722984314, -0.7953521013259888, 0.499089777469635, -0.34398314356803894], "cam_t_m2c": [-295.90679931640625, 85.68462371826172, 891.106689453125], "obj_id": 2}, {"cam_R_m2c": [0.5797159671783447, 0.7920728921890259, -0.1911803036928177, 0.1770436018705368, -0.35146814584732056, -0.9193071722984314, -0.7953521013259888, 0.499089777469635, -0.34398314356803894], "cam_t_m2c": [-295.90679931640625, 85.68462371826172, 891.106689453125], "obj_id": 1}, {"cam_R_m2c": [0.5797159671783447, 0.7920728921890259, -0.1911803036928177, 0.1770436018705368, -0.35146814584732056, -0.9193071722984314, -0.7953521013259888, 0.499089777469635, -0.34398314356803894], "cam_t_m2c": [-295.90679931640625, 85.68462371826172, 891.106689453125], "obj_id": 2}, {"cam_R_m2c": [0.5797159671783447, 0.7920728921890259, -0.1911803036928177, 0.1770436018705368, -0.35146814584732056, -0.9193071722984314, -0.7953521013259888, 0.499089777469635, -0.34398314356803894], "cam_t_m2c": [-295.90679931640625, 85.68462371826172, 891.106689453125], "obj_id": 1}, {"cam_R_m2c": [-0.8476560115814209, 0.5023530125617981, -0.17064781486988068, 0.4390866160392761, 0.483711838722229, -0.7571167349815369, -0.29779553413391113, -0.7167037725448608, -0.630597710609436], "cam_t_m2c": [-178.36312866210938, -27.174335479736328, 1118.1553955078125], "obj_id": 1}, {"cam_R_m2c": [0.5160133242607117, -0.25353509187698364, 0.8181993961334229, -0.6698877215385437, 0.4758484959602356, 0.5699287056922913, -0.5338358879089355, -0.842192530632019, 0.07570414245128632], "cam_t_m2c": [-15.780028343200684, 72.73481750488281, 786.486083984375], "obj_id": 3}, {"cam_R_m2c": [-0.345653772354126, -0.9165711998939514, 0.20104855298995972, -0.8438988924026489, 0.20995229482650757, -0.4937151074409485, 0.4103144705295563, -0.3403191864490509, -0.8460642099380493], "cam_t_m2c": [-184.11228942871094, 43.724998474121094, 777.0200805664062], "obj_id": 4}],
  "3": [{"cam_R_m2c": [0.9580816030502319, 0.281070739030838, -0.05548780411481857, -0.022888150066137314, -0.11796677857637405, -0.9927537441253662, -0.28557974100112915, 0.9524090886116028, -0.10658860951662064], "cam_t_m2c": [-221.660400390625, 28.861928939819336, 605.264404296875], "obj_id": 2}, {"cam_R_m2c": [0.9580816030502319, 0.281070739030838, -0.05548780411481857, -0.022888150066137314, -0.11796677857637405, -0.9927537441253662, -0.28557974100112915, 0.9524090886116028, -0.10658860951662064], "cam_t_m2c": [-221.660400390625, 28.861928939819336, 605.264404296875], "obj_id": 0}, {"cam_R_m2c": [0.9580816030502319, 0.281070739030838, -0.05548780411481857, -0.022888150066137314, -0.11796677857637405, -0.9927537441253662, -0.28557974100112915, 0.9524090886116028, -0.10658860951662064], "cam_t_m2c": [-221.660400390625, 28.861928939819336, 605.264404296875], "obj_id": 2}, {"cam_R_m2c": [0.9580816030502319, 0.281070739030838, -0.05548780411481857, -0.022888150066137314, -0.11796677857637405, -0.9927537441253662, -0.28557974100112915, 0.9524090886116028, -0.10658860951662064], "cam_t_m2c": [-221.660400390625, 28.861928939819336, 605.264404296875], "obj_id": 0}, {"cam_R_m2c": [0.9580816030502319, 0.281070739030838, -0.05548780411481857, -0.022888150066137314, -0.11796677857637405, -0.9927537441253662, -0.28557974100112915, 0.9524090886116028, -0.10658860951662064], "cam_t_m2c": [-221.660400390625, 28.861928939819336, 605.264404296875], "obj_id": 2}, {"cam_R_m2c": [0.9580816030502319, 0.281070739030838, -0.05548780411481857, -0.022888150066137314, -0.11796677857637405, -0.9927537441253662, -0.28557974100112915, 0.9524090886116028, -0.10658860951662064], "cam_t_m2c": [-221.660400390625, 28.861928939819336, 605.264404296875], "obj_id": 2}, {"cam_R_m2c": [0.9580816030502319, 0.281070739030838, -0.05548780411481857, -0.022888150066137314, -0.11796677857637405, -0.9927537441253662, -0.28557974100112915, 0.9524090886116028, -0.10658860951662064], "cam_t_m2c": [-221.660400390625, 28.861928939819336, 605.264404296875], "obj_id": 1}, {"cam_R_m2c": [0.9580816030502319, 0.281070739030838, -0.05548780411481857, -0.022888150066137314, -0.11796677857637405, -0.9927537441253662, -0.28557974100112915, 0.9524090886116028, -0.10658860951662064], "cam_t_m2c": [-221.660400390625, 28.861928939819336, 605.264404296875], "obj_id": 3}, {"cam_R_m2c": [0.9580816030502319, 0.281070739030838, -0.05548780411481857, -0.022888150066137314, -0.11796677857637405, -0.9927537441253662, -0.28557974100112915, 0.9524090886116028, -0.10658860951662064], "cam_t_m2c": [-221.660400390625, 28.861928939819336, 605.264404296875], "obj_id": 2}, {"cam_R_m2c": [0.9580816030502319, 0.281070739030838, -0.05548780411481857, -0.022888150066137314, -0.11796677857637405, -0.9927537441253662, -0.28557974100112915, 0.9524090886116028, -0.10658860951662064], "cam_t_m2c": [-221.660400390625, 28.861928939819336, 605.264404296875], "obj_id": 1}, {"cam_R_m2c": [0.9580816030502319, 0.281070739030838, -0.05548780411481857, -0.022888150066137314, -0.11796677857637405, -0.9927537441253662, -0.28557974100112915, 0.9524090886116028, -0.10658860951662064], "cam_t_m2c": [-221.660400390625, 28.861928939819336, 605.264404296875], "obj_id": 2}, {"cam_R_m2c": [0.9580816030502319, 0.281070739030838, -0.05548780411481857, -0.022888150066137314, -0.11796677857637405, -0.9927537441253662, -0.28557974100112915, 0.9524090886116028, -0.10658860951662064], "cam_t_m2c": [-221.660400390625, 28.861928939819336, 605.264404296875], "obj_id": 1}, {"cam_R_m2c": [-0.4355396628379822, 0.8870381116867065, 0.15319441258907318, 0.25714388489723206, 0.28569453954696655, -0.9231769442558289, -0.8626599311828613, -0.36268720030784607, -0.3525276780128479], "cam_t_m2c": [-279.54058837890625, -0.29331934452056885, 877.1184692382812], "obj_id": 1}, {"cam_R_m2c": [0.6470464468002319, 0.3655727505683899, 0.6690945029258728, -0.754143238067627, 0.17766934633255005, 0.6322195529937744, 0.11224465817213058, -0.9136685132980347, 0.3906545341014862], "cam_t_m2c": [60.73338317871094, 8.362277030944824, 702.3092651367188], "obj_id": 3}, {"cam_R_m2c": [-0.6226996183395386, -0.4921819865703583, 0.6082776784896851, -0.7070398330688477, 0.02093571610748768, -0.7068636417388916, 0.3351709246635437, -0.8702403903007507, -0.3610287606716156], "cam_t_m2c": [-69.85225677490234, -36.032596588134766, 601.0994262695312], "obj_id": 4}],
  "4": [{"cam_R_m2c": [0.9580816030502319, 0.281070739030838, -0.05548780411481857, -0.022888150066137314, -0.11796677857637405, -0.9927537441253662, -0.28557974100112915, 0.9524090886116028, -0.10658860951662064], "cam_t_m2c": [-221.660400390625, 28.861928939819336, 605.264404296875], "obj_id": 2}, {"cam_R_m2c": [0.9580816030502319, 0.281070739030838, -0.05548780411481857, -0.022888150066137314, -0.11796677857637405, -0.9927537441253662, -0.28557974100112915, 0.9524090886116028, -0.10658860951662064], "cam_t_m2c": [-221.660400390625, 28.861928939819336, 605.264404296875], "obj_id": 0}, {"cam_R_m2c": [0.9580816030502319, 0.281070739030838, -0.05548780411481857, -0.022888150066137314, -0.11796677857637405, -0.9927537441253662, -0.28557974100112915, 0.9524090886116028, -0.10658860951662064], "cam_t_m2c": [-221.660400390625, 28.861928939819336, 605.264404296875], "obj_id": 2}, {"cam_R_m2c": [0.9580816030502319, 0.281070739030838, -0.05548780411481857, -0.022888150066137314, -0.11796677857637405, -0.9927537441253662, -0.28557974100112915, 0.9524090886116028, -0.10658860951662064], "cam_t_m2c": [-221.660400390625, 28.861928939819336, 605.264404296875], "obj_id": 0}, {"cam_R_m2c": [0.9580816030502319, 0.281070739030838, -0.05548780411481857, -0.022888150066137314, -0.11796677857637405, -0.9927537441253662, -0.28557974100112915, 0.9524090886116028, -0.10658860951662064], "cam_t_m2c": [-221.660400390625, 28.861928939819336, 605.264404296875], "obj_id": 2}, {"cam_R_m2c": [0.9580816030502319, 0.281070739030838, -0.05548780411481857, -0.022888150066137314, -0.11796677857637405, -0.9927537441253662, -0.28557974100112915, 0.9524090886116028, -0.10658860951662064], "cam_t_m2c": [-221.660400390625, 28.861928939819336, 605.264404296875], "obj_id": 2}, {"cam_R_m2c": [0.9580816030502319, 0.281070739030838, -0.05548780411481857, -0.022888150066137314, -0.11796677857637405, -0.9927537441253662, -0.28557974100112915, 0.9524090886116028, -0.10658860951662064], "cam_t_m2c": [-221.660400390625, 28.861928939819336, 605.264404296875], "obj_id": 1}, {"cam_R_m2c": [0.9580816030502319, 0.281070739030838, -0.05548780411481857, -0.022888150066137314, -0.11796677857637405, -0.9927537441253662, -0.28557974100112915, 0.9524090886116028, -0.10658860951662064], "cam_t_m2c": [-221.660400390625, 28.861928939819336, 605.264404296875], "obj_id": 3}, {"cam_R_m2c": [0.9580816030502319, 0.281070739030838, -0.05548780411481857, -0.022888150066137314, -0.11796677857637405, -0.9927537441253662, -0.28557974100112915, 0.9524090886116028, -0.10658860951662064], "cam_t_m2c": [-221.660400390625, 28.861928939819336, 605.264404296875], "obj_id": 2}, {"cam_R_m2c": [0.9580816030502319, 0.281070739030838, -0.05548780411481857, -0.022888150066137314, -0.11796677857637405, -0.9927537441253662, -0.28557974100112915, 0.9524090886116028, -0.10658860951662064], "cam_t_m2c": [-221.660400390625, 28.861928939819336, 605.264404296875], "obj_id": 1}, {"cam_R_m2c": [0.9580816030502319, 0.281070739030838, -0.05548780411481857, -0.022888150066137314, -0.11796677857637405, -0.9927537441253662, -0.28557974100112915, 0.9524090886116028, -0.10658860951662064], "cam_t_m2c": [-221.660400390625, 28.861928939819336, 605.264404296875], "obj_id": 2}, {"cam_R_m2c": [0.9580816030502319, 0.281070739030838, -0.05548780411481857, -0.022888150066137314, -0.11796677857637405, -0.9927537441253662, -0.28557974100112915, 0.9524090886116028, -0.10658860951662064], "cam_t_m2c": [-221.660400390625, 28.861928939819336, 605.264404296875], "obj_id": 1}, {"cam_R_m2c": [-0.4355396628379822, 0.8870381116867065, 0.15319441258907318, 0.25714388489723206, 0.28569453954696655, -0.9231769442558289, -0.8626599311828613, -0.36268720030784607, -0.3525276780128479], "cam_t_m2c": [-279.54058837890625, -0.29331934452056885, 877.1184692382812], "obj_id": 1}, {"cam_R_m2c": [0.6470464468002319, 0.3655727505683899, 0.6690945029258728, -0.754143238067627, 0.17766934633255005, 0.6322195529937744, 0.11224465817213058, -0.9136685132980347, 0.3906545341014862], "cam_t_m2c": [60.73338317871094, 8.362277030944824, 702.3092651367188], "obj_id": 3}, {"cam_R_m2c": [-0.6226996183395386, -0.4921819865703583, 0.6082776784896851, -0.7070398330688477, 0.02093571610748768, -0.7068636417388916, 0.3351709246635437, -0.8702403903007507, -0.3610287606716156], "cam_t_m2c": [-69.85225677490234, -36.032596588134766, 601.0994262695312], "obj_id": 4}]
}