{
  "0": [{"cam_R_m2c": [-0.021867740899324417, 0.9841320514678955, 0.17608420550823212, 0.5246681571006775, 0.1612207144498825, -0.8359013199806213, -0.8510258197784424, 0.07410642504692078, -0.5198682546615601], "cam_t_m2c": [-364.46026611328125, 52.927085876464844, 452.3305358886719], "obj_id": 1}, {"cam_R_m2c": [-0.021867740899324417, 0.9841320514678955, 0.17608420550823212, 0.5246681571006775, 0.1612207144498825, -0.8359013199806213, -0.8510258197784424, 0.07410642504692078, -0.5198682546615601], "cam_t_m2c": [-364.46026611328125, 52.927085876464844, 452.3305358886719], "obj_id": 2}, {"cam_R_m2c": [-0.021867740899324417, 0.9841320514678955, 0.17608420550823212, 0.5246681571006775, 0.1612207144498825, -0.8359013199806213, -0.8510258197784424, 0.07410642504692078, -0.5198682546615601], "cam_t_m2c": [-364.46026611328125, 52.927085876464844, 452.3305358886719], "obj_id": 0}, {"cam_R_m2c": [-0.021867740899324417, 0.9841320514678955, 0.17608420550823212, 0.5246681571006775, 0.1612207144498825, -0.8359013199806213, -0.8510258197784424, 0.07410642504692078, -0.5198682546615601], "cam_t_m2c": [-364.46026611328125, 52.927085876464844, 452.3305358886719], "obj_id": 0}, {"cam_R_m2c": [-0.021867740899324417, 0.9841320514678955, 0.17608420550823212, 0.5246681571006775, 0.1612207144498825, -0.8359013199806213, -0.8510258197784424, 0.07410642504692078, -0.5198682546615601], "cam_t_m2c": [-364.46026611328125, 52.927085876464844, 452.3305358886719], "obj_id": 0}, {"cam_R_m2c": [-0.021867740899324417, 0.9841320514678955, 0.17608420550823212, 0.5246681571006775, 0.1612207144498825, -0.8359013199806213, -0.8510258197784424, 0.07410642504692078, -0.5198682546615601], "cam_t_m2c": [-364.46026611328125, 52.927085876464844, 452.3305358886719], "obj_id": 3}, {"cam_R_m2c": [-0.021867740899324417, 0.9841320514678955, 0.17608420550823212, 0.5246681571006775, 0.1612207144498825, -0.8359013199806213, -0.8510258197784424, 0.07410642504692078, -0.5198682546615601], "cam_t_m2c": [-364.46026611328125, 52.927085876464844, 452.3305358886719], "obj_id": 2}, {"cam_R_m2c": [-0.021867740899324417, 0.9841320514678955, 0.17608420550823212, 0.5246681571006775, 0.1612207144498825, -0.8359013199806213, -0.8510258197784424, 0.07410642504692078, -0.5198682546615601], "cam_t_m2c": [-364.46026611328125, 52.927085876464844, 452.3305358886719], "obj_id": 0}, {"cam_R_m2c": [-0.021867740899324417, 0.9841320514678955, 0.17608420550823212, 0.5246681571006775, 0.1612207144498825, -0.8359013199806213, -0.8510258197784424, 0.07410642504692078, -0.5198682546615601], "cam_t_m2c": [-364.46026611328125, 52.927085876464844, 452.3305358886719], "obj_id": 3}, {"cam_R_m2c": [-0.021867740899324417, 0.9841320514678955, 0.17608420550823212, 0.5246681571006775, 0.1612207144498825, -0.8359013199806213, -0.8510258197784424, 0.07410642504692078, -0.5198682546615601], "cam_t_m2c": [-364.46026611328125, 52.927085876464844, 452.3305358886719], "obj_id": 2}, {"cam_R_m2c": [-0.021867740899324417, 0.9841320514678955, 0.17608420550823212, 0.5246681571006775, 0.1612207144498825, -0.8359013199806213, -0.8510258197784424, 0.07410642504692078, -0.5198682546615601], "cam_t_m2c": [-364.46026611328125, 52.927085876464844, 452.3305358886719], "obj_id": 1}, {"cam_R_m2c": [-0.021867740899324417, 0.9841320514678955, 0.17608420550823212, 0.5246681571006775, 0.1612207144498825, -0.8359013199806213, -0.8510258197784424, 0.07410642504692078, -0.5198682546615601], "cam_t_m2c": [-364.46026611328125, 52.927085876464844, 452.3305358886719], "obj_id": 2}, {"cam_R_m2c": [-0.26264333724975586, 0.28532856702804565, -0.9217407703399658, 0.5404265522956848, 0.8348827362060547, 0.10445065051317215, 0.7993481755256653, -0.4706999361515045, -0.37347549200057983], "cam_t_m2c": [-393.68170166015625, 103.67971801757812, 417.5715026855469], "obj_id": 1}, {"cam_R_m2c": [0.17531438171863556, -0.3211413621902466, -0.9306627511978149, -0.7884131669998169, -0.6119480133056641, 0.06264524906873703, -0.5896351337432861, 0.7227641344070435, -0.3604753911495209], "cam_t_m2c": [-353.4013671875, 121.72606658935547, 397.726806640625], "obj_id": 2}, {"cam_R_m2c": [-0.4903893768787384, -0.44368189573287964, 0.7501095533370972, 0.7033376097679138, 0.30676254630088806, 0.6412587761878967, -0.5146204233169556, 0.8420469164848328, 0.1616252064704895], "cam_t_m2c": [-215.24200439453125, -52.63625717163086, 616.580078125], "obj_id": 3}, {"cam_R_m2c": [-0.9153566360473633, 0.1088055670261383, 0.3876638412475586, -0.3567923605442047, 0.22701844573020935, -0.9061797261238098, -0.18660423159599304, -0.9677932858467102, -0.16898170113563538], "cam_t_m2c": [-326.9112854003906, 62.02965545654297, 331.5673522949219], "obj_id": 4}],
  "1": [{"cam_R_m2c": [0.3076816201210022, 0.944966733455658, -0.11121905595064163, 0.5521466732025146, -0.27251797914505005, -0.7879515886306763, -0.7748973965644836, 0.18102893233299255, -0.6056089401245117], "cam_t_m2c": [-316.1176452636719, 188.85809326171875, 409.1884460449219], "obj_id": 1}, {"cam_R_m2c": [0.3076816201210022, 0.944966733455658, -0.11121905595064163, 0.5521466732025146, -0.27251797914505005, -0.7879515886306763, -0.7748973965644836, 0.18102893233299255, -0.6056089401245117], "cam_t_m2c": [-316.1176452636719, 188.85809326171875, 409.1884460449219], "obj_id": 2}, {"cam_R_m2c": [0.3076816201210022, 0.944966733455658, -0.11121905595064163, 0.5521466732025146, -0.27251797914505005, -0.7879515886306763, -0.7748973965644836, 0.18102893233299255, -0.6056089401245117], "cam_t_m2c": [-316.1176452636719, 188.85809326171875, 409.1884460449219], "obj_id": 0}, {"cam_R_m2c": [0.3076816201210022, 0.944966733455658, -0.11121905595064163, 0.5521466732025146, -0.27251797914505005, -0.7879515886306763, -0.7748973965644836, 0.18102893233299255, -0.6056089401245117], "cam_t_m2c": [-316.1176452636719, 188.85809326171875, 409.1884460449219], "obj_id": 0}, {"cam_R_m2c": [0.3076816201210022, 0.944966733455658, -0.11121905595064163, 0.5521466732025146, -0.27251797914505005, -0.7879515886306763, -0.7748973965644836, 0.18102893233299255, -0.6056089401245117], "cam_t_m2c": [-316.1176452636719, 188.85809326171875, 409.1884460449219], "obj_id": 0}, {"cam_R_m2c": [0.3076816201210022, 0.944966733455658, -0.11121905595064163, 0.5521466732025146, -0.27251797914505005, -0.7879515886306763, -0.7748973965644836, 0.18102893233299255, -0.6056089401245117], "cam_t_m2c": [-316.1176452636719, 188.85809326171875, 409.1884460449219], "obj_id": 3}, {"cam_R_m2c": [0.3076816201210022, 0.944966733455658, -0.11121905595064163, 0.5521466732025146, -0.27251797914505005, -0.7879515886306763, -0.7748973965644836, 0.18102893233299255, -0.6056089401245117], "cam_t_m2c": [-316.1176452636719, 188.85809326171875, 409.1884460449219], "obj_id": 2}, {"cam_R_m2c": [0.3076816201210022, 0.944966733455658, -0.11121905595064163, 0.5521466732025146, -0.27251797914505005, -0.7879515886306763, -0.7748973965644836, 0.18102893233299255, -0.6056089401245117], "cam_t_m2c": [-316.1176452636719, 188.85809326171875, 409.1884460449219], "obj_id": 0}, {"cam_R_m2c": [0.3076816201210022, 0.944966733455658, -0.11121905595064163, 0.5521466732025146, -0.27251797914505005, -0.7879515886306763, -0.7748973965644836, 0.18102893233299255, -0.6056089401245117], "cam_t_m2c": [-316.1176452636719, 188.85809326171875, 409.1884460449219], "obj_id": 3}, {"cam_R_m2c": [0.3076816201210022, 0.944966733455658, -0.11121905595064163, 0.5521466732025146, -0.27251797914505005, -0.7879515886306763, -0.7748973965644836, 0.18102893233299255, -0.6056089401245117], "cam_t_m2c": [-316.1176452636719, 188.85809326171875, 409.1884460449219], "obj_id": 2}, {"cam_R_m2c": [0.3076816201210022, 0.944966733455658, -0.11121905595064163, 0.5521466732025146, -0.27251797914505005, -0.7879515886306763, -0.7748973965644836, 0.18102893233299255, -0.6056089401245117], "cam_t_m2c": [-316.1176452636719, 188.85809326171875, 409.1884460449219], "obj_id": 1}, {"cam_R_m2c": [0.3076816201210022, 0.944966733455658, -0.11121905595064163, 0.5521466732025146, -0.27251797914505005, -0.7879515886306763, -0.7748973965644836, 0.18102893233299255, -0.6056089401245117], "cam_t_m2c": [-316.1176452636719, 188.85809326171875, 409.1884460449219], "obj_id": 2}, {"cam_R_m2c": [-0.1246342882514, 0.6604986190795898, -0.740410566329956, 0.5345056056976318, 0.6733886003494263, 0.5107362866401672, 0.8359246253967285, -0.3320983350276947, -0.43696755170822144], "cam_t_m2c": [-317.2227783203125, 249.7999267578125, 378.8111267089844], "obj_id": 1}, {"cam_R_m2c": [-0.08325034379959106, -0.6359592080116272, -0.7672191858291626, -0.7390672564506531, -0.47703835368156433, 0.4756196439266205, -0.66846764087677, 0.606622040271759, -0.43030303716659546], "cam_t_m2c": [-270.8236083984375, 250.8397674560547, 365.09893798828125], "obj_id": 2}, {"cam_R_m2c": [-0.08810705691576004, -0.38899514079093933, 0.917016863822937, 0.8829883337020874, 0.3956003487110138, 0.25264978408813477, -0.46105173230171204, 0.8319754600524902, 0.30862298607826233], "cam_t_m2c": [-246.2216796875, 17.646480560302734, 571.017822265625], "obj_id": 3}, {"cam_R_m2c": [-0.9472910761833191, 0.32034429907798767, 0.004373664502054453, 0.07587450742721558, 0.23759028315544128, -0.9683976173400879, -0.31125977635383606, -0.9170225858688354, -0.24937310814857483], "cam_t_m2c": [-262.3017272949219, 191.07302856445312, 294.4040222167969], "obj_id": 4}],
  "2": [{"cam_R_m2c": [0.3076816201210022, 0.944966733455658, -0.11121905595064163, 0.5521466732025146, -0.27251797914505005, -0.7879515886306763, -0.7748973965644836, 0.18102893233299255, -0.6056089401245117], "cam_t_m2c": [-316.1176452636719, 188.85809326171875, 409.1884460449219], "obj_id": 1}, {"cam_R_m2c": [0.3076816201210022, 0.944966733455658, -0.11121905595064163, 0.5521466732025146, -0.27251797914505005, -0.7879515886306763, -0.7748973965644836, 0.18102893233299255, -0.6056089401245117], "cam_t_m2c": [-316.1176452636719, 188.85809326171875, 409.1884460449219], "obj_id": 2}, {"cam_R_m2c": [0.3076816201210022, 0.944966733455658, -0.11121905595064163, 0.5521466732025146, -0.27251797914505005, -0.7879515886306763, -0.7748973965644836, 0.18102893233299255, -0.6056089401245117], "cam_t_m2c": [-316.1176452636719, 188.85809326171875, 409.1884460449219], "obj_id": 0}, {"cam_R_m2c": [0.3076816201210022, 0.944966733455658, -0.11121905595064163, 0.5521466732025146, -0.27251797914505005, -0.7879515886306763, -0.7748973965644836, 0.18102893233299255, -0.6056089401245117], "cam_t_m2c": [-316.1176452636719, 188.85809326171875, 409.1884460449219], "obj_id": 0}, {"cam_R_m2c": [0.3076816201210022, 0.944966733455658, -0.11121905595064163, 0.5521466732025146, -0.27251797914505005, -0.7879515886306763, -0.7748973965644836, 0.18102893233299255, -0.6056089401245117], "cam_t_m2c": [-316.1176452636719, 188.85809326171875, 409.1884460449219], "obj_id": 0}, {"cam_R_m2c": [0.3076816201210022, 0.944966733455658, -0.11121905595064163, 0.5521466732025146, -0.27251797914505005, -0.7879515886306763, -0.7748973965644836, 0.18102893233299255, -0.6056089401245117], "cam_t_m2c": [-316.1176452636719, 188.85809326171875, 409.1884460449219], "obj_id": 3}, {"cam_R_m2c": [0.3076816201210022, 0.944966733455658, -0.11121905595064163, 0.5521466732025146, -0.27251797914505005, -0.7879515886306763, -0.7748973965644836, 0.18102893233299255, -0.6056089401245117], "cam_t_m2c": [-316.1176452636719, 188.85809326171875, 409.1884460449219], "obj_id": 2}, {"cam_R_m2c": [0.3076816201210022, 0.944966733455658, -0.11121905595064163, 0.5521466732025146, -0.27251797914505005, -0.7879515886306763, -0.7748973965644836, 0.18102893233299255, -0.6056089401245117], "cam_t_m2c": [-316.1176452636719, 188.85809326171875, 409.1884460449219], "obj_id": 0}, {"cam_R_m2c": [0.3076816201210022, 0.944966733455658, -0.11121905595064163, 0.5521466732025146, -0.27251797914505005, -0.7879515886306763, -0.7748973965644836, 0.18102893233299255, -0.6056089401245117], "cam_t_m2c": [-316.1176452636719, 188.85809326171875, 409.1884460449219], "obj_id": 3}, {"cam_R_m2c": [0.3076816201210022, 0.944966733455658, -0.11121905595064163, 0.5521466732025146, -0.27251797914505005, -0.7879515886306763, -0.7748973965644836, 0.18102893233299255, -0.6056089401245117], "cam_t_m2c": [-316.1176452636719, 188.85809326171875, 409.1884460449219], "obj_id": 2}, {"cam_R_m2c": [0.3076816201210022, 0.944966733455658, -0.11121905595064163, 0.5521466732025146, -0.27251797914505005, -0.7879515886306763, -0.7748973965644836, 0.18102893233299255, -0.6056089401245117], "cam_t_m2c": [-316.1176452636719, 188.85809326171875, 409.1884460449219], "obj_id": 1}, {"cam_R_m2c": [0.3076816201210022, 0.944966733455658, -0.11121905595064163, 0.5521466732025146, -0.27251797914505005, -0.7879515886306763, -0.7748973965644836, 0.18102893233299255, -0.6056089401245117], "cam_t_m2c": [-316.1176452636719, 188.85809326171875, 409.1884460449219], "obj_id": 2}, {"cam_R_m2c": [-0.1246342882514, 0.6604986190795898, -0.740410566329956, 0.5345056056976318, 0.6733886003494263, 0.5107362866401672, 0.8359246253967285, -0.3320983350276947, -0.43696755170822144], "cam_t_m2c": [-317.2227783203125, 249.7999267578125, 378.8111267089844], "obj_id": 1}, {"cam_R_m2c": [-0.08325034379959106, -0.6359592080116272, -0.7672191858291626, -0.7390672564506531, -0.47703835368156433, 0.4756196439266205, -0.66846764087677, 0.606622040271759, -0.43030303716659546], "cam_t_m2c": [-270.8236083984375, 250.8397674560547, 365.09893798828125], "obj_id": 2}, {"cam_R_m2c": [-0.08810705691576004, -0.38899514079093933, 0.917016863822937, 0.8829883337020874, 0.3956003487110138, 0.25264978408813477, -0.46105173230171204, 0.8319754600524902, 0.30862298607826233], "cam_t_m2c": [-246.2216796875, 17.646480560302734, 571.017822265625], "obj_id": 3}, {"cam_R_m2c": [-0.9472910761833191, 0.32034429907798767, 0.004373664502054453, 0.07587450742721558, 0.23759028315544128, -0.9683976173400879, -0.31125977635383606, -0.9170225858688354, -0.24937310814857483], "cam_t_m2c": [-262.3017272949219, 191.07302856445312, 294.4040222167969], "obj_id": 4}],
  "3": [{"cam_R_m2c": [-0.5932514667510986, 0.7958269119262695, 0.12129344791173935, 0.06338414549827576, 0.19638139009475708, -0.9784767627716064, -0.8025179505348206, -0.5727947354316711, -0.16694629192352295], "cam_t_m2c": [-360.07183837890625, -14.657282829284668, 591.9976806640625], "obj_id": 1}, {"cam_R_m2c": [-0.5932514667510986, 0.7958269119262695, 0.12129344791173935, 0.06338414549827576, 0.19638139009475708, -0.9784767627716064, -0.8025179505348206, -0.5727947354316711, -0.16694629192352295], "cam_t_m2c": [-360.07183837890625, -14.657282829284668, 591.9976806640625], "obj_id": 2}, {"cam_R_m2c": [-0.5932514667510986, 0.7958269119262695, 0.12129344791173935, 0.06338414549827576, 0.19638139009475708, -0.9784767627716064, -0.8025179505348206, -0.5727947354316711, -0.16694629192352295], "cam_t_m2c": [-360.07183837890625, -14.657282829284668, 591.9976806640625], "obj_id": 0}, {"cam_R_m2c": [-0.5932514667510986, 0.7958269119262695, 0.12129344791173935, 0.06338414549827576, 0.19638139009475708, -0.9784767627716064, -0.8025179505348206, -0.5727947354316711, -0.16694629192352295], "cam_t_m2c": [-360.07183837890625, -14.657282829284668, 591.9976806640625], "obj_id": 0}, {"cam_R_m2c": [-0.5932514667510986, 0.7958269119262695, 0.12129344791173935, 0.06338414549827576, 0.19638139009475708, -0.9784767627716064, -0.8025179505348206, -0.5727947354316711, -0.16694629192352295], "cam_t_m2c": [-360.07183837890625, -14.657282829284668, 591.9976806640625], "obj_id": 0}, {"cam_R_m2c": [-0.5932514667510986, 0.7958269119262695, 0.12129344791173935, 0.06338414549827576, 0.19638139009475708, -0.9784767627716064, -0.8025179505348206, -0.5727947354316711, -0.16694629192352295], "cam_t_m2c": [-360.07183837890625, -14.657282829284668, 591.9976806640625], "obj_id": 3}, {"cam_R_m2c": [-0.5932514667510986, 0.7958269119262695, 0.12129344791173935, 0.06338414549827576, 0.19638139009475708, -0.9784767627716064, -0.8025179505348206, -0.5727947354316711, -0.16694629192352295], "cam_t_m2c": [-360.07183837890625, -14.657282829284668, 591.9976806640625], "obj_id": 2}, {"cam_R_m2c": [-0.5932514667510986, 0.7958269119262695, 0.12129344791173935, 0.06338414549827576, 0.19638139009475708, -0.9784767627716064, -0.8025179505348206, -0.5727947354316711, -0.16694629192352295], "cam_t_m2c": [-360.07183837890625, -14.657282829284668, 591.9976806640625], "obj_id": 0}, {"cam_R_m2c": [-0.5932514667510986, 0.7958269119262695, 0.12129344791173935, 0.06338414549827576, 0.19638139009475708, -0.9784767627716064, -0.8025179505348206, -0.5727947354316711, -0.16694629192352295], "cam_t_m2c": [-360.07183837890625, -14.657282829284668, 591.9976806640625], "obj_id": 3}, {"cam_R_m2c": [-0.5932514667510986, 0.7958269119262695, 0.12129344791173935, 0.06338414549827576, 0.19638139009475708, -0.9784767627716064, -0.8025179505348206, -0.5727947354316711, -0.16694629192352295], "cam_t_m2c": [-360.07183837890625, -14.657282829284668, 591.9976806640625], "obj_id": 2}, {"cam_R_m2c": [-0.5932514667510986, 0.7958269119262695, 0.12129344791173935, 0.06338414549827576, 0.19638139009475708, -0.9784767627716064, -0.8025179505348206, -0.5727947354316711, -0.16694629192352295], "cam_t_m2c": [-360.07183837890625, -14.657282829284668, 591.9976806640625], "obj_id": 1}, {"cam_R_m2c": [-0.5932514667510986, 0.7958269119262695, 0.12129344791173935, 0.06338414549827576, 0.19638139009475708, -0.9784767627716064, -0.8025179505348206, -0.5727947354316711, -0.16694629192352295], "cam_t_m2c": [-360.07183837890625, -14.657282829284668, 591.9976806640625], "obj_id": 2}, {"cam_R_m2c": [0.03191988542675972, -0.23985347151756287, -0.9702842831611633, 0.8470857739448547, 0.5217496752738953, -0.101109080016613, 0.5304968953132629, -0.8186865448951721, 0.21983061730861664], "cam_t_m2c": [-415.799560546875, 13.264104843139648, 564.561767578125], "obj_id": 1}, {"cam_R_m2c": [0.07222255319356918, 0.2734164595603943, -0.9591805934906006, -0.9693087935447693, -0.20734694600105286, -0.13208986818790436, -0.2349986732006073, 0.9392820596694946, 0.2500498294830322], "cam_t_m2c": [-397.9386291503906, 20.671852111816406, 520.1985473632812], "obj_id": 2}, {"cam_R_m2c": [-0.8586168885231018, -0.02825990319252014, 0.5118381977081299, 0.3698142468929291, 0.657293438911438, 0.6566603183746338, -0.3549850285053253, 0.7531047463417053, -0.5539122819900513], "cam_t_m2c": [-125.8101577758789, -27.848209381103516, 665.039306640625], "obj_id": 3}, {"cam_R_m2c": [-0.7403287887573242, -0.4602627456188202, 0.48997068405151367, -0.42048466205596924, -0.25162750482559204, -0.8717087507247925, 0.5245051980018616, -0.8513763546943665, -0.007246230263262987], "cam_t_m2c": [-392.43988037109375, -62.55891036987305, 479.1514892578125], "obj_id": 4}],
  "4": [{"cam_R_m2c": [-0.5932514667510986, 0.7958269119262695, 0.12129344791173935, 0.06338414549827576, 0.19638139009475708, -0.9784767627716064, -0.8025179505348206, -0.5727947354316711, -0.16694629192352295], "cam_t_m2c": [-360.07183837890625, -14.657282829284668, 591.9976806640625], "obj_id": 1}, {"cam_R_m2c": [-0.5932514667510986, 0.7958269119262695, 0.12129344791173935, 0.06338414549827576, 0.19638139009475708, -0.9784767627716064, -0.8025179505348206, -0.5727947354316711, -0.16694629192352295], "cam_t_m2c": [-360.07183837890625, -14.657282829284668, 591.9976806640625], "obj_id": 2}, {"cam_R_m2c": [-0.5932514667510986, 0.7958269119262695, 0.12129344791173935, 0.06338414549827576, 0.19638139009475708, -0.9784767627716064, -0.8025179505348206, -0.5727947354316711, -0.16694629192352295], "cam_t_m2c": [-360.07183837890625, -14.657282829284668, 591.9976806640625], "obj_id": 0}, {"cam_R_m2c": [-0.5932514667510986, 0.7958269119262695, 0.12129344791173935, 0.06338414549827576, 0.19638139009475708, -0.9784767627716064, -0.8025179505348206, -0.5727947354316711, -0.16694629192352295], "cam_t_m2c": [-360.07183837890625, -14.657282829284668, 591.9976806640625], "obj_id": 0}, {"cam_R_m2c": [-0.5932514667510986, 0.7958269119262695, 0.12129344791173935, 0.06338414549827576, 0.19638139009475708, -0.9784767627716064, -0.8025179505348206, -0.5727947354316711, -0.16694629192352295], "cam_t_m2c": [-360.07183837890625, -14.657282829284668, 591.9976806640625], "obj_id": 0}, {"cam_R_m2c": [-0.5932514667510986, 0.7958269119262695, 0.12129344791173935, 0.06338414549827576, 0.19638139009475708, -0.9784767627716064, -0.8025179505348206, -0.5727947354316711, -0.16694629192352295], "cam_t_m2c": [-360.07183837890625, -14.657282829284668, 591.9976806640625], "obj_id": 3}, {"cam_R_m2c": [-0.5932514667510986, 0.7958269119262695, 0.12129344791173935, 0.06338414549827576, 0.19638139009475708, -0.9784767627716064, -0.8025179505348206, -0.5727947354316711, -0.16694629192352295], "cam_t_m2c": [-360.07183837890625, -14.657282829284668, 591.9976806640625], "obj_id": 2}, {"cam_R_m2c": [-0.5932514667510986, 0.7958269119262695, 0.12129344791173935, 0.06338414549827576, 0.19638139009475708, -0.9784767627716064, -0.8025179505348206, -0.5727947354316711, -0.16694629192352295], "cam_t_m2c": [-360.07183837890625, -14.657282829284668, 591.9976806640625], "obj_id": 0}, {"cam_R_m2c": [-0.5932514667510986, 0.7958269119262695, 0.12129344791173935, 0.06338414549827576, 0.19638139009475708, -0.9784767627716064, -0.8025179505348206, -0.5727947354316711, -0.16694629192352295], "cam_t_m2c": [-360.07183837890625, -14.657282829284668, 591.9976806640625], "obj_id": 3}, {"cam_R_m2c": [-0.5932514667510986, 0.7958269119262695, 0.12129344791173935, 0.06338414549827576, 0.19638139009475708, -0.9784767627716064, -0.8025179505348206, -0.5727947354316711, -0.16694629192352295], "cam_t_m2c": [-360.07183837890625, -14.657282829284668, 591.9976806640625], "obj_id": 2}, {"cam_R_m2c": [-0.5932514667510986, 0.7958269119262695, 0.12129344791173935, 0.06338414549827576, 0.19638139009475708, -0.9784767627716064, -0.8025179505348206, -0.5727947354316711, -0.16694629192352295], "cam_t_m2c": [-360.07183837890625, -14.657282829284668, 591.9976806640625], "obj_id": 1}, {"cam_R_m2c": [-0.5932514667510986, 0.7958269119262695, 0.12129344791173935, 0.06338414549827576, 0.19638139009475708, -0.9784767627716064, -0.8025179505348206, -0.5727947354316711, -0.16694629192352295], "cam_t_m2c": [-360.07183837890625, -14.657282829284668, 591.9976806640625], "obj_id": 2}, {"cam_R_m2c": [0.03191988542675972, -0.23985347151756287, -0.9702842831611633, 0.8470857739448547, 0.5217496752738953, -0.101109080016613, 0.5304968953132629, -0.8186865448951721, 0.21983061730861664], "cam_t_m2c": [-415.799560546875, 13.264104843139648, 564.561767578125], "obj_id": 1}, {"cam_R_m2c": [0.07222255319356918, 0.2734164595603943, -0.9591805934906006, -0.9693087935447693, -0.20734694600105286, -0.13208986818790436, -0.2349986732006073, 0.9392820596694946, 0.2500498294830322], "cam_t_m2c": [-397.9386291503906, 20.671852111816406, 520.1985473632812], "obj_id": 2}, {"cam_R_m2c": [-0.8586168885231018, -0.02825990319252014, 0.5118381977081299, 0.3698142468929291, 0.657293438911438, 0.6566603183746338, -0.3549850285053253, 0.7531047463417053, -0.5539122819900513], "cam_t_m2c": [-125.8101577758789, -27.848209381103516, 665.039306640625], "obj_id": 3}, {"cam_R_m2c": [-0.7403287887573242, -0.4602627456188202, 0.48997068405151367, -0.42048466205596924, -0.25162750482559204, -0.8717087507247925, 0.5245051980018616, -0.8513763546943665, -0.007246230263262987], "cam_t_m2c": [-392.43988037109375, -62.55891036987305, 479.1514892578125], "obj_id": 4}],
  "5": [{"cam_R_m2c": [0.639938235282898, -0.7683800458908081, -0.008432024158537388, -0.4865959584712982, -0.3967152535915375, -0.7783579230308533, 0.5947296619415283, 0.5022039413452148, -0.6277638673782349], "cam_t_m2c": [343.8969421386719, 131.5714569091797, 408.8236999511719], "obj_id": 1}, {"cam_R_m2c": [0.639938235282898, -0.7683800458908081, -0.008432024158537388, -0.4865959584712982, -0.3967152535915375, -0.7783579230308533, 0.5947296619415283, 0.5022039413452148, -0.6277638673782349], "cam_t_m2c": [343.8969421386719, 131.5714569091797, 408.8236999511719], "obj_id": 2}, {"cam_R_m2c": [0.639938235282898, -0.7683800458908081, -0.008432024158537388, -0.4865959584712982, -0.3967152535915375, -0.7783579230308533, 0.5947296619415283, 0.5022039413452148, -0.6277638673782349], "cam_t_m2c": [343.8969421386719, 131.5714569091797, 408.8236999511719], "obj_id": 0}, {"cam_R_m2c": [0.639938235282898, -0.7683800458908081, -0.008432024158537388, -0.4865959584712982, -0.3967152535915375, -0.7783579230308533, 0.5947296619415283, 0.5022039413452148, -0.6277638673782349], "cam_t_m2c": [343.8969421386719, 131.5714569091797, 408.8236999511719], "obj_id": 0}, {"cam_R_m2c": [0.639938235282898, -0.7683800458908081, -0.008432024158537388, -0.4865959584712982, -0.3967152535915375, -0.7783579230308533, 0.5947296619415283, 0.5022039413452148, -0.6277638673782349], "cam_t_m2c": [343.8969421386719, 131.5714569091797, 408.8236999511719], "obj_id": 0}, {"cam_R_m2c": [0.639938235282898, -0.7683800458908081, -0.008432024158537388, -0.4865959584712982, -0.3967152535915375, -0.7783579230308533, 0.5947296619415283, 0.5022039413452148, -0.6277638673782349], "cam_t_m2c": [343.8969421386719, 131.5714569091797, 408.8236999511719], "obj_id": 3}, {"cam_R_m2c": [0.639938235282898, -0.7683800458908081, -0.008432024158537388, -0.4865959584712982, -0.3967152535915375, -0.7783579230308533, 0.5947296619415283, 0.5022039413452148, -0.6277638673782349], "cam_t_m2c": [343.8969421386719, 131.5714569091797, 408.8236999511719], "obj_id": 2}, {"cam_R_m2c": [0.639938235282898, -0.7683800458908081, -0.008432024158537388, -0.4865959584712982, -0.3967152535915375, -0.7783579230308533, 0.5947296619415283, 0.5022039413452148, -0.6277638673782349], "cam_t_m2c": [343.8969421386719, 131.5714569091797, 408.8236999511719], "obj_id": 0}, {"cam_R_m2c": [0.639938235282898, -0.7683800458908081, -0.008432024158537388, -0.4865959584712982, -0.3967152535915375, -0.7783579230308533, 0.5947296619415283, 0.5022039413452148, -0.6277638673782349], "cam_t_m2c": [343.8969421386719, 131.5714569091797, 408.8236999511719], "obj_id": 3}, {"cam_R_m2c": [0.639938235282898, -0.7683800458908081, -0.008432024158537388, -0.4865959584712982, -0.3967152535915375, -0.7783579230308533, 0.5947296619415283, 0.5022039413452148, -0.6277638673782349], "cam_t_m2c": [343.8969421386719, 131.5714569091797, 408.8236999511719], "obj_id": 2}, {"cam_R_m2c": [0.639938235282898, -0.7683800458908081, -0.008432024158537388, -0.4865959584712982, -0.3967152535915375, -0.7783579230308533, 0.5947296619415283, 0.5022039413452148, -0.6277638673782349], "cam_t_m2c": [343.8969421386719, 131.5714569091797, 408.8236999511719], "obj_id": 1}, {"cam_R_m2c": [0.639938235282898, -0.7683800458908081, -0.008432024158537388, -0.4865959584712982, -0.3967152535915375, -0.7783579230308533, 0.5947296619415283, 0.5022039413452148, -0.6277638673782349], "cam_t_m2c": [343.8969421386719, 131.5714569091797, 408.8236999511719], "obj_id": 2}, {"cam_R_m2c": [-0.1563548892736435, 0.24368233978748322, 0.9571688175201416, 0.9457908868789673, -0.2423596978187561, 0.21619774401187897, 0.284662663936615, 0.9390851259231567, -0.1925784796476364], "cam_t_m2c": [398.3139343261719, 136.05502319335938, 449.5250549316406], "obj_id": 1}, {"cam_R_m2c": [0.044220197945833206, -0.31776395440101624, 0.9471381306648254, -0.8172944188117981, 0.5337101221084595, 0.21721728146076202, -0.574521005153656, -0.7836961150169373, -0.23610594868659973], "cam_t_m2c": [383.0322570800781, 105.55229949951172, 483.8476867675781], "obj_id": 2}, {"cam_R_m2c": [0.8397071957588196, -0.09330616891384125, -0.5349633097648621, 0.08030036836862564, 0.9956330060958862, -0.04761055111885071, 0.5370694994926453, -0.002978833159431815, 0.8435327410697937], "cam_t_m2c": [107.5561752319336, 149.1199493408203, 343.8414001464844], "obj_id": 3}, {"cam_R_m2c": [0.7396723628044128, 0.5436680316925049, -0.39662307500839233, 0.20756268501281738, -0.7449356317520142, -0.6340258717536926, -0.6401582360267639, 0.3866472542285919, -0.6638535261154175], "cam_t_m2c": [389.0296630859375, 19.856678009033203, 448.31256103515625], "obj_id": 4}],
  "6": [{"cam_R_m2c": [0.639938235282898, -0.7683800458908081, -0.008432024158537388, -0.4865959584712982, -0.3967152535915375, -0.7783579230308533, 0.5947296619415283, 0.5022039413452148, -0.6277638673782349], "cam_t_m2c": [343.8969421386719, 131.5714569091797, 408.8236999511719], "obj_id": 1}, {"cam_R_m2c": [0.639938235282898, -0.7683800458908081, -0.008432024158537388, -0.4865959584712982, -0.3967152535915375, -0.7783579230308533, 0.5947296619415283, 0.5022039413452148, -0.6277638673782349], "cam_t_m2c": [343.8969421386719, 131.5714569091797, 408.8236999511719], "obj_id": 2}, {"cam_R_m2c": [0.639938235282898, -0.7683800458908081, -0.008432024158537388, -0.4865959584712982, -0.3967152535915375, -0.7783579230308533, 0.5947296619415283, 0.5022039413452148, -0.6277638673782349], "cam_t_m2c": [343.8969421386719, 131.5714569091797, 408.8236999511719], "obj_id": 0}, {"cam_R_m2c": [0.639938235282898, -0.7683800458908081, -0.008432024158537388, -0.4865959584712982, -0.3967152535915375, -0.7783579230308533, 0.5947296619415283, 0.5022039413452148, -0.6277638673782349], "cam_t_m2c": [343.8969421386719, 131.5714569091797, 408.8236999511719], "obj_id": 0}, {"cam_R_m2c": [0.639938235282898, -0.7683800458908081, -0.008432024158537388, -0.4865959584712982, -0.3967152535915375, -0.7783579230308533, 0.5947296619415283, 0.5022039413452148, -0.6277638673782349], "cam_t_m2c": [343.8969421386719, 131.5714569091797, 408.8236999511719], "obj_id": 0}, {"cam_R_m2c": [0.639938235282898, -0.7683800458908081, -0.008432024158537388, -0.4865959584712982, -0.3967152535915375, -0.7783579230308533, 0.5947296619415283, 0.5022039413452148, -0.6277638673782349], "cam_t_m2c": [343.8969421386719, 131.5714569091797, 408.8236999511719], "obj_id": 3}, {"cam_R_m2c": [0.639938235282898, -0.7683800458908081, -0.008432024158537388, -0.4865959584712982, -0.3967152535915375, -0.7783579230308533, 0.5947296619415283, 0.5022039413452148, -0.6277638673782349], "cam_t_m2c": [343.8969421386719, 131.5714569091797, 408.8236999511719], "obj_id": 2}, {"cam_R_m2c": [0.639938235282898, -0.7683800458908081, -0.008432024158537388, -0.4865959584712982, -0.3967152535915375, -0.7783579230308533, 0.5947296619415283, 0.5022039413452148, -0.6277638673782349], "cam_t_m2c": [343.8969421386719, 131.5714569091797, 408.8236999511719], "obj_id": 0}, {"cam_R_m2c": [0.639938235282898, -0.7683800458908081, -0.008432024158537388, -0.4865959584712982, -0.3967152535915375, -0.7783579230308533, 0.5947296619415283, 0.5022039413452148, -0.6277638673782349], "cam_t_m2c": [343.8969421386719, 131.5714569091797, 408.8236999511719], "obj_id": 3}, {"cam_R_m2c": [0.639938235282898, -0.7683800458908081, -0.008432024158537388, -0.4865959584712982, -0.3967152535915375, -0.7783579230308533, 0.5947296619415283, 0.5022039413452148, -0.6277638673782349], "cam_t_m2c": [343.8969421386719, 131.5714569091797, 408.8236999511719], "obj_id": 2}, {"cam_R_m2c": [0.639938235282898, -0.7683800458908081, -0.008432024158537388, -0.4865959584712982, -0.3967152535915375, -0.7783579230308533, 0.5947296619415283, 0.5022039413452148, -0.6277638673782349], "cam_t_m2c": [343.8969421386719, 131.5714569091797, 408.8236999511719], "obj_id": 1}, {"cam_R_m2c": [0.639938235282898, -0.7683800458908081, -0.008432024158537388, -0.4865959584712982, -0.3967152535915375, -0.7783579230308533, 0.5947296619415283, 0.5022039413452148, -0.6277638673782349], "cam_t_m2c": [343.8969421386719, 131.5714569091797, 408.8236999511719], "obj_id": 2}, {"cam_R_m2c": [-0.1563548892736435, 0.24368233978748322, 0.9571688175201416, 0.9457908868789673, -0.2423596978187561, 0.21619774401187897, 0.284662663936615, 0.9390851259231567, -0.1925784796476364], "cam_t_m2c": [398.3139343261719, 136.05502319335938, 449.5250549316406], "obj_id": 1}, {"cam_R_m2c": [0.044220197945833206, -0.31776395440101624, 0.9471381306648254, -0.8172944188117981, 0.5337101221084595, 0.21721728146076202, -0.574521005153656, -0.7836961150169373, -0.23610594868659973], "cam_t_m2c": [383.0322570800781, 105.55229949951172, 483.8476867675781], "obj_id": 2}, {"cam_R_m2c": [0.8397071957588196, -0.09330616891384125, -0.5349633097648621, 0.08030036836862564, 0.9956330060958862, -0.04761055111885071, 0.5370694994926453, -0.002978833159431815, 0.8435327410697937], "cam_t_m2c": [107.5561752319336, 149.1199493408203, 343.8414001464844], "obj_id": 3}, {"cam_R_m2c": [0.7396723628044128, 0.5436680316925049, -0.39662307500839233, 0.20756268501281738, -0.7449356317520142, -0.6340258717536926, -0.6401582360267639, 0.3866472542285919, -0.6638535261154175], "cam_t_m2c": [389.0296630859375, 19.856678009033203, 448.31256103515625], "obj_id": 4}],
  "7": [{"cam_R_m2c": [-0.032793812453746796, -0.9878027439117432, 0.15221767127513885, -0.5794212818145752, -0.1053047776222229, -0.8081966638565063, 0.8143681287765503, -0.11470203101634979, -0.5689005851745605], "cam_t_m2c": [76.38566589355469, -29.576858520507812, 664.5347900390625], "obj_id": 2}, {"cam_R_m2c": [-0.032793812453746796, -0.9878027439117432, 0.15221767127513885, -0.5794212818145752, -0.1053047776222229, -0.8081966638565063, 0.8143681287765503, -0.11470203101634979, -0.5689005851745605], "cam_t_m2c": [76.38566589355469, -29.576858520507812, 664.5347900390625], "obj_id": 3}, {"cam_R_m2c": [-0.032793812453746796, -0.9878027439117432, 0.15221767127513885, -0.5794212818145752, -0.1053047776222229, -0.8081966638565063, 0.8143681287765503, -0.11470203101634979, -0.5689005851745605], "cam_t_m2c": [76.38566589355469, -29.576858520507812, 664.5347900390625], "obj_id": 1}, {"cam_R_m2c": [-0.032793812453746796, -0.9878027439117432, 0.15221767127513885, -0.5794212818145752, -0.1053047776222229, -0.8081966638565063, 0.8143681287765503, -0.11470203101634979, -0.5689005851745605], "cam_t_m2c": [76.38566589355469, -29.576858520507812, 664.5347900390625], "obj_id": 0}, {"cam_R_m2c": [-0.032793812453746796, -0.9878027439117432, 0.15221767127513885, -0.5794212818145752, -0.1053047776222229, -0.8081966638565063, 0.8143681287765503, -0.11470203101634979, -0.5689005851745605], "cam_t_m2c": [76.38566589355469, -29.576858520507812, 664.5347900390625], "obj_id": 0}, {"cam_R_m2c": [-0.032793812453746796, -0.9878027439117432, 0.15221767127513885, -0.5794212818145752, -0.1053047776222229, -0.8081966638565063, 0.8143681287765503, -0.11470203101634979, -0.5689005851745605], "cam_t_m2c": [76.38566589355469, -29.576858520507812, 664.5347900390625], "obj_id": 1}, {"cam_R_m2c": [-0.032793812453746796, -0.9878027439117432, 0.15221767127513885, -0.5794212818145752, -0.1053047776222229, -0.8081966638565063, 0.8143681287765503, -0.11470203101634979, -0.5689005851745605], "cam_t_m2c": [76.38566589355469, -29.576858520507812, 664.5347900390625], "obj_id": 2}, {"cam_R_m2c": [-0.032793812453746796, -0.9878027439117432, 0.15221767127513885, -0.5794212818145752, -0.1053047776222229, -0.8081966638565063, 0.8143681287765503, -0.11470203101634979, -0.5689005851745605], "cam_t_m2c": [76.38566589355469, -29.576858520507812, 664.5347900390625], "obj_id": 3}, {"cam_R_m2c": [-0.032793812453746796, -0.9878027439117432, 0.15221767127513885, -0.5794212818145752, -0.1053047776222229, -0.8081966638565063, 0.8143681287765503, -0.11470203101634979, -0.5689005851745605], "cam_t_m2c": [76.38566589355469, -29.576858520507812, 664.5347900390625], "obj_id": 3}, {"cam_R_m2c": [-0.032793812453746796, -0.9878027439117432, 0.15221767127513885, -0.5794212818145752, -0.1053047776222229, -0.8081966638565063, 0.8143681287765503, -0.11470203101634979, -0.5689005851745605], "cam_t_m2c": [76.38566589355469, -29.576858520507812, 664.5347900390625], "obj_id": 2}, {"cam_R_m2c": [-0.032793812453746796, -0.9878027439117432, 0.15221767127513885, -0.5794212818145752, -0.1053047776222229, -0.8081966638565063, 0.8143681287765503, -0.11470203101634979, -0.5689005851745605], "cam_t_m2c": [76.38566589355469, -29.576858520507812, 664.5347900390625], "obj_id": 1}, {"cam_R_m2c": [-0.032793812453746796, -0.9878027439117432, 0.15221767127513885, -0.5794212818145752, -0.1053047776222229, -0.8081966638565063, 0.8143681287765503, -0.11470203101634979, -0.5689005851745605], "cam_t_m2c": [76.38566589355469, -29.576858520507812, 664.5347900390625], "obj_id": 0}, {"cam_R_m2c": [0.777864396572113, -0.5125671625137329, -0.36359578371047974, 0.21986359357833862, -0.32004258036613464, 0.9215381741523743, -0.5887163877487183, -0.7967731952667236, -0.13625484704971313], "cam_t_m2c": [83.03034973144531, -135.6549530029297, 815.7234497070312], "obj_id": 1}, {"cam_R_m2c": [0.8793900012969971, -0.07155106216669083, 0.47069481015205383, 0.2038007229566574, -0.8369132876396179, -0.5079774260520935, 0.43027713894844055, 0.5426382422447205, -0.7213910222053528], "cam_t_m2c": [68.16695404052734, 86.33899688720703, 507.43548583984375], "obj_id": 2}, {"cam_R_m2c": [0.02731838822364807, 0.6870840191841125, -0.7260642051696777, -0.9345974326133728, -0.24014024436473846, -0.2624123692512512, -0.3546566069126129, 0.685746431350708, 0.6355867385864258], "cam_t_m2c": [45.105247497558594, 86.67542266845703, 498.4315185546875], "obj_id": 3}, {"cam_R_m2c": [0.6693811416625977, 0.3923110067844391, 0.6308890581130981, 0.6690613627433777, -0.6874695420265198, -0.28238755464553833, 0.32293322682380676, 0.6111283302307129, -0.7226592898368835], "cam_t_m2c": [121.75942993164062, -78.77436065673828, 664.5919189453125], "obj_id": 4}]
}