{
  "0": [{"cam_R_m2c": [-0.021064192056655884, 0.999777615070343, -0.000963547092396766, 0.5114707350730896, 0.009948035702109337, -0.8592430949211121, -0.8590424656867981, -0.01859210431575775, -0.5115665197372437], "cam_t_m2c": [138.2733917236328, 31.749807357788086, 594.4141845703125], "obj_id": 1}, {"cam_R_m2c": [-0.021064192056655884, 0.999777615070343, -0.000963547092396766, 0.5114707350730896, 0.009948035702109337, -0.8592430949211121, -0.8590424656867981, -0.01859210431575775, -0.5115665197372437], "cam_t_m2c": [138.2733917236328, 31.749807357788086, 594.4141845703125], "obj_id": 0}, {"cam_R_m2c": [-0.021064192056655884, 0.999777615070343, -0.000963547092396766, 0.5114707350730896, 0.009948035702109337, -0.8592430949211121, -0.8590424656867981, -0.01859210431575775, -0.5115665197372437], "cam_t_m2c": [138.2733917236328, 31.749807357788086, 594.4141845703125], "obj_id": 0}, {"cam_R_m2c": [-0.021064192056655884, 0.999777615070343, -0.000963547092396766, 0.5114707350730896, 0.009948035702109337, -0.8592430949211121, -0.8590424656867981, -0.01859210431575775, -0.5115665197372437], "cam_t_m2c": [138.2733917236328, 31.749807357788086, 594.4141845703125], "obj_id": 3}, {"cam_R_m2c": [-0.021064192056655884, 0.999777615070343, -0.000963547092396766, 0.5114707350730896, 0.009948035702109337, -0.8592430949211121, -0.8590424656867981, -0.01859210431575775, -0.5115665197372437], "cam_t_m2c": [138.2733917236328, 31.749807357788086, 594.4141845703125], "obj_id": 2}, {"cam_R_m2c": [-0.021064192056655884, 0.999777615070343, -0.000963547092396766, 0.5114707350730896, 0.009948035702109337, -0.8592430949211121, -0.8590424656867981, -0.01859210431575775, -0.5115665197372437], "cam_t_m2c": [138.2733917236328, 31.749807357788086, 594.4141845703125], "obj_id": 0}, {"cam_R_m2c": [-0.021064192056655884, 0.999777615070343, -0.000963547092396766, 0.5114707350730896, 0.009948035702109337, -0.8592430949211121, -0.8590424656867981, -0.01859210431575775, -0.5115665197372437], "cam_t_m2c": [138.2733917236328, 31.749807357788086, 594.4141845703125], "obj_id": 3}, {"cam_R_m2c": [-0.021064192056655884, 0.999777615070343, -0.000963547092396766, 0.5114707350730896, 0.009948035702109337, -0.8592430949211121, -0.8590424656867981, -0.01859210431575775, -0.5115665197372437], "cam_t_m2c": [138.2733917236328, 31.749807357788086, 594.4141845703125], "obj_id": 2}, {"cam_R_m2c": [-0.021064192056655884, 0.999777615070343, -0.000963547092396766, 0.5114707350730896, 0.009948035702109337, -0.8592430949211121, -0.8590424656867981, -0.01859210431575775, -0.5115665197372437], "cam_t_m2c": [138.2733917236328, 31.749807357788086, 594.4141845703125], "obj_id": 0}, {"cam_R_m2c": [-0.021064192056655884, 0.999777615070343, -0.000963547092396766, 0.5114707350730896, 0.009948035702109337, -0.8592430949211121, -0.8590424656867981, -0.01859210431575775, -0.5115665197372437], "cam_t_m2c": [138.2733917236328, 31.749807357788086, 594.4141845703125], "obj_id": 0}, {"cam_R_m2c": [-0.021064192056655884, 0.999777615070343, -0.000963547092396766, 0.5114707350730896, 0.009948035702109337, -0.8592430949211121, -0.8590424656867981, -0.01859210431575775, -0.5115665197372437], "cam_t_m2c": [138.2733917236328, 31.749807357788086, 594.4141845703125], "obj_id": 0}, {"cam_R_m2c": [-0.021064192056655884, 0.999777615070343, -0.000963547092396766, 0.5114707350730896, 0.009948035702109337, -0.8592430949211121, -0.8590424656867981, -0.01859210431575775, -0.5115665197372437], "cam_t_m2c": [138.2733917236328, 31.749807357788086, 594.4141845703125], "obj_id": 0}, {"cam_R_m2c": [-0.021064192056655884, 0.999777615070343, -0.000963547092396766, 0.5114707350730896, 0.009948035702109337, -0.8592430949211121, -0.8590424656867981, -0.01859210431575775, -0.5115665197372437], "cam_t_m2c": [138.2733917236328, 31.749807357788086, 594.4141845703125], "obj_id": 2}, {"cam_R_m2c": [-0.021064192056655884, 0.999777615070343, -0.000963547092396766, 0.5114707350730896, 0.009948035702109337, -0.8592430949211121, -0.8590424656867981, -0.01859210431575775, -0.5115665197372437], "cam_t_m2c": [138.2733917236328, 31.749807357788086, 594.4141845703125], "obj_id": 1}, {"cam_R_m2c": [-0.021064192056655884, 0.999777615070343, -0.000963547092396766, 0.5114707350730896, 0.009948035702109337, -0.8592430949211121, -0.8590424656867981, -0.01859210431575775, -0.5115665197372437], "cam_t_m2c": [138.2733917236328, 31.749807357788086, 594.4141845703125], "obj_id": 1}, {"cam_R_m2c": [-0.021064192056655884, 0.999777615070343, -0.000963547092396766, 0.5114707350730896, 0.009948035702109337, -0.8592430949211121, -0.8590424656867981, -0.01859210431575775, -0.5115665197372437], "cam_t_m2c": [138.2733917236328, 31.749807357788086, 594.4141845703125], "obj_id": 3}, {"cam_R_m2c": [-0.021064192056655884, 0.999777615070343, -0.000963547092396766, 0.5114707350730896, 0.009948035702109337, -0.8592430949211121, -0.8590424656867981, -0.01859210431575775, -0.5115665197372437], "cam_t_m2c": [138.2733917236328, 31.749807357788086, 594.4141845703125], "obj_id": 1}, {"cam_R_m2c": [-0.021064192056655884, 0.999777615070343, -0.000963547092396766, 0.5114707350730896, 0.009948035702109337, -0.8592430949211121, -0.8590424656867981, -0.01859210431575775, -0.5115665197372437], "cam_t_m2c": [138.2733917236328, 31.749807357788086, 594.4141845703125], "obj_id": 2}, {"cam_R_m2c": [-0.021064192056655884, 0.999777615070343, -0.000963547092396766, 0.5114707350730896, 0.009948035702109337, -0.8592430949211121, -0.8590424656867981, -0.01859210431575775, -0.5115665197372437], "cam_t_m2c": [138.2733917236328, 31.749807357788086, 594.4141845703125], "obj_id": 0}, {"cam_R_m2c": [-0.021064192056655884, 0.999777615070343, -0.000963547092396766, 0.5114707350730896, 0.009948035702109337, -0.8592430949211121, -0.8590424656867981, -0.01859210431575775, -0.5115665197372437], "cam_t_m2c": [138.2733917236328, 31.749807357788086, 594.4141845703125], "obj_id": 3}, {"cam_R_m2c": [-0.021064192056655884, 0.999777615070343, -0.000963547092396766, 0.5114707350730896, 0.009948035702109337, -0.8592430949211121, -0.8590424656867981, -0.01859210431575775, -0.5115665197372437], "cam_t_m2c": [138.2733917236328, 31.749807357788086, 594.4141845703125], "obj_id": 0}, {"cam_R_m2c": [-0.021064192056655884, 0.999777615070343, -0.000963547092396766, 0.5114707350730896, 0.009948035702109337, -0.8592430949211121, -0.8590424656867981, -0.01859210431575775, -0.5115665197372437], "cam_t_m2c": [138.2733917236328, 31.749807357788086, 594.4141845703125], "obj_id": 3}, {"cam_R_m2c": [-0.021064192056655884, 0.999777615070343, -0.000963547092396766, 0.5114707350730896, 0.009948035702109337, -0.8592430949211121, -0.8590424656867981, -0.01859210431575775, -0.5115665197372437], "cam_t_m2c": [138.2733917236328, 31.749807357788086, 594.4141845703125], "obj_id": 1}, {"cam_R_m2c": [-0.021064192056655884, 0.999777615070343, -0.000963547092396766, 0.5114707350730896, 0.009948035702109337, -0.8592430949211121, -0.8590424656867981, -0.01859210431575775, -0.5115665197372437], "cam_t_m2c": [138.2733917236328, 31.749807357788086, 594.4141845703125], "obj_id": 0}, {"cam_R_m2c": [0.8369948863983154, -0.36553502082824707, -0.40721455216407776, 0.5472021698951721, 0.5549523234367371, 0.6265761256217957, -0.0030508656054735184, -0.7472697496414185, 0.6645138263702393], "cam_t_m2c": [285.93585205078125, 83.77859497070312, 409.00787353515625], "obj_id": 3}, {"cam_R_m2c": [-0.8005597591400146, 0.5787720680236816, -0.15532833337783813, 0.5940774083137512, 0.7325283288955688, -0.3323766589164734, -0.07858792692422867, -0.35836443305015564, -0.9302681684494019], "cam_t_m2c": [9.51216983795166, -12.482637405395508, 571.2118530273438], "obj_id": 3}, {"cam_R_m2c": [0.7659032344818115, -0.5743844509124756, -0.2889198660850525, -0.37068331241607666, -0.02731020748615265, -0.9283576607704163, 0.5253437757492065, 0.8181298971176147, -0.2338317185640335], "cam_t_m2c": [213.67953491210938, 37.21696853637695, 487.350341796875], "obj_id": 0}, {"cam_R_m2c": [-0.01950191706418991, 0.1785479038953781, 0.9837378263473511, -0.8908027410507202, 0.44365572929382324, -0.09818291664123535, -0.4539712071418762, -0.8782312273979187, 0.15039891004562378], "cam_t_m2c": [192.0447540283203, -179.56747436523438, 851.5089111328125], "obj_id": 1}, {"cam_R_m2c": [-0.22094708681106567, -0.867876410484314, 0.4449414014816284, -0.7876168489456177, 0.4278407692909241, 0.4434094727039337, -0.5751886963844299, -0.25247329473495483, -0.7780842781066895], "cam_t_m2c": [250.6335906982422, 48.17339324951172, 468.8779602050781], "obj_id": 0}, {"cam_R_m2c": [-0.16017036139965057, -0.5955405235290527, 0.78719562292099, -0.7437471151351929, 0.5971446633338928, 0.3004304766654968, -0.6489881873130798, -0.5373544096946716, -0.5385764241218567], "cam_t_m2c": [399.079345703125, -149.0535430908203, 799.8668212890625], "obj_id": 0}, {"cam_R_m2c": [-0.4065270721912384, -0.27774491906166077, -0.8703981637954712, -0.7352467179298401, -0.4660711884498596, 0.4921274185180664, -0.5423536896705627, 0.8400207161903381, -0.01474013365805149], "cam_t_m2c": [-47.55305862426758, -44.980648040771484, 625.904052734375], "obj_id": 1}, {"cam_R_m2c": [0.18120037019252777, 0.5742602348327637, -0.7983680963516235, 0.8453629016876221, -0.5057686567306519, -0.17192918062210083, -0.5025216341018677, -0.6437571048736572, -0.5771037340164185], "cam_t_m2c": [119.7692642211914, 24.476268768310547, 508.92694091796875], "obj_id": 3}],
  "1": [{"cam_R_m2c": [0.956803023815155, 0.2817821800708771, -0.07160177826881409, 0.04661715030670166, -0.39178016781806946, -0.918877124786377, -0.28697535395622253, 0.8758465051651001, -0.38799232244491577], "cam_t_m2c": [9.710627555847168, -3.4673757553100586, 587.4288330078125], "obj_id": 1}, {"cam_R_m2c": [0.956803023815155, 0.2817821800708771, -0.07160177826881409, 0.04661715030670166, -0.39178016781806946, -0.918877124786377, -0.28697535395622253, 0.8758465051651001, -0.38799232244491577], "cam_t_m2c": [9.710627555847168, -3.4673757553100586, 587.4288330078125], "obj_id": 0}, {"cam_R_m2c": [0.956803023815155, 0.2817821800708771, -0.07160177826881409, 0.04661715030670166, -0.39178016781806946, -0.918877124786377, -0.28697535395622253, 0.8758465051651001, -0.38799232244491577], "cam_t_m2c": [9.710627555847168, -3.4673757553100586, 587.4288330078125], "obj_id": 0}, {"cam_R_m2c": [0.956803023815155, 0.2817821800708771, -0.07160177826881409, 0.04661715030670166, -0.39178016781806946, -0.918877124786377, -0.28697535395622253, 0.8758465051651001, -0.38799232244491577], "cam_t_m2c": [9.710627555847168, -3.4673757553100586, 587.4288330078125], "obj_id": 3}, {"cam_R_m2c": [0.956803023815155, 0.2817821800708771, -0.07160177826881409, 0.04661715030670166, -0.39178016781806946, -0.918877124786377, -0.28697535395622253, 0.8758465051651001, -0.38799232244491577], "cam_t_m2c": [9.710627555847168, -3.4673757553100586, 587.4288330078125], "obj_id": 2}, {"cam_R_m2c": [0.956803023815155, 0.2817821800708771, -0.07160177826881409, 0.04661715030670166, -0.39178016781806946, -0.918877124786377, -0.28697535395622253, 0.8758465051651001, -0.38799232244491577], "cam_t_m2c": [9.710627555847168, -3.4673757553100586, 587.4288330078125], "obj_id": 0}, {"cam_R_m2c": [0.956803023815155, 0.2817821800708771, -0.07160177826881409, 0.04661715030670166, -0.39178016781806946, -0.918877124786377, -0.28697535395622253, 0.8758465051651001, -0.38799232244491577], "cam_t_m2c": [9.710627555847168, -3.4673757553100586, 587.4288330078125], "obj_id": 3}, {"cam_R_m2c": [0.956803023815155, 0.2817821800708771, -0.07160177826881409, 0.04661715030670166, -0.39178016781806946, -0.918877124786377, -0.28697535395622253, 0.8758465051651001, -0.38799232244491577], "cam_t_m2c": [9.710627555847168, -3.4673757553100586, 587.4288330078125], "obj_id": 2}, {"cam_R_m2c": [0.956803023815155, 0.2817821800708771, -0.07160177826881409, 0.04661715030670166, -0.39178016781806946, -0.918877124786377, -0.28697535395622253, 0.8758465051651001, -0.38799232244491577], "cam_t_m2c": [9.710627555847168, -3.4673757553100586, 587.4288330078125], "obj_id": 0}, {"cam_R_m2c": [0.956803023815155, 0.2817821800708771, -0.07160177826881409, 0.04661715030670166, -0.39178016781806946, -0.918877124786377, -0.28697535395622253, 0.8758465051651001, -0.38799232244491577], "cam_t_m2c": [9.710627555847168, -3.4673757553100586, 587.4288330078125], "obj_id": 0}, {"cam_R_m2c": [0.956803023815155, 0.2817821800708771, -0.07160177826881409, 0.04661715030670166, -0.39178016781806946, -0.918877124786377, -0.28697535395622253, 0.8758465051651001, -0.38799232244491577], "cam_t_m2c": [9.710627555847168, -3.4673757553100586, 587.4288330078125], "obj_id": 0}, {"cam_R_m2c": [0.956803023815155, 0.2817821800708771, -0.07160177826881409, 0.04661715030670166, -0.39178016781806946, -0.918877124786377, -0.28697535395622253, 0.8758465051651001, -0.38799232244491577], "cam_t_m2c": [9.710627555847168, -3.4673757553100586, 587.4288330078125], "obj_id": 0}, {"cam_R_m2c": [0.956803023815155, 0.2817821800708771, -0.07160177826881409, 0.04661715030670166, -0.39178016781806946, -0.918877124786377, -0.28697535395622253, 0.8758465051651001, -0.38799232244491577], "cam_t_m2c": [9.710627555847168, -3.4673757553100586, 587.4288330078125], "obj_id": 2}, {"cam_R_m2c": [0.956803023815155, 0.2817821800708771, -0.07160177826881409, 0.04661715030670166, -0.39178016781806946, -0.918877124786377, -0.28697535395622253, 0.8758465051651001, -0.38799232244491577], "cam_t_m2c": [9.710627555847168, -3.4673757553100586, 587.4288330078125], "obj_id": 1}, {"cam_R_m2c": [0.956803023815155, 0.2817821800708771, -0.07160177826881409, 0.04661715030670166, -0.39178016781806946, -0.918877124786377, -0.28697535395622253, 0.8758465051651001, -0.38799232244491577], "cam_t_m2c": [9.710627555847168, -3.4673757553100586, 587.4288330078125], "obj_id": 1}, {"cam_R_m2c": [0.956803023815155, 0.2817821800708771, -0.07160177826881409, 0.04661715030670166, -0.39178016781806946, -0.918877124786377, -0.28697535395622253, 0.8758465051651001, -0.38799232244491577], "cam_t_m2c": [9.710627555847168, -3.4673757553100586, 587.4288330078125], "obj_id": 3}, {"cam_R_m2c": [0.956803023815155, 0.2817821800708771, -0.07160177826881409, 0.04661715030670166, -0.39178016781806946, -0.918877124786377, -0.28697535395622253, 0.8758465051651001, -0.38799232244491577], "cam_t_m2c": [9.710627555847168, -3.4673757553100586, 587.4288330078125], "obj_id": 1}, {"cam_R_m2c": [0.956803023815155, 0.2817821800708771, -0.07160177826881409, 0.04661715030670166, -0.39178016781806946, -0.918877124786377, -0.28697535395622253, 0.8758465051651001, -0.38799232244491577], "cam_t_m2c": [9.710627555847168, -3.4673757553100586, 587.4288330078125], "obj_id": 2}, {"cam_R_m2c": [0.956803023815155, 0.2817821800708771, -0.07160177826881409, 0.04661715030670166, -0.39178016781806946, -0.918877124786377, -0.28697535395622253, 0.8758465051651001, -0.38799232244491577], "cam_t_m2c": [9.710627555847168, -3.4673757553100586, 587.4288330078125], "obj_id": 0}, {"cam_R_m2c": [0.956803023815155, 0.2817821800708771, -0.07160177826881409, 0.04661715030670166, -0.39178016781806946, -0.918877124786377, -0.28697535395622253, 0.8758465051651001, -0.38799232244491577], "cam_t_m2c": [9.710627555847168, -3.4673757553100586, 587.4288330078125], "obj_id": 3}, {"cam_R_m2c": [0.956803023815155, 0.2817821800708771, -0.07160177826881409, 0.04661715030670166, -0.39178016781806946, -0.918877124786377, -0.28697535395622253, 0.8758465051651001, -0.38799232244491577], "cam_t_m2c": [9.710627555847168, -3.4673757553100586, 587.4288330078125], "obj_id": 0}, {"cam_R_m2c": [0.956803023815155, 0.2817821800708771, -0.07160177826881409, 0.04661715030670166, -0.39178016781806946, -0.918877124786377, -0.28697535395622253, 0.8758465051651001, -0.38799232244491577], "cam_t_m2c": [9.710627555847168, -3.4673757553100586, 587.4288330078125], "obj_id": 3}, {"cam_R_m2c": [0.956803023815155, 0.2817821800708771, -0.07160177826881409, 0.04661715030670166, -0.39178016781806946, -0.918877124786377, -0.28697535395622253, 0.8758465051651001, -0.38799232244491577], "cam_t_m2c": [9.710627555847168, -3.4673757553100586, 587.4288330078125], "obj_id": 1}, {"cam_R_m2c": [0.956803023815155, 0.2817821800708771, -0.07160177826881409, 0.04661715030670166, -0.39178016781806946, -0.918877124786377, -0.28697535395622253, 0.8758465051651001, -0.38799232244491577], "cam_t_m2c": [9.710627555847168, -3.4673757553100586, 587.4288330078125], "obj_id": 0}, {"cam_R_m2c": [0.524385929107666, 0.8023922443389893, -0.284931480884552, 0.11369141936302185, 0.2656537890434265, 0.957341194152832, 0.8438563346862793, -0.5344104766845703, 0.04808003082871437], "cam_t_m2c": [223.72454833984375, -100.28255462646484, 648.3512573242188], "obj_id": 3}, {"cam_R_m2c": [0.18161608278751373, 0.8403328061103821, 0.5107409358024597, 0.7601807713508606, 0.2094990611076355, -0.6150084137916565, -0.6238115429878235, 0.4999508857727051, -0.6007564663887024], "cam_t_m2c": [-30.126920700073242, 1.028008222579956, 455.2657470703125], "obj_id": 3}, {"cam_R_m2c": [-0.4201695919036865, -0.8121681809425354, -0.4047716557979584, -0.370400071144104, 0.560702919960022, -0.7405511140823364, 0.8284087181091309, -0.1612296849489212, -0.5364174246788025], "cam_t_m2c": [117.10533905029297, -75.40467071533203, 609.1093139648438], "obj_id": 0}, {"cam_R_m2c": [-0.13945862650871277, 0.9866485595703125, 0.08411834388971329, -0.9119742512702942, -0.09487559646368027, -0.39912596344947815, -0.3858162760734558, -0.1323753297328949, 0.9130293130874634], "cam_t_m2c": [-296.4727783203125, -83.16376495361328, 703.8085327148438], "obj_id": 1}, {"cam_R_m2c": [-0.039201293140649796, 0.20942214131355286, 0.9770391583442688, -0.8025317192077637, 0.5759477615356445, -0.15565037727355957, -0.5953201055526733, -0.7902066111564636, 0.14549003541469574], "cam_t_m2c": [147.443603515625, -89.09188842773438, 635.92578125], "obj_id": 0}, {"cam_R_m2c": [0.05933259800076485, 0.5996297597885132, 0.7980750203132629, -0.8231043815612793, 0.48171839118003845, -0.30074337124824524, -0.5647820830345154, -0.6390551328659058, 0.5221395492553711], "cam_t_m2c": [-184.58445739746094, -162.16058349609375, 870.2472534179688], "obj_id": 0}, {"cam_R_m2c": [-0.08471532166004181, -0.9948065280914307, 0.05641941353678703, -0.6730714440345764, 0.09888503700494766, 0.7329367995262146, -0.7347093820571899, 0.024116747081279755, -0.6779529452323914], "cam_t_m2c": [-106.28795623779297, 20.996078491210938, 422.03076171875], "obj_id": 1}, {"cam_R_m2c": [0.9127539992332458, 0.3791189193725586, 0.15214799344539642, 0.39356085658073425, -0.9159189462661743, -0.0787518322467804, 0.10949894785881042, 0.13176053762435913, -0.9852150678634644], "cam_t_m2c": [68.42341613769531, -39.48945617675781, 533.0358276367188], "obj_id": 3}]
}