{
  "0": [{"cam_R_m2c": [0.31295743584632874, -0.9411340355873108, 0.12776672840118408, -0.41844433546066284, -0.257392555475235, -0.8710070252418518, 0.8526206016540527, 0.21912482380867004, -0.47436508536338806], "cam_t_m2c": [-64.4453353881836, 60.095191955566406, 47.578792572021484], "obj_id": 0}, {"cam_R_m2c": [0.31295743584632874, -0.9411340355873108, 0.12776672840118408, -0.41844433546066284, -0.257392555475235, -0.8710070252418518, 0.8526206016540527, 0.21912482380867004, -0.47436508536338806], "cam_t_m2c": [-64.4453353881836, 60.095191955566406, 47.578792572021484], "obj_id": 1}, {"cam_R_m2c": [0.31295743584632874, -0.9411340355873108, 0.12776672840118408, -0.41844433546066284, -0.257392555475235, -0.8710070252418518, 0.8526206016540527, 0.21912482380867004, -0.47436508536338806], "cam_t_m2c": [-64.4453353881836, 60.095191955566406, 47.578792572021484], "obj_id": 0}, {"cam_R_m2c": [0.31295743584632874, -0.9411340355873108, 0.12776672840118408, -0.41844433546066284, -0.257392555475235, -0.8710070252418518, 0.8526206016540527, 0.21912482380867004, -0.47436508536338806], "cam_t_m2c": [-64.4453353881836, 60.095191955566406, 47.578792572021484], "obj_id": 0}, {"cam_R_m2c": [0.31295743584632874, -0.9411340355873108, 0.12776672840118408, -0.41844433546066284, -0.257392555475235, -0.8710070252418518, 0.8526206016540527, 0.21912482380867004, -0.47436508536338806], "cam_t_m2c": [-64.4453353881836, 60.095191955566406, 47.578792572021484], "obj_id": 3}, {"cam_R_m2c": [0.31295743584632874, -0.9411340355873108, 0.12776672840118408, -0.41844433546066284, -0.257392555475235, -0.8710070252418518, 0.8526206016540527, 0.21912482380867004, -0.47436508536338806], "cam_t_m2c": [-64.4453353881836, 60.095191955566406, 47.578792572021484], "obj_id": 1}, {"cam_R_m2c": [0.31295743584632874, -0.9411340355873108, 0.12776672840118408, -0.41844433546066284, -0.257392555475235, -0.8710070252418518, 0.8526206016540527, 0.21912482380867004, -0.47436508536338806], "cam_t_m2c": [-64.4453353881836, 60.095191955566406, 47.578792572021484], "obj_id": 1}, {"cam_R_m2c": [0.31295743584632874, -0.9411340355873108, 0.12776672840118408, -0.41844433546066284, -0.257392555475235, -0.8710070252418518, 0.8526206016540527, 0.21912482380867004, -0.47436508536338806], "cam_t_m2c": [-64.4453353881836, 60.095191955566406, 47.578792572021484], "obj_id": 3}, {"cam_R_m2c": [0.31295743584632874, -0.9411340355873108, 0.12776672840118408, -0.41844433546066284, -0.257392555475235, -0.8710070252418518, 0.8526206016540527, 0.21912482380867004, -0.47436508536338806], "cam_t_m2c": [-64.4453353881836, 60.095191955566406, 47.578792572021484], "obj_id": 2}, {"cam_R_m2c": [0.31295743584632874, -0.9411340355873108, 0.12776672840118408, -0.41844433546066284, -0.257392555475235, -0.8710070252418518, 0.8526206016540527, 0.21912482380867004, -0.47436508536338806], "cam_t_m2c": [-64.4453353881836, 60.095191955566406, 47.578792572021484], "obj_id": 2}, {"cam_R_m2c": [0.31295743584632874, -0.9411340355873108, 0.12776672840118408, -0.41844433546066284, -0.257392555475235, -0.8710070252418518, 0.8526206016540527, 0.21912482380867004, -0.47436508536338806], "cam_t_m2c": [-64.4453353881836, 60.095191955566406, 47.578792572021484], "obj_id": 0}, {"cam_R_m2c": [0.31295743584632874, -0.9411340355873108, 0.12776672840118408, -0.41844433546066284, -0.257392555475235, -0.8710070252418518, 0.8526206016540527, 0.21912482380867004, -0.47436508536338806], "cam_t_m2c": [-64.4453353881836, 60.095191955566406, 47.578792572021484], "obj_id": 2}, {"cam_R_m2c": [0.31295743584632874, -0.9411340355873108, 0.12776672840118408, -0.41844433546066284, -0.257392555475235, -0.8710070252418518, 0.8526206016540527, 0.21912482380867004, -0.47436508536338806], "cam_t_m2c": [-64.4453353881836, 60.095191955566406, 47.578792572021484], "obj_id": 2}, {"cam_R_m2c": [0.31295743584632874, -0.9411340355873108, 0.12776672840118408, -0.41844433546066284, -0.257392555475235, -0.8710070252418518, 0.8526206016540527, 0.21912482380867004, -0.47436508536338806], "cam_t_m2c": [-64.4453353881836, 60.095191955566406, 47.578792572021484], "obj_id": 2}, {"cam_R_m2c": [0.31295743584632874, -0.9411340355873108, 0.12776672840118408, -0.41844433546066284, -0.257392555475235, -0.8710070252418518, 0.8526206016540527, 0.21912482380867004, -0.47436508536338806], "cam_t_m2c": [-64.4453353881836, 60.095191955566406, 47.578792572021484], "obj_id": 3}, {"cam_R_m2c": [0.31295743584632874, -0.9411340355873108, 0.12776672840118408, -0.41844433546066284, -0.257392555475235, -0.8710070252418518, 0.8526206016540527, 0.21912482380867004, -0.47436508536338806], "cam_t_m2c": [-64.4453353881836, 60.095191955566406, 47.578792572021484], "obj_id": 2}, {"cam_R_m2c": [0.31295743584632874, -0.9411340355873108, 0.12776672840118408, -0.41844433546066284, -0.257392555475235, -0.8710070252418518, 0.8526206016540527, 0.21912482380867004, -0.47436508536338806], "cam_t_m2c": [-64.4453353881836, 60.095191955566406, 47.578792572021484], "obj_id": 2}, {"cam_R_m2c": [0.31295743584632874, -0.9411340355873108, 0.12776672840118408, -0.41844433546066284, -0.257392555475235, -0.8710070252418518, 0.8526206016540527, 0.21912482380867004, -0.47436508536338806], "cam_t_m2c": [-64.4453353881836, 60.095191955566406, 47.578792572021484], "obj_id": 0}, {"cam_R_m2c": [0.31295743584632874, -0.9411340355873108, 0.12776672840118408, -0.41844433546066284, -0.257392555475235, -0.8710070252418518, 0.8526206016540527, 0.21912482380867004, -0.47436508536338806], "cam_t_m2c": [-64.4453353881836, 60.095191955566406, 47.578792572021484], "obj_id": 0}, {"cam_R_m2c": [0.31295743584632874, -0.9411340355873108, 0.12776672840118408, -0.41844433546066284, -0.257392555475235, -0.8710070252418518, 0.8526206016540527, 0.21912482380867004, -0.47436508536338806], "cam_t_m2c": [-64.4453353881836, 60.095191955566406, 47.578792572021484], "obj_id": 3}, {"cam_R_m2c": [0.31295743584632874, -0.9411340355873108, 0.12776672840118408, -0.41844433546066284, -0.257392555475235, -0.8710070252418518, 0.8526206016540527, 0.21912482380867004, -0.47436508536338806], "cam_t_m2c": [-64.4453353881836, 60.095191955566406, 47.578792572021484], "obj_id": 1}, {"cam_R_m2c": [0.31295743584632874, -0.9411340355873108, 0.12776672840118408, -0.41844433546066284, -0.257392555475235, -0.8710070252418518, 0.8526206016540527, 0.21912482380867004, -0.47436508536338806], "cam_t_m2c": [-64.4453353881836, 60.095191955566406, 47.578792572021484], "obj_id": 1}, {"cam_R_m2c": [0.31295743584632874, -0.9411340355873108, 0.12776672840118408, -0.41844433546066284, -0.257392555475235, -0.8710070252418518, 0.8526206016540527, 0.21912482380867004, -0.47436508536338806], "cam_t_m2c": [-64.4453353881836, 60.095191955566406, 47.578792572021484], "obj_id": 1}, {"cam_R_m2c": [0.31295743584632874, -0.9411340355873108, 0.12776672840118408, -0.41844433546066284, -0.257392555475235, -0.8710070252418518, 0.8526206016540527, 0.21912482380867004, -0.47436508536338806], "cam_t_m2c": [-64.4453353881836, 60.095191955566406, 47.578792572021484], "obj_id": 2}, {"cam_R_m2c": [-0.175682932138443, 0.006229735445231199, -0.9844270944595337, 0.5682679414749146, 0.8171957731246948, -0.09624284505844116, 0.8038700819015503, -0.5763265490531921, -0.14710751175880432], "cam_t_m2c": [10.331605911254883, -21.93968391418457, 156.9643096923828], "obj_id": 3}, {"cam_R_m2c": [0.34876903891563416, -0.644829273223877, -0.6801140904426575, 0.652147114276886, -0.35420483350753784, 0.670255720615387, -0.6731004118919373, -0.677298903465271, 0.29698804020881653], "cam_t_m2c": [-221.3297882080078, -56.72230911254883, 145.37255859375], "obj_id": 0}, {"cam_R_m2c": [-0.44105270504951477, 0.6794298887252808, 0.586385190486908, -0.34339404106140137, 0.4758954644203186, -0.8096938133239746, -0.8291881680488586, -0.558478832244873, 0.023417184129357338], "cam_t_m2c": [-988.6974487304688, 6856.7197265625, 3857.301513671875], "obj_id": 2}, {"cam_R_m2c": [-0.053466636687517166, -0.7520983219146729, 0.6568785905838013, 0.5821372866630554, -0.5579497814178467, -0.5914458632469177, 0.8113306760787964, 0.35077089071273804, 0.4676561653614044], "cam_t_m2c": [-212.06118774414062, 53.73011779785156, -29.409343719482422], "obj_id": 3}, {"cam_R_m2c": [-0.0745135173201561, 0.5375816226005554, -0.8399129509925842, 0.4685373306274414, -0.724626898765564, -0.5053600072860718, -0.8802957534790039, -0.431186705827713, -0.19788260757923126], "cam_t_m2c": [-24.520408630371094, 107.38772583007812, -45.367347717285156], "obj_id": 3}, {"cam_R_m2c": [0.4824289381504059, -0.651941180229187, -0.5850085616111755, 0.7319164872169495, 0.6669288277626038, -0.13965721428394318, 0.48120737075805664, -0.3608027696609497, 0.7989122867584229], "cam_t_m2c": [-74.77123260498047, -46.29117202758789, 172.52745056152344], "obj_id": 1}, {"cam_R_m2c": [0.6471107006072998, -0.1790609210729599, 0.7410700917243958, 0.7428418397903442, -0.07064972072839737, -0.6657284498214722, 0.17156243324279785, 0.9812979102134705, 0.08729580044746399], "cam_t_m2c": [114.848876953125, 34.92762756347656, 67.6905746459961], "obj_id": 0}, {"cam_R_m2c": [-0.5523699522018433, -0.6824055314064026, -0.4787590503692627, 0.5117508172988892, -0.7309608459472656, 0.4514503479003906, -0.6580263376235962, 0.004362273029983044, 0.7529823184013367], "cam_t_m2c": [-30.59456443786621, 153.00912475585938, -188.35336303710938], "obj_id": 0}],
  "1": [{"cam_R_m2c": [0.5530164241790771, -0.7647566795349121, 0.33063584566116333, -0.40100061893463135, -0.5921627283096313, -0.6989576816558838, 0.7303227782249451, 0.253949910402298, -0.6341436505317688], "cam_t_m2c": [-97.36822509765625, 53.378196716308594, 60.30459213256836], "obj_id": 0}, {"cam_R_m2c": [0.5530164241790771, -0.7647566795349121, 0.33063584566116333, -0.40100061893463135, -0.5921627283096313, -0.6989576816558838, 0.7303227782249451, 0.253949910402298, -0.6341436505317688], "cam_t_m2c": [-97.36822509765625, 53.378196716308594, 60.30459213256836], "obj_id": 1}, {"cam_R_m2c": [0.5530164241790771, -0.7647566795349121, 0.33063584566116333, -0.40100061893463135, -0.5921627283096313, -0.6989576816558838, 0.7303227782249451, 0.253949910402298, -0.6341436505317688], "cam_t_m2c": [-97.36822509765625, 53.378196716308594, 60.30459213256836], "obj_id": 0}, {"cam_R_m2c": [0.5530164241790771, -0.7647566795349121, 0.33063584566116333, -0.40100061893463135, -0.5921627283096313, -0.6989576816558838, 0.7303227782249451, 0.253949910402298, -0.6341436505317688], "cam_t_m2c": [-97.36822509765625, 53.378196716308594, 60.30459213256836], "obj_id": 0}, {"cam_R_m2c": [0.5530164241790771, -0.7647566795349121, 0.33063584566116333, -0.40100061893463135, -0.5921627283096313, -0.6989576816558838, 0.7303227782249451, 0.253949910402298, -0.6341436505317688], "cam_t_m2c": [-97.36822509765625, 53.378196716308594, 60.30459213256836], "obj_id": 3}, {"cam_R_m2c": [0.5530164241790771, -0.7647566795349121, 0.33063584566116333, -0.40100061893463135, -0.5921627283096313, -0.6989576816558838, 0.7303227782249451, 0.253949910402298, -0.6341436505317688], "cam_t_m2c": [-97.36822509765625, 53.378196716308594, 60.30459213256836], "obj_id": 1}, {"cam_R_m2c": [0.5530164241790771, -0.7647566795349121, 0.33063584566116333, -0.40100061893463135, -0.5921627283096313, -0.6989576816558838, 0.7303227782249451, 0.253949910402298, -0.6341436505317688], "cam_t_m2c": [-97.36822509765625, 53.378196716308594, 60.30459213256836], "obj_id": 1}, {"cam_R_m2c": [0.5530164241790771, -0.7647566795349121, 0.33063584566116333, -0.40100061893463135, -0.5921627283096313, -0.6989576816558838, 0.7303227782249451, 0.253949910402298, -0.6341436505317688], "cam_t_m2c": [-97.36822509765625, 53.378196716308594, 60.30459213256836], "obj_id": 3}, {"cam_R_m2c": [0.5530164241790771, -0.7647566795349121, 0.33063584566116333, -0.40100061893463135, -0.5921627283096313, -0.6989576816558838, 0.7303227782249451, 0.253949910402298, -0.6341436505317688], "cam_t_m2c": [-97.36822509765625, 53.378196716308594, 60.30459213256836], "obj_id": 2}, {"cam_R_m2c": [0.5530164241790771, -0.7647566795349121, 0.33063584566116333, -0.40100061893463135, -0.5921627283096313, -0.6989576816558838, 0.7303227782249451, 0.253949910402298, -0.6341436505317688], "cam_t_m2c": [-97.36822509765625, 53.378196716308594, 60.30459213256836], "obj_id": 2}, {"cam_R_m2c": [0.5530164241790771, -0.7647566795349121, 0.33063584566116333, -0.40100061893463135, -0.5921627283096313, -0.6989576816558838, 0.7303227782249451, 0.253949910402298, -0.6341436505317688], "cam_t_m2c": [-97.36822509765625, 53.378196716308594, 60.30459213256836], "obj_id": 0}, {"cam_R_m2c": [0.5530164241790771, -0.7647566795349121, 0.33063584566116333, -0.40100061893463135, -0.5921627283096313, -0.6989576816558838, 0.7303227782249451, 0.253949910402298, -0.6341436505317688], "cam_t_m2c": [-97.36822509765625, 53.378196716308594, 60.30459213256836], "obj_id": 2}, {"cam_R_m2c": [0.5530164241790771, -0.7647566795349121, 0.33063584566116333, -0.40100061893463135, -0.5921627283096313, -0.6989576816558838, 0.7303227782249451, 0.253949910402298, -0.6341436505317688], "cam_t_m2c": [-97.36822509765625, 53.378196716308594, 60.30459213256836], "obj_id": 2}, {"cam_R_m2c": [0.5530164241790771, -0.7647566795349121, 0.33063584566116333, -0.40100061893463135, -0.5921627283096313, -0.6989576816558838, 0.7303227782249451, 0.253949910402298, -0.6341436505317688], "cam_t_m2c": [-97.36822509765625, 53.378196716308594, 60.30459213256836], "obj_id": 2}, {"cam_R_m2c": [0.5530164241790771, -0.7647566795349121, 0.33063584566116333, -0.40100061893463135, -0.5921627283096313, -0.6989576816558838, 0.7303227782249451, 0.253949910402298, -0.6341436505317688], "cam_t_m2c": [-97.36822509765625, 53.378196716308594, 60.30459213256836], "obj_id": 3}, {"cam_R_m2c": [0.5530164241790771, -0.7647566795349121, 0.33063584566116333, -0.40100061893463135, -0.5921627283096313, -0.6989576816558838, 0.7303227782249451, 0.253949910402298, -0.6341436505317688], "cam_t_m2c": [-97.36822509765625, 53.378196716308594, 60.30459213256836], "obj_id": 2}, {"cam_R_m2c": [0.5530164241790771, -0.7647566795349121, 0.33063584566116333, -0.40100061893463135, -0.5921627283096313, -0.6989576816558838, 0.7303227782249451, 0.253949910402298, -0.6341436505317688], "cam_t_m2c": [-97.36822509765625, 53.378196716308594, 60.30459213256836], "obj_id": 2}, {"cam_R_m2c": [0.5530164241790771, -0.7647566795349121, 0.33063584566116333, -0.40100061893463135, -0.5921627283096313, -0.6989576816558838, 0.7303227782249451, 0.253949910402298, -0.6341436505317688], "cam_t_m2c": [-97.36822509765625, 53.378196716308594, 60.30459213256836], "obj_id": 0}, {"cam_R_m2c": [0.5530164241790771, -0.7647566795349121, 0.33063584566116333, -0.40100061893463135, -0.5921627283096313, -0.6989576816558838, 0.7303227782249451, 0.253949910402298, -0.6341436505317688], "cam_t_m2c": [-97.36822509765625, 53.378196716308594, 60.30459213256836], "obj_id": 0}, {"cam_R_m2c": [0.5530164241790771, -0.7647566795349121, 0.33063584566116333, -0.40100061893463135, -0.5921627283096313, -0.6989576816558838, 0.7303227782249451, 0.253949910402298, -0.6341436505317688], "cam_t_m2c": [-97.36822509765625, 53.378196716308594, 60.30459213256836], "obj_id": 3}, {"cam_R_m2c": [0.5530164241790771, -0.7647566795349121, 0.33063584566116333, -0.40100061893463135, -0.5921627283096313, -0.6989576816558838, 0.7303227782249451, 0.253949910402298, -0.6341436505317688], "cam_t_m2c": [-97.36822509765625, 53.378196716308594, 60.30459213256836], "obj_id": 1}, {"cam_R_m2c": [0.5530164241790771, -0.7647566795349121, 0.33063584566116333, -0.40100061893463135, -0.5921627283096313, -0.6989576816558838, 0.7303227782249451, 0.253949910402298, -0.6341436505317688], "cam_t_m2c": [-97.36822509765625, 53.378196716308594, 60.30459213256836], "obj_id": 1}, {"cam_R_m2c": [0.5530164241790771, -0.7647566795349121, 0.33063584566116333, -0.40100061893463135, -0.5921627283096313, -0.6989576816558838, 0.7303227782249451, 0.253949910402298, -0.6341436505317688], "cam_t_m2c": [-97.36822509765625, 53.378196716308594, 60.30459213256836], "obj_id": 1}, {"cam_R_m2c": [0.5530164241790771, -0.7647566795349121, 0.33063584566116333, -0.40100061893463135, -0.5921627283096313, -0.6989576816558838, 0.7303227782249451, 0.253949910402298, -0.6341436505317688], "cam_t_m2c": [-97.36822509765625, 53.378196716308594, 60.30459213256836], "obj_id": 2}, {"cam_R_m2c": [-0.22932356595993042, -0.3425354063510895, -0.9110872745513916, 0.35513487458229065, 0.8420603275299072, -0.4059723913669586, 0.9062503576278687, -0.416657954454422, -0.07145798206329346], "cam_t_m2c": [15.102481842041016, -12.546382904052734, 145.6907196044922], "obj_id": 3}, {"cam_R_m2c": [0.0167586337774992, -0.5883274674415588, -0.8084490299224854, 0.8196073770523071, -0.45502969622612, 0.3481258153915405, -0.5726803541183472, -0.6684449315071106, 0.47457197308540344], "cam_t_m2c": [-191.9992218017578, -122.5810317993164, 149.2203369140625], "obj_id": 0}, {"cam_R_m2c": [-0.4236143231391907, 0.3996543884277344, 0.8129128217697144, -0.35391247272491455, 0.7530621886253357, -0.5546560287475586, -0.8338446021080017, -0.5226602554321289, -0.17756524682044983], "cam_t_m2c": [-2593.45849609375, 5517.22802734375, 5107.89892578125], "obj_id": 2}, {"cam_R_m2c": [-0.11842095106840134, -0.47168901562690735, 0.8737766742706299, 0.4088341295719147, -0.8250813484191895, -0.3899935781955719, 0.9048927426338196, 0.311046302318573, 0.29054975509643555], "cam_t_m2c": [-244.6683349609375, 7.691694259643555, -2.731442451477051], "obj_id": 3}, {"cam_R_m2c": [-0.3502871096134186, 0.6729711294174194, -0.6514668464660645, 0.5330829620361328, -0.42865437269210815, -0.7294369339942932, -0.770143985748291, -0.6027981042861938, -0.20859752595424652], "cam_t_m2c": [-88.9623031616211, 124.00956726074219, -25.777463912963867], "obj_id": 3}, {"cam_R_m2c": [0.2857995629310608, -0.8777896761894226, -0.38445279002189636, 0.7777773141860962, 0.4468393325805664, -0.4420374035835266, 0.5598044991493225, -0.17268455028533936, 0.8104313611984253], "cam_t_m2c": [-54.32939910888672, -66.49769592285156, 164.2963104248047], "obj_id": 1}, {"cam_R_m2c": [0.390715092420578, -0.0003006187325809151, 0.9205116033554077, 0.8877120018005371, -0.2644413411617279, -0.3768795132637024, 0.243534654378891, 0.9644016623497009, -0.10305435210466385], "cam_t_m2c": [81.35753631591797, 88.58875274658203, 59.0333366394043], "obj_id": 0}, {"cam_R_m2c": [-0.7783522605895996, -0.40167248249053955, -0.48252156376838684, 0.37842118740081787, -0.9134096503257751, 0.1499342918395996, -0.500964343547821, -0.06589469313621521, 0.8629557490348816], "cam_t_m2c": [-130.38951110839844, 184.343994140625, -156.95196533203125], "obj_id": 0}]
}