{
  "0": [{"cam_R_m2c": [-0.6801875233650208, 0.6961836218833923, -0.2295064479112625, -0.08795781433582306, -0.38834014534950256, -0.9173086881637573, -0.7277418971061707, -0.6037551164627075, 0.32537898421287537], "cam_t_m2c": [522.9490356445312, -182.7052459716797, 1334.607421875], "obj_id": 0}, {"cam_R_m2c": [0.22802844643592834, 0.9111412167549133, 0.3432562053203583, 0.8317353129386902, -0.36556458473205566, 0.4178265333175659, 0.5061812400817871, 0.19022196531295776, -0.8411874771118164], "cam_t_m2c": [171.66415405273438, 10.501660346984863, 1366.8931884765625], "obj_id": 3}, {"cam_R_m2c": [0.2938321828842163, -0.0663098692893982, 0.9535541534423828, 0.7653625011444092, -0.5812897682189941, -0.2762646973133087, 0.5726104974746704, 0.8109901547431946, -0.12005049735307693], "cam_t_m2c": [207.08766174316406, -146.05615234375, 1173.2862548828125], "obj_id": 3}, {"cam_R_m2c": [0.41516852378845215, -0.145709827542305, -0.8979998826980591, 0.14725178480148315, 0.9848370552062988, -0.09172176569700241, 0.8977482914924622, -0.09415209293365479, 0.4303293824195862], "cam_t_m2c": [374.02313232421875, -81.55582427978516, 1412.63623046875], "obj_id": 3}],
  "1": [{"cam_R_m2c": [0.34501752257347107, -0.6546813249588013, 0.6725735068321228, -0.9373682141304016, -0.2769812345504761, 0.21123912930488586, 0.04799601063132286, -0.7033302783966064, -0.7092407941818237], "cam_t_m2c": [-274.005126953125, 450.2242431640625, 464.9404602050781], "obj_id": 0}, {"cam_R_m2c": [-0.3358117938041687, -0.5569996237754822, -0.7595931887626648, 0.5519722104072571, 0.5370847582817078, -0.6378609538078308, 0.7632542252540588, -0.6334756016731262, 0.12708894908428192], "cam_t_m2c": [-41.493743896484375, 339.8786926269531, 774.1533813476562], "obj_id": 3}, {"cam_R_m2c": [-0.3411996066570282, 0.5789142847061157, -0.7405680418014526, 0.6392883658409119, 0.7204979062080383, 0.26868775486946106, 0.6891248822212219, -0.3817603886127472, -0.6159268021583557], "cam_t_m2c": [-80.0868148803711, 176.78924560546875, 586.5305786132812], "obj_id": 3}, {"cam_R_m2c": [-0.08271517604589462, -0.29818716645240784, 0.9509168267250061, 0.9882118105888367, -0.14788727462291718, 0.03958490863442421, 0.12882468104362488, 0.9429814219474792, 0.3069044351577759], "cam_t_m2c": [-159.62548828125, 462.5531921386719, 623.8754272460938], "obj_id": 3}]
}