{
  "0": [{"cam_R_m2c": [0.5281888246536255, 0.5638919472694397, 0.6348562240600586, 0.15230946242809296, -0.7984483242034912, 0.5824790596961975, 0.8353552222251892, -0.21096430718898773, -0.5076175332069397], "cam_t_m2c": [21.972293853759766, 274.9268798828125, 954.5489501953125], "obj_id": 2}, {"cam_R_m2c": [0.10596629977226257, -0.11715707182884216, 0.9874439239501953, 0.5439009666442871, 0.8381435871124268, 0.04107499122619629, -0.832431972026825, 0.532719075679779, 0.1525367945432663], "cam_t_m2c": [34.72574234008789, 143.2834930419922, 1016.51416015625], "obj_id": 1}, {"cam_R_m2c": [0.8000961542129517, 0.42391258478164673, 0.4244341254234314, -0.5686757564544678, 0.7612007856369019, 0.311739057302475, -0.19092948734760284, -0.490786612033844, 0.8501026034355164], "cam_t_m2c": [436.59710693359375, 247.25347900390625, 971.56982421875], "obj_id": 3}, {"cam_R_m2c": [-0.6465104222297668, 0.688999593257904, -0.3275724947452545, -0.715419352054596, -0.6966568231582642, -0.05333229899406433, -0.26495158672332764, 0.19987180829048157, 0.9433196187019348], "cam_t_m2c": [202.87289428710938, 236.7458038330078, 960.3331909179688], "obj_id": 0}],
  "1": [{"cam_R_m2c": [-0.522449254989624, -0.5227555632591248, -0.6736271381378174, 0.345094233751297, 0.5927925109863281, -0.7276723384857178, 0.779715895652771, -0.6126366853713989, -0.12930412590503693], "cam_t_m2c": [-36.76112747192383, -225.96435546875, 1072.3759765625], "obj_id": 2}, {"cam_R_m2c": [-0.14861741662025452, 0.07965906709432602, -0.9856811761856079, -0.8969503045082092, -0.43057143688201904, 0.10044167935848236, -0.4164050221443176, 0.8990343809127808, 0.13544055819511414], "cam_t_m2c": [-41.327571868896484, -80.96932983398438, 1054.431884765625], "obj_id": 1}, {"cam_R_m2c": [-0.770797073841095, -0.4725080728530884, -0.4273265302181244, 0.4222870171070099, -0.8811707496643066, 0.21263054013252258, -0.47701728343963623, -0.016559453681111336, 0.8787378668785095], "cam_t_m2c": [-448.93609619140625, -170.93588256835938, 1065.9901123046875], "obj_id": 3}, {"cam_R_m2c": [0.6803106069564819, -0.6467244029045105, 0.34485501050949097, 0.42785006761550903, 0.732457160949707, 0.5295760631561279, -0.5950813293457031, -0.21272997558116913, 0.7749994397163391], "cam_t_m2c": [-215.19154357910156, -180.76077270507812, 1054.545654296875], "obj_id": 0}]
}