{
  "0": [{"cam_R_m2c": [-0.9731107950210571, 0.10545530170202255, 0.2047792226076126, -0.13023419678211212, 0.48139238357543945, -0.8667758703231812, -0.1899852603673935, -0.8701382279396057, -0.45471423864364624], "cam_t_m2c": [134.4571075439453, 14.378911972045898, 942.696044921875], "obj_id": 2}, {"cam_R_m2c": [-0.9731107950210571, 0.10545530170202255, 0.2047792226076126, -0.13023419678211212, 0.48139238357543945, -0.8667758703231812, -0.1899852603673935, -0.8701382279396057, -0.45471423864364624], "cam_t_m2c": [134.4571075439453, 14.378911972045898, 942.696044921875], "obj_id": 0}, {"cam_R_m2c": [-0.9731107950210571, 0.10545530170202255, 0.2047792226076126, -0.13023419678211212, 0.48139238357543945, -0.8667758703231812, -0.1899852603673935, -0.8701382279396057, -0.45471423864364624], "cam_t_m2c": [134.4571075439453, 14.378911972045898, 942.696044921875], "obj_id": 3}, {"cam_R_m2c": [-0.9731107950210571, 0.10545530170202255, 0.2047792226076126, -0.13023419678211212, 0.48139238357543945, -0.8667758703231812, -0.1899852603673935, -0.8701382279396057, -0.45471423864364624], "cam_t_m2c": [134.4571075439453, 14.378911972045898, 942.696044921875], "obj_id": 1}, {"cam_R_m2c": [-0.9731107950210571, 0.10545530170202255, 0.2047792226076126, -0.13023419678211212, 0.48139238357543945, -0.8667758703231812, -0.1899852603673935, -0.8701382279396057, -0.45471423864364624], "cam_t_m2c": [134.4571075439453, 14.378911972045898, 942.696044921875], "obj_id": 2}, {"cam_R_m2c": [-0.9731107950210571, 0.10545530170202255, 0.2047792226076126, -0.13023419678211212, 0.48139238357543945, -0.8667758703231812, -0.1899852603673935, -0.8701382279396057, -0.45471423864364624], "cam_t_m2c": [134.4571075439453, 14.378911972045898, 942.696044921875], "obj_id": 0}, {"cam_R_m2c": [-0.9731107950210571, 0.10545530170202255, 0.2047792226076126, -0.13023419678211212, 0.48139238357543945, -0.8667758703231812, -0.1899852603673935, -0.8701382279396057, -0.45471423864364624], "cam_t_m2c": [134.4571075439453, 14.378911972045898, 942.696044921875], "obj_id": 2}, {"cam_R_m2c": [-0.9731107950210571, 0.10545530170202255, 0.2047792226076126, -0.13023419678211212, 0.48139238357543945, -0.8667758703231812, -0.1899852603673935, -0.8701382279396057, -0.45471423864364624], "cam_t_m2c": [134.4571075439453, 14.378911972045898, 942.696044921875], "obj_id": 1}, {"cam_R_m2c": [-0.9731107950210571, 0.10545530170202255, 0.2047792226076126, -0.13023419678211212, 0.48139238357543945, -0.8667758703231812, -0.1899852603673935, -0.8701382279396057, -0.45471423864364624], "cam_t_m2c": [134.4571075439453, 14.378911972045898, 942.696044921875], "obj_id": 0}, {"cam_R_m2c": [-0.9731107950210571, 0.10545530170202255, 0.2047792226076126, -0.13023419678211212, 0.48139238357543945, -0.8667758703231812, -0.1899852603673935, -0.8701382279396057, -0.45471423864364624], "cam_t_m2c": [134.4571075439453, 14.378911972045898, 942.696044921875], "obj_id": 1}, {"cam_R_m2c": [-0.9731107950210571, 0.10545530170202255, 0.2047792226076126, -0.13023419678211212, 0.48139238357543945, -0.8667758703231812, -0.1899852603673935, -0.8701382279396057, -0.45471423864364624], "cam_t_m2c": [134.4571075439453, 14.378911972045898, 942.696044921875], "obj_id": 3}, {"cam_R_m2c": [-0.9731107950210571, 0.10545530170202255, 0.2047792226076126, -0.13023419678211212, 0.48139238357543945, -0.8667758703231812, -0.1899852603673935, -0.8701382279396057, -0.45471423864364624], "cam_t_m2c": [134.4571075439453, 14.378911972045898, 942.696044921875], "obj_id": 0}, {"cam_R_m2c": [-0.9731107950210571, 0.10545530170202255, 0.2047792226076126, -0.13023419678211212, 0.48139238357543945, -0.8667758703231812, -0.1899852603673935, -0.8701382279396057, -0.45471423864364624], "cam_t_m2c": [134.4571075439453, 14.378911972045898, 942.696044921875], "obj_id": 2}, {"cam_R_m2c": [-0.9731107950210571, 0.10545530170202255, 0.2047792226076126, -0.13023419678211212, 0.48139238357543945, -0.8667758703231812, -0.1899852603673935, -0.8701382279396057, -0.45471423864364624], "cam_t_m2c": [134.4571075439453, 14.378911972045898, 942.696044921875], "obj_id": 1}, {"cam_R_m2c": [-0.9731107950210571, 0.10545530170202255, 0.2047792226076126, -0.13023419678211212, 0.48139238357543945, -0.8667758703231812, -0.1899852603673935, -0.8701382279396057, -0.45471423864364624], "cam_t_m2c": [134.4571075439453, 14.378911972045898, 942.696044921875], "obj_id": 2}, {"cam_R_m2c": [-0.9731107950210571, 0.10545530170202255, 0.2047792226076126, -0.13023419678211212, 0.48139238357543945, -0.8667758703231812, -0.1899852603673935, -0.8701382279396057, -0.45471423864364624], "cam_t_m2c": [134.4571075439453, 14.378911972045898, 942.696044921875], "obj_id": 0}, {"cam_R_m2c": [-0.9731107950210571, 0.10545530170202255, 0.2047792226076126, -0.13023419678211212, 0.48139238357543945, -0.8667758703231812, -0.1899852603673935, -0.8701382279396057, -0.45471423864364624], "cam_t_m2c": [134.4571075439453, 14.378911972045898, 942.696044921875], "obj_id": 2}, {"cam_R_m2c": [-0.9731107950210571, 0.10545530170202255, 0.2047792226076126, -0.13023419678211212, 0.48139238357543945, -0.8667758703231812, -0.1899852603673935, -0.8701382279396057, -0.45471423864364624], "cam_t_m2c": [134.4571075439453, 14.378911972045898, 942.696044921875], "obj_id": 3}, {"cam_R_m2c": [-0.9731107950210571, 0.10545530170202255, 0.2047792226076126, -0.13023419678211212, 0.48139238357543945, -0.8667758703231812, -0.1899852603673935, -0.8701382279396057, -0.45471423864364624], "cam_t_m2c": [134.4571075439453, 14.378911972045898, 942.696044921875], "obj_id": 1}, {"cam_R_m2c": [-0.9731107950210571, 0.10545530170202255, 0.2047792226076126, -0.13023419678211212, 0.48139238357543945, -0.8667758703231812, -0.1899852603673935, -0.8701382279396057, -0.45471423864364624], "cam_t_m2c": [134.4571075439453, 14.378911972045898, 942.696044921875], "obj_id": 2}, {"cam_R_m2c": [-0.9731107950210571, 0.10545530170202255, 0.2047792226076126, -0.13023419678211212, 0.48139238357543945, -0.8667758703231812, -0.1899852603673935, -0.8701382279396057, -0.45471423864364624], "cam_t_m2c": [134.4571075439453, 14.378911972045898, 942.696044921875], "obj_id": 3}, {"cam_R_m2c": [-0.9731107950210571, 0.10545530170202255, 0.2047792226076126, -0.13023419678211212, 0.48139238357543945, -0.8667758703231812, -0.1899852603673935, -0.8701382279396057, -0.45471423864364624], "cam_t_m2c": [134.4571075439453, 14.378911972045898, 942.696044921875], "obj_id": 2}, {"cam_R_m2c": [-0.9731107950210571, 0.10545530170202255, 0.2047792226076126, -0.13023419678211212, 0.48139238357543945, -0.8667758703231812, -0.1899852603673935, -0.8701382279396057, -0.45471423864364624], "cam_t_m2c": [134.4571075439453, 14.378911972045898, 942.696044921875], "obj_id": 3}, {"cam_R_m2c": [-0.9731107950210571, 0.10545530170202255, 0.2047792226076126, -0.13023419678211212, 0.48139238357543945, -0.8667758703231812, -0.1899852603673935, -0.8701382279396057, -0.45471423864364624], "cam_t_m2c": [134.4571075439453, 14.378911972045898, 942.696044921875], "obj_id": 2}, {"cam_R_m2c": [-0.9731107950210571, 0.10545530170202255, 0.2047792226076126, -0.13023419678211212, 0.48139238357543945, -0.8667758703231812, -0.1899852603673935, -0.8701382279396057, -0.45471423864364624], "cam_t_m2c": [134.4571075439453, 14.378911972045898, 942.696044921875], "obj_id": 0}, {"cam_R_m2c": [-0.9731107950210571, 0.10545530170202255, 0.2047792226076126, -0.13023419678211212, 0.48139238357543945, -0.8667758703231812, -0.1899852603673935, -0.8701382279396057, -0.45471423864364624], "cam_t_m2c": [134.4571075439453, 14.378911972045898, 942.696044921875], "obj_id": 0}, {"cam_R_m2c": [-0.9731107950210571, 0.10545530170202255, 0.2047792226076126, -0.13023419678211212, 0.48139238357543945, -0.8667758703231812, -0.1899852603673935, -0.8701382279396057, -0.45471423864364624], "cam_t_m2c": [134.4571075439453, 14.378911972045898, 942.696044921875], "obj_id": 1}, {"cam_R_m2c": [-0.9731107950210571, 0.10545530170202255, 0.2047792226076126, -0.13023419678211212, 0.48139238357543945, -0.8667758703231812, -0.1899852603673935, -0.8701382279396057, -0.45471423864364624], "cam_t_m2c": [134.4571075439453, 14.378911972045898, 942.696044921875], "obj_id": 3}, {"cam_R_m2c": [-0.9731107950210571, 0.10545530170202255, 0.2047792226076126, -0.13023419678211212, 0.48139238357543945, -0.8667758703231812, -0.1899852603673935, -0.8701382279396057, -0.45471423864364624], "cam_t_m2c": [134.4571075439453, 14.378911972045898, 942.696044921875], "obj_id": 0}, {"cam_R_m2c": [-0.9731107950210571, 0.10545530170202255, 0.2047792226076126, -0.13023419678211212, 0.48139238357543945, -0.8667758703231812, -0.1899852603673935, -0.8701382279396057, -0.45471423864364624], "cam_t_m2c": [134.4571075439453, 14.378911972045898, 942.696044921875], "obj_id": 0}, {"cam_R_m2c": [-0.9731107950210571, 0.10545530170202255, 0.2047792226076126, -0.13023419678211212, 0.48139238357543945, -0.8667758703231812, -0.1899852603673935, -0.8701382279396057, -0.45471423864364624], "cam_t_m2c": [134.4571075439453, 14.378911972045898, 942.696044921875], "obj_id": 2}, {"cam_R_m2c": [-0.9731107950210571, 0.10545530170202255, 0.2047792226076126, -0.13023419678211212, 0.48139238357543945, -0.8667758703231812, -0.1899852603673935, -0.8701382279396057, -0.45471423864364624], "cam_t_m2c": [134.4571075439453, 14.378911972045898, 942.696044921875], "obj_id": 1}, {"cam_R_m2c": [-0.9731107950210571, 0.10545530170202255, 0.2047792226076126, -0.13023419678211212, 0.48139238357543945, -0.8667758703231812, -0.1899852603673935, -0.8701382279396057, -0.45471423864364624], "cam_t_m2c": [134.4571075439453, 14.378911972045898, 942.696044921875], "obj_id": 0}, {"cam_R_m2c": [-0.9731107950210571, 0.10545530170202255, 0.2047792226076126, -0.13023419678211212, 0.48139238357543945, -0.8667758703231812, -0.1899852603673935, -0.8701382279396057, -0.45471423864364624], "cam_t_m2c": [134.4571075439453, 14.378911972045898, 942.696044921875], "obj_id": 1}, {"cam_R_m2c": [-0.9731107950210571, 0.10545530170202255, 0.2047792226076126, -0.13023419678211212, 0.48139238357543945, -0.8667758703231812, -0.1899852603673935, -0.8701382279396057, -0.45471423864364624], "cam_t_m2c": [134.4571075439453, 14.378911972045898, 942.696044921875], "obj_id": 1}, {"cam_R_m2c": [-0.9731107950210571, 0.10545530170202255, 0.2047792226076126, -0.13023419678211212, 0.48139238357543945, -0.8667758703231812, -0.1899852603673935, -0.8701382279396057, -0.45471423864364624], "cam_t_m2c": [134.4571075439453, 14.378911972045898, 942.696044921875], "obj_id": 2}, {"cam_R_m2c": [-0.3511594831943512, -0.8263982534408569, -0.44017383456230164, 0.8671323657035828, -0.10968446731567383, -0.48585057258605957, 0.35322582721710205, -0.5523000359535217, 0.7551133632659912], "cam_t_m2c": [66.95796966552734, -67.56090545654297, 990.8289184570312], "obj_id": 0}, {"cam_R_m2c": [0.21611981093883514, 0.09335538744926453, 0.9718934893608093, -0.7363609075546265, 0.6692384481430054, 0.09946063905954361, -0.6411433219909668, -0.7371598482131958, 0.21337896585464478], "cam_t_m2c": [-77.5904541015625, -97.35912322998047, 989.5885620117188], "obj_id": 2}, {"cam_R_m2c": [-0.2989935576915741, -0.9316938519477844, 0.20627517998218536, 0.9541409015655518, -0.2952347993850708, 0.049514103680849075, 0.014767620712518692, 0.21161997318267822, 0.9772404432296753], "cam_t_m2c": [-82.1720199584961, -112.47987365722656, 1157.109619140625], "obj_id": 1}, {"cam_R_m2c": [0.25435855984687805, -0.4956742525100708, 0.8304268717765808, -0.8396444320678711, 0.3129000663757324, 0.4439491033554077, -0.479894757270813, -0.8101855516433716, -0.3366013169288635], "cam_t_m2c": [-70.05905151367188, 40.77185821533203, 749.58837890625], "obj_id": 1}],
  "1": [{"cam_R_m2c": [0.9219304323196411, -0.3682533800601959, 0.12014035880565643, -0.06235180422663689, -0.44719356298446655, -0.8922610878944397, 0.38230419158935547, 0.8151116967201233, -0.435242623090744], "cam_t_m2c": [-134.885498046875, 25.380619049072266, 834.4641723632812], "obj_id": 2}, {"cam_R_m2c": [0.9219304323196411, -0.3682533800601959, 0.12014035880565643, -0.06235180422663689, -0.44719356298446655, -0.8922610878944397, 0.38230419158935547, 0.8151116967201233, -0.435242623090744], "cam_t_m2c": [-134.885498046875, 25.380619049072266, 834.4641723632812], "obj_id": 0}, {"cam_R_m2c": [0.9219304323196411, -0.3682533800601959, 0.12014035880565643, -0.06235180422663689, -0.44719356298446655, -0.8922610878944397, 0.38230419158935547, 0.8151116967201233, -0.435242623090744], "cam_t_m2c": [-134.885498046875, 25.380619049072266, 834.4641723632812], "obj_id": 3}, {"cam_R_m2c": [0.9219304323196411, -0.3682533800601959, 0.12014035880565643, -0.06235180422663689, -0.44719356298446655, -0.8922610878944397, 0.38230419158935547, 0.8151116967201233, -0.435242623090744], "cam_t_m2c": [-134.885498046875, 25.380619049072266, 834.4641723632812], "obj_id": 1}, {"cam_R_m2c": [0.9219304323196411, -0.3682533800601959, 0.12014035880565643, -0.06235180422663689, -0.44719356298446655, -0.8922610878944397, 0.38230419158935547, 0.8151116967201233, -0.435242623090744], "cam_t_m2c": [-134.885498046875, 25.380619049072266, 834.4641723632812], "obj_id": 2}, {"cam_R_m2c": [0.9219304323196411, -0.3682533800601959, 0.12014035880565643, -0.06235180422663689, -0.44719356298446655, -0.8922610878944397, 0.38230419158935547, 0.8151116967201233, -0.435242623090744], "cam_t_m2c": [-134.885498046875, 25.380619049072266, 834.4641723632812], "obj_id": 0}, {"cam_R_m2c": [0.9219304323196411, -0.3682533800601959, 0.12014035880565643, -0.06235180422663689, -0.44719356298446655, -0.8922610878944397, 0.38230419158935547, 0.8151116967201233, -0.435242623090744], "cam_t_m2c": [-134.885498046875, 25.380619049072266, 834.4641723632812], "obj_id": 2}, {"cam_R_m2c": [0.9219304323196411, -0.3682533800601959, 0.12014035880565643, -0.06235180422663689, -0.44719356298446655, -0.8922610878944397, 0.38230419158935547, 0.8151116967201233, -0.435242623090744], "cam_t_m2c": [-134.885498046875, 25.380619049072266, 834.4641723632812], "obj_id": 1}, {"cam_R_m2c": [0.9219304323196411, -0.3682533800601959, 0.12014035880565643, -0.06235180422663689, -0.44719356298446655, -0.8922610878944397, 0.38230419158935547, 0.8151116967201233, -0.435242623090744], "cam_t_m2c": [-134.885498046875, 25.380619049072266, 834.4641723632812], "obj_id": 0}, {"cam_R_m2c": [0.9219304323196411, -0.3682533800601959, 0.12014035880565643, -0.06235180422663689, -0.44719356298446655, -0.8922610878944397, 0.38230419158935547, 0.8151116967201233, -0.435242623090744], "cam_t_m2c": [-134.885498046875, 25.380619049072266, 834.4641723632812], "obj_id": 1}, {"cam_R_m2c": [0.9219304323196411, -0.3682533800601959, 0.12014035880565643, -0.06235180422663689, -0.44719356298446655, -0.8922610878944397, 0.38230419158935547, 0.8151116967201233, -0.435242623090744], "cam_t_m2c": [-134.885498046875, 25.380619049072266, 834.4641723632812], "obj_id": 3}, {"cam_R_m2c": [0.9219304323196411, -0.3682533800601959, 0.12014035880565643, -0.06235180422663689, -0.44719356298446655, -0.8922610878944397, 0.38230419158935547, 0.8151116967201233, -0.435242623090744], "cam_t_m2c": [-134.885498046875, 25.380619049072266, 834.4641723632812], "obj_id": 0}, {"cam_R_m2c": [0.9219304323196411, -0.3682533800601959, 0.12014035880565643, -0.06235180422663689, -0.44719356298446655, -0.8922610878944397, 0.38230419158935547, 0.8151116967201233, -0.435242623090744], "cam_t_m2c": [-134.885498046875, 25.380619049072266, 834.4641723632812], "obj_id": 2}, {"cam_R_m2c": [0.9219304323196411, -0.3682533800601959, 0.12014035880565643, -0.06235180422663689, -0.44719356298446655, -0.8922610878944397, 0.38230419158935547, 0.8151116967201233, -0.435242623090744], "cam_t_m2c": [-134.885498046875, 25.380619049072266, 834.4641723632812], "obj_id": 1}, {"cam_R_m2c": [0.9219304323196411, -0.3682533800601959, 0.12014035880565643, -0.06235180422663689, -0.44719356298446655, -0.8922610878944397, 0.38230419158935547, 0.8151116967201233, -0.435242623090744], "cam_t_m2c": [-134.885498046875, 25.380619049072266, 834.4641723632812], "obj_id": 2}, {"cam_R_m2c": [0.9219304323196411, -0.3682533800601959, 0.12014035880565643, -0.06235180422663689, -0.44719356298446655, -0.8922610878944397, 0.38230419158935547, 0.8151116967201233, -0.435242623090744], "cam_t_m2c": [-134.885498046875, 25.380619049072266, 834.4641723632812], "obj_id": 0}, {"cam_R_m2c": [0.9219304323196411, -0.3682533800601959, 0.12014035880565643, -0.06235180422663689, -0.44719356298446655, -0.8922610878944397, 0.38230419158935547, 0.8151116967201233, -0.435242623090744], "cam_t_m2c": [-134.885498046875, 25.380619049072266, 834.4641723632812], "obj_id": 2}, {"cam_R_m2c": [0.9219304323196411, -0.3682533800601959, 0.12014035880565643, -0.06235180422663689, -0.44719356298446655, -0.8922610878944397, 0.38230419158935547, 0.8151116967201233, -0.435242623090744], "cam_t_m2c": [-134.885498046875, 25.380619049072266, 834.4641723632812], "obj_id": 3}, {"cam_R_m2c": [0.9219304323196411, -0.3682533800601959, 0.12014035880565643, -0.06235180422663689, -0.44719356298446655, -0.8922610878944397, 0.38230419158935547, 0.8151116967201233, -0.435242623090744], "cam_t_m2c": [-134.885498046875, 25.380619049072266, 834.4641723632812], "obj_id": 1}, {"cam_R_m2c": [0.9219304323196411, -0.3682533800601959, 0.12014035880565643, -0.06235180422663689, -0.44719356298446655, -0.8922610878944397, 0.38230419158935547, 0.8151116967201233, -0.435242623090744], "cam_t_m2c": [-134.885498046875, 25.380619049072266, 834.4641723632812], "obj_id": 2}, {"cam_R_m2c": [0.9219304323196411, -0.3682533800601959, 0.12014035880565643, -0.06235180422663689, -0.44719356298446655, -0.8922610878944397, 0.38230419158935547, 0.8151116967201233, -0.435242623090744], "cam_t_m2c": [-134.885498046875, 25.380619049072266, 834.4641723632812], "obj_id": 3}, {"cam_R_m2c": [0.9219304323196411, -0.3682533800601959, 0.12014035880565643, -0.06235180422663689, -0.44719356298446655, -0.8922610878944397, 0.38230419158935547, 0.8151116967201233, -0.435242623090744], "cam_t_m2c": [-134.885498046875, 25.380619049072266, 834.4641723632812], "obj_id": 2}, {"cam_R_m2c": [0.9219304323196411, -0.3682533800601959, 0.12014035880565643, -0.06235180422663689, -0.44719356298446655, -0.8922610878944397, 0.38230419158935547, 0.8151116967201233, -0.435242623090744], "cam_t_m2c": [-134.885498046875, 25.380619049072266, 834.4641723632812], "obj_id": 3}, {"cam_R_m2c": [0.9219304323196411, -0.3682533800601959, 0.12014035880565643, -0.06235180422663689, -0.44719356298446655, -0.8922610878944397, 0.38230419158935547, 0.8151116967201233, -0.435242623090744], "cam_t_m2c": [-134.885498046875, 25.380619049072266, 834.4641723632812], "obj_id": 2}, {"cam_R_m2c": [0.9219304323196411, -0.3682533800601959, 0.12014035880565643, -0.06235180422663689, -0.44719356298446655, -0.8922610878944397, 0.38230419158935547, 0.8151116967201233, -0.435242623090744], "cam_t_m2c": [-134.885498046875, 25.380619049072266, 834.4641723632812], "obj_id": 0}, {"cam_R_m2c": [0.9219304323196411, -0.3682533800601959, 0.12014035880565643, -0.06235180422663689, -0.44719356298446655, -0.8922610878944397, 0.38230419158935547, 0.8151116967201233, -0.435242623090744], "cam_t_m2c": [-134.885498046875, 25.380619049072266, 834.4641723632812], "obj_id": 0}, {"cam_R_m2c": [0.9219304323196411, -0.3682533800601959, 0.12014035880565643, -0.06235180422663689, -0.44719356298446655, -0.8922610878944397, 0.38230419158935547, 0.8151116967201233, -0.435242623090744], "cam_t_m2c": [-134.885498046875, 25.380619049072266, 834.4641723632812], "obj_id": 1}, {"cam_R_m2c": [0.9219304323196411, -0.3682533800601959, 0.12014035880565643, -0.06235180422663689, -0.44719356298446655, -0.8922610878944397, 0.38230419158935547, 0.8151116967201233, -0.435242623090744], "cam_t_m2c": [-134.885498046875, 25.380619049072266, 834.4641723632812], "obj_id": 3}, {"cam_R_m2c": [0.9219304323196411, -0.3682533800601959, 0.12014035880565643, -0.06235180422663689, -0.44719356298446655, -0.8922610878944397, 0.38230419158935547, 0.8151116967201233, -0.435242623090744], "cam_t_m2c": [-134.885498046875, 25.380619049072266, 834.4641723632812], "obj_id": 0}, {"cam_R_m2c": [0.9219304323196411, -0.3682533800601959, 0.12014035880565643, -0.06235180422663689, -0.44719356298446655, -0.8922610878944397, 0.38230419158935547, 0.8151116967201233, -0.435242623090744], "cam_t_m2c": [-134.885498046875, 25.380619049072266, 834.4641723632812], "obj_id": 0}, {"cam_R_m2c": [0.9219304323196411, -0.3682533800601959, 0.12014035880565643, -0.06235180422663689, -0.44719356298446655, -0.8922610878944397, 0.38230419158935547, 0.8151116967201233, -0.435242623090744], "cam_t_m2c": [-134.885498046875, 25.380619049072266, 834.4641723632812], "obj_id": 2}, {"cam_R_m2c": [0.9219304323196411, -0.3682533800601959, 0.12014035880565643, -0.06235180422663689, -0.44719356298446655, -0.8922610878944397, 0.38230419158935547, 0.8151116967201233, -0.435242623090744], "cam_t_m2c": [-134.885498046875, 25.380619049072266, 834.4641723632812], "obj_id": 1}, {"cam_R_m2c": [0.9219304323196411, -0.3682533800601959, 0.12014035880565643, -0.06235180422663689, -0.44719356298446655, -0.8922610878944397, 0.38230419158935547, 0.8151116967201233, -0.435242623090744], "cam_t_m2c": [-134.885498046875, 25.380619049072266, 834.4641723632812], "obj_id": 0}, {"cam_R_m2c": [0.9219304323196411, -0.3682533800601959, 0.12014035880565643, -0.06235180422663689, -0.44719356298446655, -0.8922610878944397, 0.38230419158935547, 0.8151116967201233, -0.435242623090744], "cam_t_m2c": [-134.885498046875, 25.380619049072266, 834.4641723632812], "obj_id": 1}, {"cam_R_m2c": [0.9219304323196411, -0.3682533800601959, 0.12014035880565643, -0.06235180422663689, -0.44719356298446655, -0.8922610878944397, 0.38230419158935547, 0.8151116967201233, -0.435242623090744], "cam_t_m2c": [-134.885498046875, 25.380619049072266, 834.4641723632812], "obj_id": 1}, {"cam_R_m2c": [0.9219304323196411, -0.3682533800601959, 0.12014035880565643, -0.06235180422663689, -0.44719356298446655, -0.8922610878944397, 0.38230419158935547, 0.8151116967201233, -0.435242623090744], "cam_t_m2c": [-134.885498046875, 25.380619049072266, 834.4641723632812], "obj_id": 2}, {"cam_R_m2c": [0.00392376072704792, 0.7471270561218262, 0.6646696925163269, 0.8353610038757324, -0.3678153455257416, 0.40851426124572754, 0.5496877431869507, 0.5536361932754517, -0.6255639791488647], "cam_t_m2c": [-36.10859298706055, 29.232606887817383, 772.6958618164062], "obj_id": 0}, {"cam_R_m2c": [0.04054689779877663, -0.4205872714519501, -0.906345546245575, -0.9707250595092773, -0.2315087914466858, 0.0640040710568428, -0.23674629628658295, 0.877217173576355, -0.41766154766082764], "cam_t_m2c": [107.47969818115234, 35.816864013671875, 806.20361328125], "obj_id": 2}, {"cam_R_m2c": [-0.10923150926828384, 0.9868327975273132, -0.11928664892911911, 0.6027708053588867, 0.16118235886096954, 0.7814649343490601, 0.7904022336006165, 0.013458150438964367, -0.6124401688575745], "cam_t_m2c": [132.911376953125, 163.16775512695312, 699.2086791992188], "obj_id": 1}, {"cam_R_m2c": [0.061779946088790894, 0.25267982482910156, -0.9655753970146179, -0.9056000113487244, -0.3925251066684723, -0.1606617271900177, -0.4196087718009949, 0.8843508958816528, 0.20457690954208374], "cam_t_m2c": [23.4038028717041, -80.84862518310547, 1042.968017578125], "obj_id": 1}],
  "2": [{"cam_R_m2c": [0.9219304323196411, -0.3682533800601959, 0.12014035880565643, -0.06235180422663689, -0.44719356298446655, -0.8922610878944397, 0.38230419158935547, 0.8151116967201233, -0.435242623090744], "cam_t_m2c": [-134.885498046875, 25.380619049072266, 834.4641723632812], "obj_id": 2}, {"cam_R_m2c": [0.9219304323196411, -0.3682533800601959, 0.12014035880565643, -0.06235180422663689, -0.44719356298446655, -0.8922610878944397, 0.38230419158935547, 0.8151116967201233, -0.435242623090744], "cam_t_m2c": [-134.885498046875, 25.380619049072266, 834.4641723632812], "obj_id": 0}, {"cam_R_m2c": [0.9219304323196411, -0.3682533800601959, 0.12014035880565643, -0.06235180422663689, -0.44719356298446655, -0.8922610878944397, 0.38230419158935547, 0.8151116967201233, -0.435242623090744], "cam_t_m2c": [-134.885498046875, 25.380619049072266, 834.4641723632812], "obj_id": 3}, {"cam_R_m2c": [0.9219304323196411, -0.3682533800601959, 0.12014035880565643, -0.06235180422663689, -0.44719356298446655, -0.8922610878944397, 0.38230419158935547, 0.8151116967201233, -0.435242623090744], "cam_t_m2c": [-134.885498046875, 25.380619049072266, 834.4641723632812], "obj_id": 1}, {"cam_R_m2c": [0.9219304323196411, -0.3682533800601959, 0.12014035880565643, -0.06235180422663689, -0.44719356298446655, -0.8922610878944397, 0.38230419158935547, 0.8151116967201233, -0.435242623090744], "cam_t_m2c": [-134.885498046875, 25.380619049072266, 834.4641723632812], "obj_id": 2}, {"cam_R_m2c": [0.9219304323196411, -0.3682533800601959, 0.12014035880565643, -0.06235180422663689, -0.44719356298446655, -0.8922610878944397, 0.38230419158935547, 0.8151116967201233, -0.435242623090744], "cam_t_m2c": [-134.885498046875, 25.380619049072266, 834.4641723632812], "obj_id": 0}, {"cam_R_m2c": [0.9219304323196411, -0.3682533800601959, 0.12014035880565643, -0.06235180422663689, -0.44719356298446655, -0.8922610878944397, 0.38230419158935547, 0.8151116967201233, -0.435242623090744], "cam_t_m2c": [-134.885498046875, 25.380619049072266, 834.4641723632812], "obj_id": 2}, {"cam_R_m2c": [0.9219304323196411, -0.3682533800601959, 0.12014035880565643, -0.06235180422663689, -0.44719356298446655, -0.8922610878944397, 0.38230419158935547, 0.8151116967201233, -0.435242623090744], "cam_t_m2c": [-134.885498046875, 25.380619049072266, 834.4641723632812], "obj_id": 1}, {"cam_R_m2c": [0.9219304323196411, -0.3682533800601959, 0.12014035880565643, -0.06235180422663689, -0.44719356298446655, -0.8922610878944397, 0.38230419158935547, 0.8151116967201233, -0.435242623090744], "cam_t_m2c": [-134.885498046875, 25.380619049072266, 834.4641723632812], "obj_id": 0}, {"cam_R_m2c": [0.9219304323196411, -0.3682533800601959, 0.12014035880565643, -0.06235180422663689, -0.44719356298446655, -0.8922610878944397, 0.38230419158935547, 0.8151116967201233, -0.435242623090744], "cam_t_m2c": [-134.885498046875, 25.380619049072266, 834.4641723632812], "obj_id": 1}, {"cam_R_m2c": [0.9219304323196411, -0.3682533800601959, 0.12014035880565643, -0.06235180422663689, -0.44719356298446655, -0.8922610878944397, 0.38230419158935547, 0.8151116967201233, -0.435242623090744], "cam_t_m2c": [-134.885498046875, 25.380619049072266, 834.4641723632812], "obj_id": 3}, {"cam_R_m2c": [0.9219304323196411, -0.3682533800601959, 0.12014035880565643, -0.06235180422663689, -0.44719356298446655, -0.8922610878944397, 0.38230419158935547, 0.8151116967201233, -0.435242623090744], "cam_t_m2c": [-134.885498046875, 25.380619049072266, 834.4641723632812], "obj_id": 0}, {"cam_R_m2c": [0.9219304323196411, -0.3682533800601959, 0.12014035880565643, -0.06235180422663689, -0.44719356298446655, -0.8922610878944397, 0.38230419158935547, 0.8151116967201233, -0.435242623090744], "cam_t_m2c": [-134.885498046875, 25.380619049072266, 834.4641723632812], "obj_id": 2}, {"cam_R_m2c": [0.9219304323196411, -0.3682533800601959, 0.12014035880565643, -0.06235180422663689, -0.44719356298446655, -0.8922610878944397, 0.38230419158935547, 0.8151116967201233, -0.435242623090744], "cam_t_m2c": [-134.885498046875, 25.380619049072266, 834.4641723632812], "obj_id": 1}, {"cam_R_m2c": [0.9219304323196411, -0.3682533800601959, 0.12014035880565643, -0.06235180422663689, -0.44719356298446655, -0.8922610878944397, 0.38230419158935547, 0.8151116967201233, -0.435242623090744], "cam_t_m2c": [-134.885498046875, 25.380619049072266, 834.4641723632812], "obj_id": 2}, {"cam_R_m2c": [0.9219304323196411, -0.3682533800601959, 0.12014035880565643, -0.06235180422663689, -0.44719356298446655, -0.8922610878944397, 0.38230419158935547, 0.8151116967201233, -0.435242623090744], "cam_t_m2c": [-134.885498046875, 25.380619049072266, 834.4641723632812], "obj_id": 0}, {"cam_R_m2c": [0.9219304323196411, -0.3682533800601959, 0.12014035880565643, -0.06235180422663689, -0.44719356298446655, -0.8922610878944397, 0.38230419158935547, 0.8151116967201233, -0.435242623090744], "cam_t_m2c": [-134.885498046875, 25.380619049072266, 834.4641723632812], "obj_id": 2}, {"cam_R_m2c": [0.9219304323196411, -0.3682533800601959, 0.12014035880565643, -0.06235180422663689, -0.44719356298446655, -0.8922610878944397, 0.38230419158935547, 0.8151116967201233, -0.435242623090744], "cam_t_m2c": [-134.885498046875, 25.380619049072266, 834.4641723632812], "obj_id": 3}, {"cam_R_m2c": [0.9219304323196411, -0.3682533800601959, 0.12014035880565643, -0.06235180422663689, -0.44719356298446655, -0.8922610878944397, 0.38230419158935547, 0.8151116967201233, -0.435242623090744], "cam_t_m2c": [-134.885498046875, 25.380619049072266, 834.4641723632812], "obj_id": 1}, {"cam_R_m2c": [0.9219304323196411, -0.3682533800601959, 0.12014035880565643, -0.06235180422663689, -0.44719356298446655, -0.8922610878944397, 0.38230419158935547, 0.8151116967201233, -0.435242623090744], "cam_t_m2c": [-134.885498046875, 25.380619049072266, 834.4641723632812], "obj_id": 2}, {"cam_R_m2c": [0.9219304323196411, -0.3682533800601959, 0.12014035880565643, -0.06235180422663689, -0.44719356298446655, -0.8922610878944397, 0.38230419158935547, 0.8151116967201233, -0.435242623090744], "cam_t_m2c": [-134.885498046875, 25.380619049072266, 834.4641723632812], "obj_id": 3}, {"cam_R_m2c": [0.9219304323196411, -0.3682533800601959, 0.12014035880565643, -0.06235180422663689, -0.44719356298446655, -0.8922610878944397, 0.38230419158935547, 0.8151116967201233, -0.435242623090744], "cam_t_m2c": [-134.885498046875, 25.380619049072266, 834.4641723632812], "obj_id": 2}, {"cam_R_m2c": [0.9219304323196411, -0.3682533800601959, 0.12014035880565643, -0.06235180422663689, -0.44719356298446655, -0.8922610878944397, 0.38230419158935547, 0.8151116967201233, -0.435242623090744], "cam_t_m2c": [-134.885498046875, 25.380619049072266, 834.4641723632812], "obj_id": 3}, {"cam_R_m2c": [0.9219304323196411, -0.3682533800601959, 0.12014035880565643, -0.06235180422663689, -0.44719356298446655, -0.8922610878944397, 0.38230419158935547, 0.8151116967201233, -0.435242623090744], "cam_t_m2c": [-134.885498046875, 25.380619049072266, 834.4641723632812], "obj_id": 2}, {"cam_R_m2c": [0.9219304323196411, -0.3682533800601959, 0.12014035880565643, -0.06235180422663689, -0.44719356298446655, -0.8922610878944397, 0.38230419158935547, 0.8151116967201233, -0.435242623090744], "cam_t_m2c": [-134.885498046875, 25.380619049072266, 834.4641723632812], "obj_id": 0}, {"cam_R_m2c": [0.9219304323196411, -0.3682533800601959, 0.12014035880565643, -0.06235180422663689, -0.44719356298446655, -0.8922610878944397, 0.38230419158935547, 0.8151116967201233, -0.435242623090744], "cam_t_m2c": [-134.885498046875, 25.380619049072266, 834.4641723632812], "obj_id": 0}, {"cam_R_m2c": [0.9219304323196411, -0.3682533800601959, 0.12014035880565643, -0.06235180422663689, -0.44719356298446655, -0.8922610878944397, 0.38230419158935547, 0.8151116967201233, -0.435242623090744], "cam_t_m2c": [-134.885498046875, 25.380619049072266, 834.4641723632812], "obj_id": 1}, {"cam_R_m2c": [0.9219304323196411, -0.3682533800601959, 0.12014035880565643, -0.06235180422663689, -0.44719356298446655, -0.8922610878944397, 0.38230419158935547, 0.8151116967201233, -0.435242623090744], "cam_t_m2c": [-134.885498046875, 25.380619049072266, 834.4641723632812], "obj_id": 3}, {"cam_R_m2c": [0.9219304323196411, -0.3682533800601959, 0.12014035880565643, -0.06235180422663689, -0.44719356298446655, -0.8922610878944397, 0.38230419158935547, 0.8151116967201233, -0.435242623090744], "cam_t_m2c": [-134.885498046875, 25.380619049072266, 834.4641723632812], "obj_id": 0}, {"cam_R_m2c": [0.9219304323196411, -0.3682533800601959, 0.12014035880565643, -0.06235180422663689, -0.44719356298446655, -0.8922610878944397, 0.38230419158935547, 0.8151116967201233, -0.435242623090744], "cam_t_m2c": [-134.885498046875, 25.380619049072266, 834.4641723632812], "obj_id": 0}, {"cam_R_m2c": [0.9219304323196411, -0.3682533800601959, 0.12014035880565643, -0.06235180422663689, -0.44719356298446655, -0.8922610878944397, 0.38230419158935547, 0.8151116967201233, -0.435242623090744], "cam_t_m2c": [-134.885498046875, 25.380619049072266, 834.4641723632812], "obj_id": 2}, {"cam_R_m2c": [0.9219304323196411, -0.3682533800601959, 0.12014035880565643, -0.06235180422663689, -0.44719356298446655, -0.8922610878944397, 0.38230419158935547, 0.8151116967201233, -0.435242623090744], "cam_t_m2c": [-134.885498046875, 25.380619049072266, 834.4641723632812], "obj_id": 1}, {"cam_R_m2c": [0.9219304323196411, -0.3682533800601959, 0.12014035880565643, -0.06235180422663689, -0.44719356298446655, -0.8922610878944397, 0.38230419158935547, 0.8151116967201233, -0.435242623090744], "cam_t_m2c": [-134.885498046875, 25.380619049072266, 834.4641723632812], "obj_id": 0}, {"cam_R_m2c": [0.9219304323196411, -0.3682533800601959, 0.12014035880565643, -0.06235180422663689, -0.44719356298446655, -0.8922610878944397, 0.38230419158935547, 0.8151116967201233, -0.435242623090744], "cam_t_m2c": [-134.885498046875, 25.380619049072266, 834.4641723632812], "obj_id": 1}, {"cam_R_m2c": [0.9219304323196411, -0.3682533800601959, 0.12014035880565643, -0.06235180422663689, -0.44719356298446655, -0.8922610878944397, 0.38230419158935547, 0.8151116967201233, -0.435242623090744], "cam_t_m2c": [-134.885498046875, 25.380619049072266, 834.4641723632812], "obj_id": 1}, {"cam_R_m2c": [0.9219304323196411, -0.3682533800601959, 0.12014035880565643, -0.06235180422663689, -0.44719356298446655, -0.8922610878944397, 0.38230419158935547, 0.8151116967201233, -0.435242623090744], "cam_t_m2c": [-134.885498046875, 25.380619049072266, 834.4641723632812], "obj_id": 2}, {"cam_R_m2c": [0.00392376072704792, 0.7471270561218262, 0.6646696925163269, 0.8353610038757324, -0.3678153455257416, 0.40851426124572754, 0.5496877431869507, 0.5536361932754517, -0.6255639791488647], "cam_t_m2c": [-36.10859298706055, 29.232606887817383, 772.6958618164062], "obj_id": 0}, {"cam_R_m2c": [0.04054689779877663, -0.4205872714519501, -0.906345546245575, -0.9707250595092773, -0.2315087914466858, 0.0640040710568428, -0.23674629628658295, 0.877217173576355, -0.41766154766082764], "cam_t_m2c": [107.47969818115234, 35.816864013671875, 806.20361328125], "obj_id": 2}, {"cam_R_m2c": [-0.10923150926828384, 0.9868327975273132, -0.11928664892911911, 0.6027708053588867, 0.16118235886096954, 0.7814649343490601, 0.7904022336006165, 0.013458150438964367, -0.6124401688575745], "cam_t_m2c": [132.911376953125, 163.16775512695312, 699.2086791992188], "obj_id": 1}, {"cam_R_m2c": [0.061779946088790894, 0.25267982482910156, -0.9655753970146179, -0.9056000113487244, -0.3925251066684723, -0.1606617271900177, -0.4196087718009949, 0.8843508958816528, 0.20457690954208374], "cam_t_m2c": [23.4038028717041, -80.84862518310547, 1042.968017578125], "obj_id": 1}],
