{
  "0": [{"cam_R_m2c": [-0.13696204125881195, 0.9228417277336121, 0.360006183385849, 0.019097724929451942, -0.36090347170829773, 0.932407557964325, 0.9903921484947205, 0.13457977771759033, 0.031805962324142456], "cam_t_m2c": [63.40257263183594, 4125.6650390625, 3052.820068359375], "obj_id": 2}, {"cam_R_m2c": [-0.01484561525285244, 0.9879360795021057, 0.15414847433567047, 0.8852471709251404, -0.05869046971201897, 0.4614030718803406, 0.46488383412361145, 0.1433093398809433, -0.8736963272094727], "cam_t_m2c": [96.93778991699219, 4163.98388671875, 3072.921142578125], "obj_id": 2}, {"cam_R_m2c": [0.6917374134063721, -0.5438817143440247, -0.4750705063343048, 0.15092961490154266, 0.7522127628326416, -0.6414017677307129, 0.7062007784843445, 0.37197935581207275, 0.6024215817451477], "cam_t_m2c": [-543.9216918945312, 3823.59326171875, 3150.412841796875], "obj_id": 0}, {"cam_R_m2c": [0.9265019297599792, -0.010754718445241451, -0.37613624334335327, 0.3700840473175049, 0.20683643221855164, 0.9056800603866577, 0.0680583268404007, -0.9783163666725159, 0.1956145018339157], "cam_t_m2c": [108.28870391845703, 4134.04248046875, 3130.349609375], "obj_id": 0}, {"cam_R_m2c": [-0.07582825422286987, -0.38381338119506836, -0.9202920794487, 0.9855397343635559, 0.11141009628772736, -0.1276686191558838, 0.15153080224990845, -0.916665256023407, 0.36981523036956787], "cam_t_m2c": [142.4109344482422, 4144.51416015625, 3110.253662109375], "obj_id": 3}, {"cam_R_m2c": [-0.8412850499153137, 0.29605844616889954, -0.45231494307518005, 0.3382589817047119, -0.36437758803367615, -0.8676461577415466, -0.42168739438056946, -0.8829373717308044, 0.2064010053873062], "cam_t_m2c": [334.0050354003906, 4090.71533203125, 3218.24951171875], "obj_id": 1}, {"cam_R_m2c": [0.9150609970092773, -0.4033144414424896, 0.0009058399591594934, -0.18545857071876526, -0.4227703809738159, -0.8870570063591003, 0.35814589262008667, 0.8115432858467102, -0.4616588056087494], "cam_t_m2c": [33.888832092285156, 5603.7607421875, 3889.62548828125], "obj_id": 2}, {"cam_R_m2c": [0.759931206703186, -0.6500011086463928, 0.0017793753650039434, -0.30095165967941284, -0.35427325963974, -0.8853917717933655, 0.5761359930038452, 0.6723012924194336, -0.4648422300815582], "cam_t_m2c": [90.42437744140625, 5583.53173828125, 3927.84375], "obj_id": 2}, {"cam_R_m2c": [0.5258508324623108, -0.8505723476409912, -0.0027399754617363214, -0.3932507038116455, -0.24026110768318176, -0.8874842524528503, 0.7542113065719604, 0.4677618145942688, -0.4608296751976013], "cam_t_m2c": [141.89971923828125, 5562.87646484375, 3968.072998046875], "obj_id": 2}, {"cam_R_m2c": [0.754423975944519, -0.656387448310852, -5.125464497268695e-09, -0.30345314741134644, -0.3487761616706848, -0.8867194056510925, 0.5820314884185791, 0.6689623594284058, -0.4623079001903534], "cam_t_m2c": [88.81965637207031, 5582.74462890625, 3929.73046875], "obj_id": 0}, {"cam_R_m2c": [0.2465822547674179, -0.9338954091072083, -0.2589140236377716, 0.720723569393158, 0.35532066226005554, -0.5952349901199341, 0.6478847861289978, -0.03983107954263687, 0.7606962323188782], "cam_t_m2c": [46.51491165161133, 2735.1884765625, 2343.511474609375], "obj_id": 1}, {"cam_R_m2c": [-0.2742713987827301, 0.9571587443351746, -0.09285623580217361, 0.9374388456344604, 0.24458470940589905, -0.24776329100131989, -0.2144375890493393, -0.1550014466047287, -0.9643603563308716], "cam_t_m2c": [124.22643280029297, 2728.518310546875, 2356.30517578125], "obj_id": 1}, {"cam_R_m2c": [-0.32819604873657227, 0.08648073673248291, -0.9406423568725586, 0.9302053451538086, 0.20282645523548126, -0.3059071898460388, 0.16433197259902954, -0.9753882884979248, -0.14701154828071594], "cam_t_m2c": [90.23237609863281, 2694.17578125, 2422.17578125], "obj_id": 0}, {"cam_R_m2c": [0.6656997799873352, -0.7434707880020142, 0.0639922097325325, -0.3852287232875824, -0.4158395230770111, -0.823818027973175, 0.63909512758255, 0.5237637758255005, -0.5632305145263672], "cam_t_m2c": [77.73030090332031, 2751.2822265625, 2312.643798828125], "obj_id": 3}, {"cam_R_m2c": [-0.07940944284200668, -0.5027907490730286, 0.8607529401779175, 0.36384984850883484, 0.7892858982086182, 0.4946120083332062, -0.9280664920806885, 0.35246169567108154, 0.12026357650756836], "cam_t_m2c": [-63.88387680053711, 4274.7998046875, 3135.126708984375], "obj_id": 0}, {"cam_R_m2c": [-0.43496155738830566, -0.854578971862793, -0.2837308347225189, 0.8560307025909424, -0.2946966290473938, -0.42469438910484314, 0.2793203592300415, -0.42760804295539856, 0.8597275614738464], "cam_t_m2c": [34.44105911254883, 2717.93701171875, 2376.6005859375], "obj_id": 3}, {"cam_R_m2c": [0.37488651275634766, 0.8544283509254456, 0.3597392737865448, -0.1746790111064911, -0.31598687171936035, 0.9325446486473083, 0.9104654788970947, -0.4124373197555542, 0.030791474506258965], "cam_t_m2c": [89.30009460449219, 4110.814453125, 3181.548828125], "obj_id": 2}, {"cam_R_m2c": [-0.41401728987693787, 0.5854775309562683, -0.6969977021217346, 0.002191926119849086, -0.7650617361068726, -0.643953263759613, -0.9102663993835449, -0.26813554763793945, 0.31546542048454285], "cam_t_m2c": [40.28777313232422, 4188.05419921875, 3012.83642578125], "obj_id": 3}, {"cam_R_m2c": [0.3612765371799469, 0.5058239102363586, -0.7833399176597595, -0.06224489584565163, 0.8512884974479675, 0.5209928154945374, 0.9303788542747498, -0.13946357369422913, 0.3390355110168457], "cam_t_m2c": [207.4694061279297, 4127.1630859375, 3187.2119140625], "obj_id": 3}, {"cam_R_m2c": [-0.8673146963119507, -0.1526658833026886, 0.4737701117992401, -0.1425659954547882, 0.9881185293197632, 0.05741684511303902, -0.4769066274166107, -0.017745032906532288, -0.8787747025489807], "cam_t_m2c": [-207.1771697998047, 4085.18603515625, 2800.362548828125], "obj_id": 0}, {"cam_R_m2c": [-0.013522854074835777, -0.8951149582862854, 0.44563016295433044, -0.3237665891647339, -0.4177413880825043, -0.8489211797714233, 0.9460402727127075, -0.1557600498199463, -0.28415918350219727], "cam_t_m2c": [26.66225814819336, 1304.052734375, 1618.5916748046875], "obj_id": 2}, {"cam_R_m2c": [-0.790176272392273, -0.031490352004766464, -0.6120702624320984, -0.09179174154996872, -0.9813341498374939, 0.16899073123931885, -0.6059669256210327, 0.1897154450416565, 0.7725361585617065], "cam_t_m2c": [76.95426940917969, 1277.94189453125, 1668.6728515625], "obj_id": 1}, {"cam_R_m2c": [-0.08565480262041092, -0.24990491569042206, -0.9644742608070374, -0.8945452570915222, -0.4069458246231079, 0.18488824367523193, -0.4386933743953705, 0.8786025047302246, -0.1886942982673645], "cam_t_m2c": [80.75138092041016, 1276.9061279296875, 1670.6591796875], "obj_id": 2}, {"cam_R_m2c": [0.8452669382095337, 0.3082679510116577, -0.4364568591117859, -0.2830035090446472, -0.4345727264881134, -0.8550177216529846, -0.4532468914985657, 0.846237063407898, -0.28008905053138733], "cam_t_m2c": [141.11891174316406, 1303.7449951171875, 1619.1817626953125], "obj_id": 0}, {"cam_R_m2c": [-0.46702635288238525, -0.6160118579864502, -0.6343624591827393, 0.43603846430778503, -0.7845558524131775, 0.44084298610687256, -0.7692573070526123, -0.07072114199399948, 0.6350131630897522], "cam_t_m2c": [109.34843444824219, 1302.387939453125, 1588.6300048828125], "obj_id": 3}, {"cam_R_m2c": [-0.8652753233909607, -0.5012831091880798, 0.003667154349386692, 0.008922374807298183, -0.022714346647262573, -0.9997020959854126, 0.5012171268463135, -0.8649849891662598, 0.024127008393406868], "cam_t_m2c": [74.1346435546875, 1332.290771484375, 1564.43017578125], "obj_id": 0}, {"cam_R_m2c": [0.7798790335655212, -0.35863202810287476, 0.5130026936531067, 0.5178583860397339, 0.8300474286079407, -0.20698785781860352, -0.3515840768814087, 0.4270882308483124, 0.833057165145874], "cam_t_m2c": [-218.0316162109375, 3985.159912109375, 3311.291259765625], "obj_id": 0}, {"cam_R_m2c": [-0.10063467919826508, 0.16741611063480377, 0.9807366132736206, 0.4734441936016083, 0.8750380277633667, -0.10079209506511688, -0.8750560283660889, 0.45418089628219604, -0.1673213541507721], "cam_t_m2c": [-89.40402221679688, 4008.2412109375, 2928.833251953125], "obj_id": 0}, {"cam_R_m2c": [-0.8413630127906799, 0.29611244797706604, -0.45213398337364197, 0.33804967999458313, -0.36439764499664307, -0.8677190542221069, -0.4216991066932678, -0.8829107284545898, 0.20649033784866333], "cam_t_m2c": [118.0326156616211, 4170.42529296875, 3112.913818359375], "obj_id": 1}, {"cam_R_m2c": [-0.8414118885993958, 0.296150267124176, -0.4520185589790344, 0.3379265069961548, -0.36438730359077454, -0.8677715063095093, -0.421700656414032, -0.8829024434089661, 0.20652294158935547], "cam_t_m2c": [-37.555931091308594, 4127.47705078125, 3078.453125], "obj_id": 1}, {"cam_R_m2c": [-0.3061845898628235, -0.9488433599472046, -0.07711711525917053, 0.23576237261295319, -0.15406359732151031, 0.9595208764076233, -0.9223160147666931, 0.2756093144416809, 0.27087363600730896], "cam_t_m2c": [70.27774810791016, -92.71654510498047, 827.7554321289062], "obj_id": 2}, {"cam_R_m2c": [0.7554389238357544, 0.6396753787994385, 0.14187106490135193, 0.02571224980056286, 0.18741607666015625, -0.9819439649581909, -0.6547143459320068, 0.745446503162384, 0.1251339167356491], "cam_t_m2c": [80.52450561523438, -141.71751403808594, 921.74072265625], "obj_id": 0}, {"cam_R_m2c": [-0.2575521469116211, 0.17916643619537354, 0.9495083689689636, 0.2717122733592987, 0.9564371705055237, -0.10677244514226913, -0.9272751212120056, 0.23049360513687134, -0.2950141727924347], "cam_t_m2c": [18.91818618774414, -118.33558654785156, 876.8934936523438], "obj_id": 0}, {"cam_R_m2c": [-0.9126991033554077, -0.23622871935367584, 0.33343133330345154, 0.10506559163331985, -0.9241976737976074, -0.3671783208847046, 0.394894540309906, -0.3000911474227905, 0.8683338165283203], "cam_t_m2c": [145.4969482421875, -116.6049575805664, 873.5741577148438], "obj_id": 2}, {"cam_R_m2c": [-0.19934143126010895, 0.6632803082466125, -0.7213335633277893, 0.9766034483909607, 0.19507160782814026, -0.09051351994276047, 0.08067583292722702, -0.7224999666213989, -0.6866477131843567], "cam_t_m2c": [61.2387809753418, 4151.6083984375, 3037.3759765625], "obj_id": 3}, {"cam_R_m2c": [-0.13285699486732483, 0.873429000377655, -0.46847712993621826, 0.40274354815483093, 0.4794597625732422, 0.7796896696090698, 0.9056195020675659, -0.08508891612291336, -0.4154674708843231], "cam_t_m2c": [55.84075164794922, -117.1056900024414, 874.5345458984375], "obj_id": 3}, {"cam_R_m2c": [-0.8413600921630859, 0.29607459902763367, -0.4521646797657013, 0.33808448910713196, -0.36441031098365784, -0.8677003383636475, -0.4216775596141815, -0.8829183578491211, 0.20650213956832886], "cam_t_m2c": [269.2918395996094, 4222.17138671875, 3142.29345703125], "obj_id": 1}, {"cam_R_m2c": [-0.14565959572792053, -0.2700766921043396, -0.9517573118209839, 0.9852900505065918, 0.04730112850666046, -0.16421395540237427, 0.08936960250139236, -0.961676299571991, 0.25921395421028137], "cam_t_m2c": [140.22555541992188, 4164.40478515625, 3117.45947265625], "obj_id": 3}, {"cam_R_m2c": [0.014603867195546627, 0.8916337490081787, -0.4525218605995178, 0.9300875663757324, -0.17824606597423553, -0.3211939334869385, -0.36704757809638977, -0.41619426012039185, -0.8319005370140076], "cam_t_m2c": [179.51739501953125, 4144.93310546875, 3216.556884765625], "obj_id": 3}, {"cam_R_m2c": [0.1415998935699463, 0.9221619367599487, 0.35995373129844666, -0.08761460334062576, -0.35051587224006653, 0.9324495196342468, 0.9860390424728394, -0.16357189416885376, 0.031161945313215256], "cam_t_m2c": [68.38006591796875, 4121.1005859375, 3123.466552734375], "obj_id": 2}],
  "1": [{"cam_R_m2c": [-0.6098397970199585, -0.7857546210289001, 0.10336757451295853, 0.7848920226097107, -0.58074951171875, 0.2160423994064331, -0.10972564667463303, 0.21288366615772247, 0.9708968997001648], "cam_t_m2c": [-27.92094612121582, 3244.45361328125, 4063.690673828125], "obj_id": 2}, {"cam_R_m2c": [0.006610644981265068, -0.719954252243042, 0.6939899921417236, 0.7137723565101624, -0.48265746235847473, -0.5075141787528992, 0.7003464698791504, 0.4987058639526367, 0.510692834854126], "cam_t_m2c": [-48.27621841430664, 3256.00146484375, 4113.1806640625], "obj_id": 2}, {"cam_R_m2c": [-0.8613772988319397, 0.342987060546875, -0.3746851682662964, 0.17163267731666565, 0.8907565474510193, 0.4208265542984009, 0.4780913293361664, 0.29818224906921387, -0.8261452913284302], "cam_t_m2c": [158.93801879882812, 3528.212646484375, 3468.56103515625], "obj_id": 0}, {"cam_R_m2c": [-0.4717392325401306, 0.773802638053894, 0.4227190911769867, -0.3183703124523163, -0.5965543389320374, 0.7367245554924011, 0.8222543597221375, 0.21296072006225586, 0.5277740359306335], "cam_t_m2c": [-106.7342300415039, 3277.373046875, 4091.98486328125], "obj_id": 0}, {"cam_R_m2c": [0.30177199840545654, 0.9205755591392517, 0.2479400336742401, 0.569747269153595, -0.3826524317264557, 0.7272998690605164, 0.7644093632698059, -0.07821555435657501, -0.6399691700935364], "cam_t_m2c": [-109.30381774902344, 3248.34375, 4120.7685546875], "obj_id": 3}, {"cam_R_m2c": [0.9309465885162354, 0.3106013834476471, -0.19200316071510315, 0.3222521245479584, -0.9461144804954529, 0.03195282071828842, -0.17173238098621368, -0.09161979705095291, -0.9808740615844727], "cam_t_m2c": [-321.208740234375, 3193.29833984375, 4178.49267578125], "obj_id": 1}, {"cam_R_m2c": [-0.8743688464164734, -0.48526039719581604, -0.0011303935898467898, -0.3437522351741791, 0.6210325956344604, -0.7043811678886414, 0.34251031279563904, -0.6155004501342773, -0.7098208665847778], "cam_t_m2c": [-56.83026123046875, 4481.69189453125, 5227.42822265625], "obj_id": 2}, {"cam_R_m2c": [-0.9771448969841003, -0.212570920586586, 0.001203805091790855, -0.15128853917121887, 0.6914418339729309, -0.7064134478569031, 0.14933060109615326, -0.6904504299163818, -0.707798421382904], "cam_t_m2c": [-125.44910430908203, 4468.07861328125, 5240.55224609375], "obj_id": 2}, {"cam_R_m2c": [-0.9954636693000793, 0.09513933211565018, 0.00032997442758642137, 0.06753340363502502, 0.7090514302253723, -0.7019153833389282, -0.06701374053955078, -0.6987091302871704, -0.7122600078582764], "cam_t_m2c": [-192.58731079101562, 4458.5654296875, 5250.384765625], "obj_id": 2}, {"cam_R_m2c": [-0.9789025187492371, -0.20432767271995544, -5.5168506207792234e-08, -0.14507634937763214, 0.6950387954711914, -0.7041831612586975, 0.14388415217399597, -0.6893267035484314, -0.7100183367729187], "cam_t_m2c": [-126.10195922851562, 4469.98291015625, 5238.908203125], "obj_id": 0}, {"cam_R_m2c": [-0.34126946330070496, 0.723444938659668, -0.6001355051994324, 0.625011682510376, 0.6515226364135742, 0.4299752116203308, 0.7020652294158936, -0.2283542901277542, -0.6745063066482544], "cam_t_m2c": [-28.764999389648438, 2160.812255859375, 2940.058349609375], "obj_id": 1}, {"cam_R_m2c": [0.6625275015830994, -0.378913015127182, 0.6461285948753357, 0.4031098186969757, -0.5466721653938293, -0.7339290380477905, 0.6313158869743347, 0.7467089295387268, -0.20944175124168396], "cam_t_m2c": [-87.22754669189453, 2123.044921875, 2977.514892578125], "obj_id": 1}, {"cam_R_m2c": [0.4248768985271454, 0.711489200592041, 0.559698760509491, 0.6979675889015198, -0.6511980295181274, 0.2979639172554016, 0.576472818851471, 0.264053612947464, -0.7732753753662109], "cam_t_m2c": [-125.864501953125, 2174.15234375, 2926.827880859375], "obj_id": 0}, {"cam_R_m2c": [-0.9957099556922913, -0.07382190972566605, 0.0557871013879776, -0.08943596482276917, 0.6132084727287292, -0.784841775894165, 0.023729391396045685, -0.7864640355110168, -0.6171801686286926], "cam_t_m2c": [-19.897367477416992, 2128.216552734375, 2972.386474609375], "obj_id": 3}, {"cam_R_m2c": [0.8376289010047913, 0.34559476375579834, -0.42301544547080994, -0.4553476572036743, 0.8695260882377625, -0.19126644730567932, 0.30172228813171387, 0.3528293967247009, 0.8857059478759766], "cam_t_m2c": [45.79359817504883, 3438.103759765625, 4111.47265625], "obj_id": 0}, {"cam_R_m2c": [0.38085269927978516, 0.7100363373756409, -0.5922833681106567, 0.807949960231781, 0.05593745410442352, 0.5865899920463562, 0.449631005525589, -0.7019397020339966, -0.5523698925971985], "cam_t_m2c": [-51.19706344604492, 2183.6552734375, 2917.40283203125], "obj_id": 3}, {"cam_R_m2c": [-0.9341031908988953, -0.3414282500743866, 0.10429604351520538, 0.35637086629867554, -0.9091445803642273, 0.21553552150726318, 0.02123027853667736, 0.23850053548812866, 0.9709102511405945], "cam_t_m2c": [-139.98204040527344, 3314.36865234375, 4059.621337890625], "obj_id": 2}, {"cam_R_m2c": [0.8940833210945129, -0.44621893763542175, -0.03877739980816841, -0.4075789451599121, -0.8464391231536865, 0.34266605973243713, -0.1857268065214157, -0.29056715965270996, -0.9386565089225769], "cam_t_m2c": [37.274200439453125, 3255.877197265625, 4104.2421875], "obj_id": 3}, {"cam_R_m2c": [-0.8985339999198914, 0.10635089129209518, 0.4258239269256592, 0.4260292053222656, -0.021927369758486748, 0.904443621635437, 0.10552560538053513, 0.9940868020057678, -0.025606028735637665], "cam_t_m2c": [-209.38185119628906, 3258.48828125, 4139.1474609375], "obj_id": 3}, {"cam_R_m2c": [0.8085923790931702, 0.4687449634075165, 0.355607271194458, 0.09314482659101486, 0.49479061365127563, -0.8640059232711792, -0.580949604511261, 0.731751561164856, 0.3564227521419525], "cam_t_m2c": [299.0511474609375, 3202.014404296875, 3890.846923828125], "obj_id": 0}, {"cam_R_m2c": [-0.7793955206871033, 0.49717220664024353, -0.38126376271247864, 0.5376831889152527, 0.2183896005153656, -0.8143725395202637, -0.3216194212436676, -0.8397175669670105, -0.4375329315662384], "cam_t_m2c": [-31.76372528076172, 1050.503173828125, 1781.931396484375], "obj_id": 2}, {"cam_R_m2c": [0.8718448281288147, -0.4764307737350464, -0.11357958614826202, -0.01998349092900753, -0.2663072347640991, 0.9636809229850769, -0.4893743693828583, -0.837910532951355, -0.24169932305812836], "cam_t_m2c": [-107.15592956542969, 1046.29150390625, 1786.1083984375], "obj_id": 1}, {"cam_R_m2c": [0.03220425918698311, -0.6195244789123535, 0.7843164205551147, -0.6423919200897217, 0.5883442163467407, 0.4911046028137207, -0.7656993865966797, -0.5196541547775269, -0.3790303170681], "cam_t_m2c": [-111.23564910888672, 1045.10498046875, 1787.2850341796875], "obj_id": 2}, {"cam_R_m2c": [-0.2949132025241852, -0.9441894292831421, 0.14673960208892822, -0.9187251329421997, 0.23798398673534393, -0.315131276845932, 0.2626219391822815, -0.2277497500181198, -0.9376351833343506], "cam_t_m2c": [-101.47023010253906, 986.044677734375, 1845.860107421875], "obj_id": 0}, {"cam_R_m2c": [0.9862995147705078, 0.13330699503421783, 0.0971728265285492, -0.09320308268070221, -0.035717617720365524, 0.9950061440467834, 0.13611207902431488, -0.9904308915138245, -0.022803643718361855], "cam_t_m2c": [-61.18533706665039, 981.8663940429688, 1828.416259765625], "obj_id": 3}, {"cam_R_m2c": [0.17216992378234863, 0.9056639075279236, -0.3874664306640625, 0.8471481204032898, -0.33685484528541565, -0.41093626618385315, -0.5026901960372925, -0.2574906647205353, -0.8252277374267578], "cam_t_m2c": [-11.793238639831543, 997.4382934570312, 1834.56005859375], "obj_id": 0}, {"cam_R_m2c": [-0.03224222734570503, 0.2207607477903366, -0.9747949242591858, -0.4687705934047699, 0.8580373525619507, 0.20982380211353302, 0.8827313184738159, 0.4637203812599182, 0.07582111656665802], "cam_t_m2c": [-92.16986083984375, 3526.2900390625, 3776.993896484375], "obj_id": 0}, {"cam_R_m2c": [0.8533738851547241, -0.0997457206249237, -0.5116676688194275, -0.3592226803302765, 0.5987672805786133, -0.715846836566925, 0.3777725100517273, 0.7946876287460327, 0.4751414358615875], "cam_t_m2c": [108.77364349365234, 3193.32275390625, 3887.0234375], "obj_id": 0}, {"cam_R_m2c": [0.9309250712394714, 0.3105427026748657, -0.1922023892402649, 0.3221990168094635, -0.9461349248886108, 0.03188224509358406, -0.1719485968351364, -0.09160739928483963, -0.9808372259140015], "cam_t_m2c": [-86.90547180175781, 3275.05078125, 4128.37353515625], "obj_id": 1}, {"cam_R_m2c": [0.9309102296829224, 0.31051772832870483, -0.19231455028057098, 0.32217296957969666, -0.9461458325386047, 0.03181779384613037, -0.17207764089107513, -0.09157805889844894, -0.9808172583580017], "cam_t_m2c": [15.656400680541992, 3320.432861328125, 4007.288818359375], "obj_id": 1}, {"cam_R_m2c": [0.9234504103660583, 0.3220255374908447, 0.20865964889526367, -0.37757742404937744, 0.6656897664070129, 0.64365553855896, 0.06837093085050583, -0.6731691360473633, 0.7363210320472717], "cam_t_m2c": [-13.898262977600098, -127.60767364501953, 691.0489501953125], "obj_id": 2}, {"cam_R_m2c": [0.015407262369990349, -0.8441979289054871, -0.5358102321624756, -0.8786414861679077, 0.24433621764183044, -0.41023045778274536, 0.47723355889320374, 0.47710561752319336, -0.7379827499389648], "cam_t_m2c": [-104.53401184082031, -87.91976928710938, 651.687255859375], "obj_id": 0}, {"cam_R_m2c": [0.9108018279075623, 0.0811547189950943, -0.4047887921333313, -0.39327266812324524, 0.4688607454299927, -0.7908894419670105, 0.12560515105724335, 0.8795359134674072, 0.45895516872406006], "cam_t_m2c": [-27.006044387817383, -74.77507781982422, 638.6505737304688], "obj_id": 0}, {"cam_R_m2c": [0.31135377287864685, 0.014374036341905594, -0.9501852989196777, 0.8398625254631042, -0.4719879925251007, 0.26806339621543884, -0.44462302327156067, -0.8814876079559326, -0.1590273678302765], "cam_t_m2c": [-100.52654266357422, -147.9825439453125, 711.2564086914062], "obj_id": 2}, {"cam_R_m2c": [0.42318567633628845, 0.1813710480928421, 0.8877040147781372, 0.585779070854187, -0.8022206425666809, -0.11534666270017624, 0.6912139654159546, 0.5688114762306213, -0.44573161005973816], "cam_t_m2c": [-6.147668838500977, 3245.82568359375, 4084.67333984375], "obj_id": 3}, {"cam_R_m2c": [-0.41113153100013733, -0.29118838906288147, 0.8638172149658203, 0.8861571550369263, -0.3498842120170593, 0.3038199543952942, 0.2137671560049057, 0.890387773513794, 0.40188708901405334], "cam_t_m2c": [-47.202186584472656, -96.80247497558594, 660.4969482421875], "obj_id": 3}, {"cam_R_m2c": [0.9309207201004028, 0.3105661869049072, -0.1921854317188263, 0.32222723960876465, -0.946124255657196, 0.03191620111465454, -0.17191919684410095, -0.09163883328437805, -0.9808395504951477], "cam_t_m2c": [-180.02108764648438, 3232.277587890625, 4254.5478515625], "obj_id": 1}, {"cam_R_m2c": [0.3877987265586853, 0.8600194454193115, 0.33163031935691833, 0.5652522444725037, -0.5060821771621704, 0.6514374613761902, 0.7280811071395874, -0.06517183035612106, -0.6823859810829163], "cam_t_m2c": [-105.74762725830078, 3263.1416015625, 4135.62548828125], "obj_id": 3}, {"cam_R_m2c": [0.593036413192749, -0.3105284571647644, 0.7428861260414124, 0.1288190335035324, -0.8741622567176819, -0.46823686361312866, 0.7948039770126343, 0.3733793795108795, -0.4784080386161804], "cam_t_m2c": [-206.6730194091797, 3302.589599609375, 4136.70849609375], "obj_id": 3}, {"cam_R_m2c": [-0.8144283890724182, -0.5708917379379272, 0.10386967658996582, 0.5787840485572815, -0.7864542603492737, 0.2156352400779724, -0.04141562432050705, 0.23573759198188782, 0.9709338545799255], "cam_t_m2c": [-82.51813507080078, 3289.574462890625, 4059.239013671875], "obj_id": 2}],
  "2": [{"cam_R_m2c": [0.5043303966522217, 0.8632771372795105, -0.020084520801901817, -0.0976807177066803, 0.08014453202486038, 0.9919854998588562, 0.8579681515693665, -0.49832653999328613, 0.12474487721920013], "cam_t_m2c": [23.927932739257812, 3569.2958984375, 3879.612060546875], "obj_id": 2}, {"cam_R_m2c": [-0.008637823164463043, 0.8186315894126892, -0.5742538571357727, 0.7596487402915955, 0.3788236379623413, 0.5286079049110413, 0.6502761244773865, -0.43166518211364746, -0.6251446604728699], "cam_t_m2c": [48.16118621826172, 3617.36962890625, 3889.54345703125], "obj_id": 2}, {"cam_R_m2c": [0.8842377066612244, -0.4042166769504547, 0.23394981026649475, 0.40398144721984863, 0.41061586141586304, -0.8174310922622681, 0.23435577750205994, 0.8173148036003113, 0.5263780355453491], "cam_t_m2c": [-256.6833801269531, 3023.958740234375, 4185.35595703125], "obj_id": 0}, {"cam_R_m2c": [0.590606689453125, -0.6757599711418152, -0.441057950258255, 0.7389991283416748, 0.2333875149488449, 0.6319892406463623, -0.3241356909275055, -0.6991985440254211, 0.6372263431549072], "cam_t_m2c": [101.25881958007812, 3592.518310546875, 3919.316162109375], "obj_id": 0}, {"cam_R_m2c": [-0.2774468660354614, -0.8759819865226746, -0.3945615291595459, 0.8392687439918518, -0.021101348102092743, -0.5433071255683899, 0.467601478099823, -0.4818820357322693, 0.7410388588905334], "cam_t_m2c": [110.12186431884766, 3618.140869140625, 3888.612060546875], "obj_id": 3}, {"cam_R_m2c": [-0.9738441705703735, -0.21291972696781158, 0.07932580262422562, -0.0485229566693306, -0.14618363976478577, -0.9880666732788086, 0.22197502851486206, -0.9660722017288208, 0.13202865421772003], "cam_t_m2c": [331.81036376953125, 3649.3173828125, 3854.730712890625], "obj_id": 1}, {"cam_R_m2c": [0.938913881778717, 0.34415024518966675, 0.001159996958449483, 0.22139616310596466, -0.6014273762702942, -0.7676382064819336, -0.26348525285720825, 0.7210029363632202, -0.6408820748329163], "cam_t_m2c": [43.36539077758789, 4832.28271484375, 5015.55419921875], "obj_id": 2}, {"cam_R_m2c": [0.998266875743866, 0.05884482339024544, -0.000702555407769978, 0.03731977939605713, -0.6422479152679443, -0.7655878663063049, -0.04550209641456604, 0.7642347812652588, -0.6433309316635132], "cam_t_m2c": [114.08312225341797, 4837.24462890625, 5009.19189453125], "obj_id": 2}, {"cam_R_m2c": [0.9687609672546387, -0.24799491465091705, -0.0008194117108359933, -0.15893656015396118, -0.6183226704597473, -0.7696859240531921, 0.1903715282678604, 0.7457719445228577, -0.6384223103523254], "cam_t_m2c": [182.52920532226562, 4839.4658203125, 5006.97216796875], "obj_id": 2}, {"cam_R_m2c": [0.9987276792526245, 0.05042809620499611, -1.8864305673105264e-09, 0.032314568758010864, -0.63998943567276, -0.7677037715911865, -0.03871384263038635, 0.7667270302772522, -0.6408047676086426], "cam_t_m2c": [114.33988189697266, 4835.7236328125, 5011.28466796875], "obj_id": 0}, {"cam_R_m2c": [0.3449908494949341, -0.8111768960952759, 0.47220054268836975, 0.7187789678573608, -0.09520400315523148, -0.6886892914772034, 0.603604257106781, 0.576999306678772, 0.5502123832702637], "cam_t_m2c": [21.38337516784668, 2357.09228515625, 2896.054443359375], "obj_id": 1}, {"cam_R_m2c": [-0.6300543546676636, 0.5157451629638672, -0.580549955368042, 0.7279700636863708, 0.6525459885597229, -0.21034076809883118, 0.2703532874584198, -0.5551491379737854, -0.7865865230560303], "cam_t_m2c": [87.37105560302734, 2384.971923828125, 2862.654052734375], "obj_id": 1}, {"cam_R_m2c": [-0.43362724781036377, -0.6026285290718079, -0.6699299216270447, 0.6769279837608337, 0.2728597819805145, -0.6836050748825073, 0.5947568416595459, -0.7499242424964905, 0.28961676359176636], "cam_t_m2c": [114.40727996826172, 2335.57177734375, 2921.8369140625], "obj_id": 0}, {"cam_R_m2c": [0.9961313605308533, -0.0801001787185669, -0.03614204376935959, -0.08334364742040634, -0.7307595014572144, -0.6775280237197876, 0.027858978137373924, 0.6779191493988037, -0.7346082925796509], "cam_t_m2c": [19.72472381591797, 2387.035888671875, 2860.181640625], "obj_id": 3}, {"cam_R_m2c": [-0.7446585893630981, -0.39850765466690063, 0.5354203581809998, 0.3405318558216095, 0.46309003233909607, 0.8182820677757263, -0.5740395188331604, 0.7916685938835144, -0.20913930237293243], "cam_t_m2c": [-64.96472930908203, 3641.592041015625, 4058.744873046875], "obj_id": 0}, {"cam_R_m2c": [-0.41603195667266846, -0.7841014862060547, 0.46054551005363464, 0.5568959712982178, -0.6200636029243469, -0.5526191592216492, 0.7188770174980164, 0.026568703353405, 0.6946293115615845], "cam_t_m2c": [38.56815719604492, 2334.500244140625, 2923.12060546875], "obj_id": 3}, {"cam_R_m2c": [0.8860259056091309, 0.46316245198249817, -0.020944617688655853, -0.039100486785173416, 0.11966009438037872, 0.9920446276664734, 0.4619840681552887, -0.8781582713127136, 0.12413182854652405], "cam_t_m2c": [126.51705932617188, 3560.523681640625, 3962.442138671875], "obj_id": 2}, {"cam_R_m2c": [-0.858782947063446, 0.5021674633026123, -0.10158554464578629, -0.1325308382511139, -0.4092666208744049, -0.9027382731437683, -0.4949013888835907, -0.7617930173873901, 0.41802388429641724], "cam_t_m2c": [-37.31938552856445, 3616.98193359375, 3879.96728515625], "obj_id": 3}, {"cam_R_m2c": [0.852416455745697, 0.005633539520204067, -0.5228331089019775, 0.05429941415786743, 0.9935814142227173, 0.09923451393842697, 0.5200362801551819, -0.11297865957021713, 0.8466392755508423], "cam_t_m2c": [209.8829345703125, 3627.35498046875, 3909.084228515625], "obj_id": 3}, {"cam_R_m2c": [-0.872377336025238, -0.43773385882377625, -0.21759313344955444, -0.48701515793800354, 0.8166328072547913, 0.3097209632396698, 0.042118340730667114, 0.3761647045612335, -0.9255949854850769], "cam_t_m2c": [-313.2756042480469, 3426.57421875, 3812.447509765625], "obj_id": 0}, {"cam_R_m2c": [0.675915002822876, -0.6066538095474243, 0.41846156120300293, -0.3469744026660919, -0.7628900408744812, -0.5455339550971985, 0.6501904726028442, 0.2235390990972519, -0.726142168045044], "cam_t_m2c": [20.138919830322266, 1108.0653076171875, 1889.08740234375], "obj_id": 2}, {"cam_R_m2c": [-0.9124656915664673, 0.40866512060165405, -0.01997135393321514, -0.4003089964389801, -0.9017724394798279, -0.16296865046024323, -0.08460923284292221, -0.14070862531661987, 0.9864290952682495], "cam_t_m2c": [95.54113006591797, 1104.3466796875, 1893.54248046875], "obj_id": 1}, {"cam_R_m2c": [-0.044669680297374725, 0.4908299744129181, -0.8701093792915344, -0.8140560984611511, -0.5227419137954712, -0.25308743119239807, -0.5790656805038452, 0.6970126032829285, 0.422914057970047], "cam_t_m2c": [99.83026123046875, 1105.0, 1892.7593994140625], "obj_id": 2}, {"cam_R_m2c": [0.4208877980709076, 0.8818703889846802, -0.21250388026237488, 0.14730030298233032, -0.29759812355041504, -0.943259060382843, -0.8950731158256531, 0.3657042980194092, -0.25515511631965637], "cam_t_m2c": [103.05085754394531, 1158.6295166015625, 1828.5098876953125], "obj_id": 0}, {"cam_R_m2c": [-0.9493597149848938, -0.23567603528499603, -0.20778095722198486, 0.22415880858898163, -0.9714517593383789, 0.07768060266971588, -0.22015663981437683, 0.027170902118086815, 0.9750860333442688], "cam_t_m2c": [61.80958938598633, 1144.95751953125, 1820.969970703125], "obj_id": 3}, {"cam_R_m2c": [-0.3179125189781189, -0.8858106732368469, 0.33803990483283997, -0.4038715064525604, -0.19605043530464172, -0.8935614228248596, 0.8577991724014282, -0.4205990731716156, -0.29542678594589233], "cam_t_m2c": [11.970961570739746, 1157.3604736328125, 1830.0302734375], "obj_id": 0}, {"cam_R_m2c": [0.17950935661792755, -0.26183420419692993, 0.9482716917991638, 0.8287937045097351, 0.5595491528511047, -0.002390757668763399, -0.5299786329269409, 0.7863507866859436, 0.3174508810043335], "cam_t_m2c": [25.21320152282715, 3304.51513671875, 4188.875], "obj_id": 0}, {"cam_R_m2c": [-0.7624876499176025, 0.11934788525104523, 0.6358997225761414, 0.42620745301246643, 0.8321107625961304, 0.3548787236213684, -0.486784964799881, 0.541615903377533, -0.6853410601615906], "cam_t_m2c": [-124.75067138671875, 3403.130615234375, 3826.74609375], "obj_id": 0}, {"cam_R_m2c": [-0.9738405346870422, -0.21285811066627502, 0.07953435927629471, -0.048744142055511475, -0.14617902040481567, -0.9880564212799072, 0.22194209694862366, -0.9660863876342773, 0.13197964429855347], "cam_t_m2c": [85.88803100585938, 3630.329833984375, 3911.783935546875], "obj_id": 1}, {"cam_R_m2c": [-0.9738370776176453, -0.21282903850078583, 0.07965442538261414, -0.04887588322162628, -0.14615337550640106, -0.9880536794662476, 0.22192831337451935, -0.9660966992378235, 0.13192757964134216], "cam_t_m2c": [-33.61487579345703, 3524.649169921875, 3954.099853515625], "obj_id": 1}, {"cam_R_m2c": [-0.8634107112884521, -0.46460434794425964, -0.19663357734680176, 0.12489781528711319, -0.5744728446006775, 0.8089385032653809, -0.48879697918891907, 0.6738870739936829, 0.5540340542793274], "cam_t_m2c": [13.054553985595703, -78.43785858154297, 807.214599609375], "obj_id": 2}, {"cam_R_m2c": [0.13327999413013458, 0.8591717481613159, 0.4940246641635895, 0.39437294006347656, 0.4113309383392334, -0.8217523097991943, -0.9092339873313904, 0.30435311794281006, -0.2840119004249573], "cam_t_m2c": [93.9516830444336, -122.81085968017578, 860.3748168945312], "obj_id": 0}, {"cam_R_m2c": [-0.8429551720619202, -0.03586208447813988, 0.5367870330810547, 0.17892712354660034, 0.922285795211792, 0.34259888529777527, -0.5073573589324951, 0.38484129309654236, -0.7710288166999817], "cam_t_m2c": [14.493014335632324, -126.84565734863281, 865.2086181640625], "obj_id": 0}, {"cam_R_m2c": [-0.4482947885990143, -0.05838559940457344, 0.8919770121574402, -0.33319878578186035, -0.9150344133377075, -0.22735576331615448, 0.8294639587402344, -0.3991280496120453, 0.39075109362602234], "cam_t_m2c": [103.07931518554688, -68.85841369628906, 795.7381591796875], "obj_id": 2}, {"cam_R_m2c": [-0.4071334898471832, -0.02910361997783184, -0.9129047989845276, 0.780236542224884, 0.5085318684577942, -0.3641788363456726, 0.47484007477760315, -0.8605511784553528, -0.18433260917663574], "cam_t_m2c": [4.551974773406982, 3592.371337890625, 3876.723876953125], "obj_id": 3}, {"cam_R_m2c": [0.33213210105895996, 0.42311331629753113, -0.8430084586143494, 0.2517907917499542, 0.8215402960777283, 0.5115398168563843, 0.9090046882629395, -0.3821605443954468, 0.16632387042045593], "cam_t_m2c": [39.245487213134766, -109.20699310302734, 844.0769653320312], "obj_id": 3}, {"cam_R_m2c": [-0.9738361835479736, -0.21288591623306274, 0.07951362431049347, -0.0487128309905529, -0.14620697498321533, -0.9880538582801819, 0.22196821868419647, -0.9660760164260864, 0.1320115476846695], "cam_t_m2c": [196.32635498046875, 3742.22802734375, 3870.52587890625], "obj_id": 1}, {"cam_R_m2c": [-0.3659014105796814, -0.8011762499809265, -0.47353219985961914, 0.8113901019096375, -0.02542363665997982, -0.5839518308639526, 0.45580941438674927, -0.597888171672821, 0.6593690514564514], "cam_t_m2c": [106.60147857666016, 3634.562744140625, 3901.66064453125], "obj_id": 3}, {"cam_R_m2c": [-0.5134609341621399, 0.44348588585853577, -0.734627902507782, 0.85809326171875, 0.25956109166145325, -0.4430620074272156, -0.0058109452947974205, -0.8578742742538452, -0.5138267278671265], "cam_t_m2c": [202.09681701660156, 3629.224853515625, 3952.605712890625], "obj_id": 3}, {"cam_R_m2c": [0.7365366816520691, 0.676085889339447, -0.020531807094812393, -0.06905058026313782, 0.10535137355327606, 0.9920347929000854, 0.6728638410568237, -0.729252278804779, 0.12427929043769836], "cam_t_m2c": [72.4267349243164, 3563.5830078125, 3931.107177734375], "obj_id": 2}],
