{
  "0": [{"cam_R_m2c": [-0.9803116917610168, -0.12370418012142181, -0.15390273928642273, -0.042787112295627594, 0.89399254322052, -0.44603431224823, 0.19276420772075653, -0.4306676387786865, -0.8816842436790466], "cam_t_m2c": [171.14776611328125, 37.095149993896484, 138.47267150878906], "obj_id": 0}, {"cam_R_m2c": [-0.9803116917610168, -0.12370418012142181, -0.15390273928642273, -0.042787112295627594, 0.89399254322052, -0.44603431224823, 0.19276420772075653, -0.4306676387786865, -0.8816842436790466], "cam_t_m2c": [171.14776611328125, 37.095149993896484, 138.47267150878906], "obj_id": 1}, {"cam_R_m2c": [-0.9803116917610168, -0.12370418012142181, -0.15390273928642273, -0.042787112295627594, 0.89399254322052, -0.44603431224823, 0.19276420772075653, -0.4306676387786865, -0.8816842436790466], "cam_t_m2c": [171.14776611328125, 37.095149993896484, 138.47267150878906], "obj_id": 0}, {"cam_R_m2c": [-0.9803116917610168, -0.12370418012142181, -0.15390273928642273, -0.042787112295627594, 0.89399254322052, -0.44603431224823, 0.19276420772075653, -0.4306676387786865, -0.8816842436790466], "cam_t_m2c": [171.14776611328125, 37.095149993896484, 138.47267150878906], "obj_id": 0}, {"cam_R_m2c": [-0.9803116917610168, -0.12370418012142181, -0.15390273928642273, -0.042787112295627594, 0.89399254322052, -0.44603431224823, 0.19276420772075653, -0.4306676387786865, -0.8816842436790466], "cam_t_m2c": [171.14776611328125, 37.095149993896484, 138.47267150878906], "obj_id": 3}, {"cam_R_m2c": [-0.9803116917610168, -0.12370418012142181, -0.15390273928642273, -0.042787112295627594, 0.89399254322052, -0.44603431224823, 0.19276420772075653, -0.4306676387786865, -0.8816842436790466], "cam_t_m2c": [171.14776611328125, 37.095149993896484, 138.47267150878906], "obj_id": 1}, {"cam_R_m2c": [-0.9803116917610168, -0.12370418012142181, -0.15390273928642273, -0.042787112295627594, 0.89399254322052, -0.44603431224823, 0.19276420772075653, -0.4306676387786865, -0.8816842436790466], "cam_t_m2c": [171.14776611328125, 37.095149993896484, 138.47267150878906], "obj_id": 1}, {"cam_R_m2c": [-0.9803116917610168, -0.12370418012142181, -0.15390273928642273, -0.042787112295627594, 0.89399254322052, -0.44603431224823, 0.19276420772075653, -0.4306676387786865, -0.8816842436790466], "cam_t_m2c": [171.14776611328125, 37.095149993896484, 138.47267150878906], "obj_id": 3}, {"cam_R_m2c": [-0.9803116917610168, -0.12370418012142181, -0.15390273928642273, -0.042787112295627594, 0.89399254322052, -0.44603431224823, 0.19276420772075653, -0.4306676387786865, -0.8816842436790466], "cam_t_m2c": [171.14776611328125, 37.095149993896484, 138.47267150878906], "obj_id": 2}, {"cam_R_m2c": [-0.9803116917610168, -0.12370418012142181, -0.15390273928642273, -0.042787112295627594, 0.89399254322052, -0.44603431224823, 0.19276420772075653, -0.4306676387786865, -0.8816842436790466], "cam_t_m2c": [171.14776611328125, 37.095149993896484, 138.47267150878906], "obj_id": 2}, {"cam_R_m2c": [-0.9803116917610168, -0.12370418012142181, -0.15390273928642273, -0.042787112295627594, 0.89399254322052, -0.44603431224823, 0.19276420772075653, -0.4306676387786865, -0.8816842436790466], "cam_t_m2c": [171.14776611328125, 37.095149993896484, 138.47267150878906], "obj_id": 0}, {"cam_R_m2c": [-0.9803116917610168, -0.12370418012142181, -0.15390273928642273, -0.042787112295627594, 0.89399254322052, -0.44603431224823, 0.19276420772075653, -0.4306676387786865, -0.8816842436790466], "cam_t_m2c": [171.14776611328125, 37.095149993896484, 138.47267150878906], "obj_id": 2}, {"cam_R_m2c": [-0.9803116917610168, -0.12370418012142181, -0.15390273928642273, -0.042787112295627594, 0.89399254322052, -0.44603431224823, 0.19276420772075653, -0.4306676387786865, -0.8816842436790466], "cam_t_m2c": [171.14776611328125, 37.095149993896484, 138.47267150878906], "obj_id": 2}, {"cam_R_m2c": [-0.9803116917610168, -0.12370418012142181, -0.15390273928642273, -0.042787112295627594, 0.89399254322052, -0.44603431224823, 0.19276420772075653, -0.4306676387786865, -0.8816842436790466], "cam_t_m2c": [171.14776611328125, 37.095149993896484, 138.47267150878906], "obj_id": 2}, {"cam_R_m2c": [-0.9803116917610168, -0.12370418012142181, -0.15390273928642273, -0.042787112295627594, 0.89399254322052, -0.44603431224823, 0.19276420772075653, -0.4306676387786865, -0.8816842436790466], "cam_t_m2c": [171.14776611328125, 37.095149993896484, 138.47267150878906], "obj_id": 3}, {"cam_R_m2c": [-0.9803116917610168, -0.12370418012142181, -0.15390273928642273, -0.042787112295627594, 0.89399254322052, -0.44603431224823, 0.19276420772075653, -0.4306676387786865, -0.8816842436790466], "cam_t_m2c": [171.14776611328125, 37.095149993896484, 138.47267150878906], "obj_id": 2}, {"cam_R_m2c": [-0.9803116917610168, -0.12370418012142181, -0.15390273928642273, -0.042787112295627594, 0.89399254322052, -0.44603431224823, 0.19276420772075653, -0.4306676387786865, -0.8816842436790466], "cam_t_m2c": [171.14776611328125, 37.095149993896484, 138.47267150878906], "obj_id": 2}, {"cam_R_m2c": [-0.9803116917610168, -0.12370418012142181, -0.15390273928642273, -0.042787112295627594, 0.89399254322052, -0.44603431224823, 0.19276420772075653, -0.4306676387786865, -0.8816842436790466], "cam_t_m2c": [171.14776611328125, 37.095149993896484, 138.47267150878906], "obj_id": 0}, {"cam_R_m2c": [-0.9803116917610168, -0.12370418012142181, -0.15390273928642273, -0.042787112295627594, 0.89399254322052, -0.44603431224823, 0.19276420772075653, -0.4306676387786865, -0.8816842436790466], "cam_t_m2c": [171.14776611328125, 37.095149993896484, 138.47267150878906], "obj_id": 0}, {"cam_R_m2c": [-0.9803116917610168, -0.12370418012142181, -0.15390273928642273, -0.042787112295627594, 0.89399254322052, -0.44603431224823, 0.19276420772075653, -0.4306676387786865, -0.8816842436790466], "cam_t_m2c": [171.14776611328125, 37.095149993896484, 138.47267150878906], "obj_id": 3}, {"cam_R_m2c": [-0.9803116917610168, -0.12370418012142181, -0.15390273928642273, -0.042787112295627594, 0.89399254322052, -0.44603431224823, 0.19276420772075653, -0.4306676387786865, -0.8816842436790466], "cam_t_m2c": [171.14776611328125, 37.095149993896484, 138.47267150878906], "obj_id": 1}, {"cam_R_m2c": [-0.9803116917610168, -0.12370418012142181, -0.15390273928642273, -0.042787112295627594, 0.89399254322052, -0.44603431224823, 0.19276420772075653, -0.4306676387786865, -0.8816842436790466], "cam_t_m2c": [171.14776611328125, 37.095149993896484, 138.47267150878906], "obj_id": 1}, {"cam_R_m2c": [-0.9803116917610168, -0.12370418012142181, -0.15390273928642273, -0.042787112295627594, 0.89399254322052, -0.44603431224823, 0.19276420772075653, -0.4306676387786865, -0.8816842436790466], "cam_t_m2c": [171.14776611328125, 37.095149993896484, 138.47267150878906], "obj_id": 1}, {"cam_R_m2c": [-0.9803116917610168, -0.12370418012142181, -0.15390273928642273, -0.042787112295627594, 0.89399254322052, -0.44603431224823, 0.19276420772075653, -0.4306676387786865, -0.8816842436790466], "cam_t_m2c": [171.14776611328125, 37.095149993896484, 138.47267150878906], "obj_id": 2}, {"cam_R_m2c": [-0.2707274556159973, 0.9247357845306396, 0.26752641797065735, 0.5585956573486328, -0.07542750984430313, 0.82600337266922, 0.7840137481689453, 0.3730608820915222, -0.49613308906555176], "cam_t_m2c": [21.774372100830078, -4.963013172149658, 152.79762268066406], "obj_id": 3}, {"cam_R_m2c": [0.8341508507728577, 0.46640369296073914, 0.29438066482543945, -0.45273661613464355, 0.2741988003253937, 0.8484365344047546, 0.314995139837265, -0.8410009741783142, 0.43988120555877686], "cam_t_m2c": [59.55046463012695, 195.8207244873047, 37.601863861083984], "obj_id": 0}, {"cam_R_m2c": [0.5498137474060059, 0.5726180076599121, -0.6081228256225586, 0.03396175056695938, -0.7427632212638855, -0.6686921715736389, -0.834596574306488, 0.3470032513141632, -0.42782852053642273], "cam_t_m2c": [1271.357666015625, 3491.39501953125, 7096.89794921875], "obj_id": 2}, {"cam_R_m2c": [-0.29430073499679565, -0.4405505955219269, -0.848116934299469, 0.4523785412311554, 0.7174932956695557, -0.5296763181686401, 0.8418674468994141, -0.5395539999008179, -0.01186317391693592], "cam_t_m2c": [259.30126953125, 141.99867248535156, 43.69752502441406], "obj_id": 3}, {"cam_R_m2c": [0.9809495806694031, -0.18975816667079926, 0.04159102216362953, -0.1760493665933609, -0.7778559923171997, 0.6032800674438477, -0.08212549239397049, -0.599109411239624, -0.796444296836853], "cam_t_m2c": [263.4284973144531, -25.451570510864258, 144.93345642089844], "obj_id": 3}, {"cam_R_m2c": [-0.059795480221509933, 0.8061580657958984, -0.588671088218689, -0.13229145109653473, 0.5781245231628418, 0.8051527738571167, 0.989405632019043, 0.1260206550359726, 0.07207858562469482], "cam_t_m2c": [13.326460838317871, 74.10995483398438, 110.91926574707031], "obj_id": 1}, {"cam_R_m2c": [0.15650853514671326, -0.778252899646759, -0.608134388923645, -0.39539095759391785, 0.5148623585700989, -0.7606462240219116, 0.9050806760787964, 0.35949844121932983, -0.22713378071784973], "cam_t_m2c": [103.10334777832031, -123.35108184814453, 191.4940643310547], "obj_id": 0}, {"cam_R_m2c": [0.930634081363678, -0.28121957182884216, -0.2341703623533249, 0.3497140407562256, 0.4949333071708679, 0.7954502701759338, -0.10779745876789093, -0.8221657872200012, 0.5589482188224792], "cam_t_m2c": [403.9362487792969, -64.9181137084961, 109.3923568725586], "obj_id": 0}],
  "1": [{"cam_R_m2c": [0.09734618663787842, -0.9894583821296692, -0.10721811652183533, -0.20817773044109344, 0.08510327339172363, -0.9743815064430237, 0.9732345938682556, 0.11717266589403152, -0.1976986527442932], "cam_t_m2c": [-43.23622131347656, 45.42143630981445, 8.784534454345703], "obj_id": 0}, {"cam_R_m2c": [0.09734618663787842, -0.9894583821296692, -0.10721811652183533, -0.20817773044109344, 0.08510327339172363, -0.9743815064430237, 0.9732345938682556, 0.11717266589403152, -0.1976986527442932], "cam_t_m2c": [-43.23622131347656, 45.42143630981445, 8.784534454345703], "obj_id": 1}, {"cam_R_m2c": [0.09734618663787842, -0.9894583821296692, -0.10721811652183533, -0.20817773044109344, 0.08510327339172363, -0.9743815064430237, 0.9732345938682556, 0.11717266589403152, -0.1976986527442932], "cam_t_m2c": [-43.23622131347656, 45.42143630981445, 8.784534454345703], "obj_id": 0}, {"cam_R_m2c": [0.09734618663787842, -0.9894583821296692, -0.10721811652183533, -0.20817773044109344, 0.08510327339172363, -0.9743815064430237, 0.9732345938682556, 0.11717266589403152, -0.1976986527442932], "cam_t_m2c": [-43.23622131347656, 45.42143630981445, 8.784534454345703], "obj_id": 0}, {"cam_R_m2c": [0.09734618663787842, -0.9894583821296692, -0.10721811652183533, -0.20817773044109344, 0.08510327339172363, -0.9743815064430237, 0.9732345938682556, 0.11717266589403152, -0.1976986527442932], "cam_t_m2c": [-43.23622131347656, 45.42143630981445, 8.784534454345703], "obj_id": 3}, {"cam_R_m2c": [0.09734618663787842, -0.9894583821296692, -0.10721811652183533, -0.20817773044109344, 0.08510327339172363, -0.9743815064430237, 0.9732345938682556, 0.11717266589403152, -0.1976986527442932], "cam_t_m2c": [-43.23622131347656, 45.42143630981445, 8.784534454345703], "obj_id": 1}, {"cam_R_m2c": [0.09734618663787842, -0.9894583821296692, -0.10721811652183533, -0.20817773044109344, 0.08510327339172363, -0.9743815064430237, 0.9732345938682556, 0.11717266589403152, -0.1976986527442932], "cam_t_m2c": [-43.23622131347656, 45.42143630981445, 8.784534454345703], "obj_id": 1}, {"cam_R_m2c": [0.09734618663787842, -0.9894583821296692, -0.10721811652183533, -0.20817773044109344, 0.08510327339172363, -0.9743815064430237, 0.9732345938682556, 0.11717266589403152, -0.1976986527442932], "cam_t_m2c": [-43.23622131347656, 45.42143630981445, 8.784534454345703], "obj_id": 3}, {"cam_R_m2c": [0.09734618663787842, -0.9894583821296692, -0.10721811652183533, -0.20817773044109344, 0.08510327339172363, -0.9743815064430237, 0.9732345938682556, 0.11717266589403152, -0.1976986527442932], "cam_t_m2c": [-43.23622131347656, 45.42143630981445, 8.784534454345703], "obj_id": 2}, {"cam_R_m2c": [0.09734618663787842, -0.9894583821296692, -0.10721811652183533, -0.20817773044109344, 0.08510327339172363, -0.9743815064430237, 0.9732345938682556, 0.11717266589403152, -0.1976986527442932], "cam_t_m2c": [-43.23622131347656, 45.42143630981445, 8.784534454345703], "obj_id": 2}, {"cam_R_m2c": [0.09734618663787842, -0.9894583821296692, -0.10721811652183533, -0.20817773044109344, 0.08510327339172363, -0.9743815064430237, 0.9732345938682556, 0.11717266589403152, -0.1976986527442932], "cam_t_m2c": [-43.23622131347656, 45.42143630981445, 8.784534454345703], "obj_id": 0}, {"cam_R_m2c": [0.09734618663787842, -0.9894583821296692, -0.10721811652183533, -0.20817773044109344, 0.08510327339172363, -0.9743815064430237, 0.9732345938682556, 0.11717266589403152, -0.1976986527442932], "cam_t_m2c": [-43.23622131347656, 45.42143630981445, 8.784534454345703], "obj_id": 2}, {"cam_R_m2c": [0.09734618663787842, -0.9894583821296692, -0.10721811652183533, -0.20817773044109344, 0.08510327339172363, -0.9743815064430237, 0.9732345938682556, 0.11717266589403152, -0.1976986527442932], "cam_t_m2c": [-43.23622131347656, 45.42143630981445, 8.784534454345703], "obj_id": 2}, {"cam_R_m2c": [0.09734618663787842, -0.9894583821296692, -0.10721811652183533, -0.20817773044109344, 0.08510327339172363, -0.9743815064430237, 0.9732345938682556, 0.11717266589403152, -0.1976986527442932], "cam_t_m2c": [-43.23622131347656, 45.42143630981445, 8.784534454345703], "obj_id": 2}, {"cam_R_m2c": [0.09734618663787842, -0.9894583821296692, -0.10721811652183533, -0.20817773044109344, 0.08510327339172363, -0.9743815064430237, 0.9732345938682556, 0.11717266589403152, -0.1976986527442932], "cam_t_m2c": [-43.23622131347656, 45.42143630981445, 8.784534454345703], "obj_id": 3}, {"cam_R_m2c": [0.09734618663787842, -0.9894583821296692, -0.10721811652183533, -0.20817773044109344, 0.08510327339172363, -0.9743815064430237, 0.9732345938682556, 0.11717266589403152, -0.1976986527442932], "cam_t_m2c": [-43.23622131347656, 45.42143630981445, 8.784534454345703], "obj_id": 2}, {"cam_R_m2c": [0.09734618663787842, -0.9894583821296692, -0.10721811652183533, -0.20817773044109344, 0.08510327339172363, -0.9743815064430237, 0.9732345938682556, 0.11717266589403152, -0.1976986527442932], "cam_t_m2c": [-43.23622131347656, 45.42143630981445, 8.784534454345703], "obj_id": 2}, {"cam_R_m2c": [0.09734618663787842, -0.9894583821296692, -0.10721811652183533, -0.20817773044109344, 0.08510327339172363, -0.9743815064430237, 0.9732345938682556, 0.11717266589403152, -0.1976986527442932], "cam_t_m2c": [-43.23622131347656, 45.42143630981445, 8.784534454345703], "obj_id": 0}, {"cam_R_m2c": [0.09734618663787842, -0.9894583821296692, -0.10721811652183533, -0.20817773044109344, 0.08510327339172363, -0.9743815064430237, 0.9732345938682556, 0.11717266589403152, -0.1976986527442932], "cam_t_m2c": [-43.23622131347656, 45.42143630981445, 8.784534454345703], "obj_id": 0}, {"cam_R_m2c": [0.09734618663787842, -0.9894583821296692, -0.10721811652183533, -0.20817773044109344, 0.08510327339172363, -0.9743815064430237, 0.9732345938682556, 0.11717266589403152, -0.1976986527442932], "cam_t_m2c": [-43.23622131347656, 45.42143630981445, 8.784534454345703], "obj_id": 3}, {"cam_R_m2c": [0.09734618663787842, -0.9894583821296692, -0.10721811652183533, -0.20817773044109344, 0.08510327339172363, -0.9743815064430237, 0.9732345938682556, 0.11717266589403152, -0.1976986527442932], "cam_t_m2c": [-43.23622131347656, 45.42143630981445, 8.784534454345703], "obj_id": 1}, {"cam_R_m2c": [0.09734618663787842, -0.9894583821296692, -0.10721811652183533, -0.20817773044109344, 0.08510327339172363, -0.9743815064430237, 0.9732345938682556, 0.11717266589403152, -0.1976986527442932], "cam_t_m2c": [-43.23622131347656, 45.42143630981445, 8.784534454345703], "obj_id": 1}, {"cam_R_m2c": [0.09734618663787842, -0.9894583821296692, -0.10721811652183533, -0.20817773044109344, 0.08510327339172363, -0.9743815064430237, 0.9732345938682556, 0.11717266589403152, -0.1976986527442932], "cam_t_m2c": [-43.23622131347656, 45.42143630981445, 8.784534454345703], "obj_id": 1}, {"cam_R_m2c": [0.09734618663787842, -0.9894583821296692, -0.10721811652183533, -0.20817773044109344, 0.08510327339172363, -0.9743815064430237, 0.9732345938682556, 0.11717266589403152, -0.1976986527442932], "cam_t_m2c": [-43.23622131347656, 45.42143630981445, 8.784534454345703], "obj_id": 2}, {"cam_R_m2c": [-0.0585813969373703, 0.304866224527359, -0.9505918025970459, 0.8105934262275696, 0.5703170895576477, 0.1329537034034729, 0.5826718211174011, -0.7627548575401306, -0.2805325388908386], "cam_t_m2c": [-6.635354995727539, -16.536663055419922, 147.01649475097656], "obj_id": 3}, {"cam_R_m2c": [0.5868894457817078, -0.6639583110809326, -0.4633789658546448, 0.29772570729255676, -0.35524114966392517, 0.8860942125320435, -0.7529409527778625, -0.6579991579055786, -0.010809777304530144], "cam_t_m2c": [-235.9738311767578, 10.646839141845703, 106.07598876953125], "obj_id": 0}, {"cam_R_m2c": [-0.45485976338386536, 0.8366725444793701, 0.3050927221775055, -0.4464050531387329, 0.08223000168800354, -0.8910447359085083, -0.770600438117981, -0.5414953827857971, 0.3360917866230011], "cam_t_m2c": [853.3839721679688, 7661.890625, 1666.4354248046875], "obj_id": 2}, {"cam_R_m2c": [0.06092078238725662, -0.9135482907295227, 0.40214189887046814, 0.7925655841827393, -0.20062898099422455, -0.5758365392684937, 0.6067358255386353, 0.35380423069000244, 0.7118245363235474], "cam_t_m2c": [-178.7426300048828, 56.06652069091797, -87.5628662109375], "obj_id": 3}, {"cam_R_m2c": [0.14638489484786987, 0.32268351316452026, -0.9351186156272888, 0.1812445968389511, -0.9380486011505127, -0.2953222692012787, -0.9724823236465454, -0.12625448405742645, -0.19580078125], "cam_t_m2c": [16.856698989868164, 49.67623519897461, -85.23836517333984], "obj_id": 3}, {"cam_R_m2c": [0.6423562169075012, -0.3831271231174469, -0.6637710928916931, 0.6847497820854187, 0.6759040951728821, 0.2725277543067932, 0.34423282742500305, -0.6295770406723022, 0.6965174078941345], "cam_t_m2c": [-96.08614349365234, -11.11470890045166, 153.86175537109375], "obj_id": 1}, {"cam_R_m2c": [0.8275154829025269, -0.2728627324104309, 0.490677148103714, 0.5563783049583435, 0.28142353892326355, -0.7818209528923035, 0.07524169981479645, 0.9199710488319397, 0.3846972584724426], "cam_t_m2c": [117.3277816772461, -19.84040069580078, 64.85945892333984], "obj_id": 0}, {"cam_R_m2c": [-0.31177064776420593, -0.8719165921211243, -0.3775717616081238, 0.41706183552742004, -0.48263052105903625, 0.770147442817688, -0.8537320494651794, 0.08263862133026123, 0.5141132473945618], "cam_t_m2c": [36.980918884277344, 49.63117980957031, -234.09475708007812], "obj_id": 0}]
}