{
  "0": [{"cam_R_m2c": [-0.9462214708328247, 0.184749037027359, -0.2655799090862274, -0.14593380689620972, 0.4889046847820282, 0.8600438833236694, 0.2887355387210846, 0.8525490760803223, -0.43565094470977783], "cam_t_m2c": [-0.8340206742286682, -110.93435668945312, 823.4115600585938], "obj_id": 3}, {"cam_R_m2c": [-0.053038064390420914, 0.26816943287849426, -0.9619105458259583, 0.915248692035675, -0.3721995949745178, -0.1542302668094635, -0.39938271045684814, -0.8885675668716431, -0.22570084035396576], "cam_t_m2c": [257.0572509765625, -191.71600341796875, 695.1353759765625], "obj_id": 3}, {"cam_R_m2c": [-0.6624383926391602, -0.3589363694190979, 0.6575255990028381, 0.31239190697669983, -0.9301356673240662, -0.1930253654718399, 0.6808719038963318, 0.07753825932741165, 0.7282865047454834], "cam_t_m2c": [222.67633056640625, -356.7900695800781, 819.7409057617188], "obj_id": 3}, {"cam_R_m2c": [0.645968496799469, 0.1984466314315796, -0.7371184229850769, 0.6948800683021545, -0.552608072757721, 0.4601803123950958, -0.31601640582084656, -0.8094708919525146, -0.49486401677131653], "cam_t_m2c": [243.9222412109375, -135.83238220214844, 679.8328857421875], "obj_id": 3}, {"cam_R_m2c": [0.3598049581050873, -0.18029823899269104, 0.9154413342475891, -0.9236917495727539, 0.0696159303188324, 0.3767586946487427, -0.13165819644927979, -0.9811453223228455, -0.1414918303489685], "cam_t_m2c": [208.19198608398438, 1.9677579402923584, 710.345458984375], "obj_id": 3}, {"cam_R_m2c": [-0.02836112305521965, -0.3916489779949188, 0.9196774363517761, -0.9726879596710205, -0.20123034715652466, -0.11569084972143173, 0.23037728667259216, -0.8978403210639954, -0.3752450942993164], "cam_t_m2c": [97.30449676513672, -58.08469772338867, 953.5668334960938], "obj_id": 3}, {"cam_R_m2c": [-0.22951079905033112, -0.7324671149253845, -0.6409499645233154, 0.12091001123189926, 0.6319712996482849, -0.765501856803894, 0.9657669067382812, -0.2531881332397461, -0.05648167058825493], "cam_t_m2c": [22.20725440979004, -139.32571411132812, 999.7927856445312], "obj_id": 3}, {"cam_R_m2c": [0.25555846095085144, -0.43069717288017273, 0.8655574917793274, 0.4736354947090149, -0.7247151732444763, -0.5004570484161377, 0.8428281545639038, 0.537854790687561, 0.018786409869790077], "cam_t_m2c": [-24.348112106323242, -105.60863494873047, 858.7026977539062], "obj_id": 3}, {"cam_R_m2c": [0.7541519403457642, -0.6008214354515076, -0.26508188247680664, 0.6555649042129517, 0.6650660037994385, 0.3576616644859314, -0.03859386220574379, -0.44350963830947876, 0.8954382538795471], "cam_t_m2c": [262.34259033203125, -192.66354370117188, 620.0576171875], "obj_id": 3}, {"cam_R_m2c": [0.6465146541595459, 0.7564683556556702, -0.0988655537366867, 0.5621674060821533, -0.55999356508255, -0.6085842847824097, -0.515738844871521, 0.3378796875476837, -0.7873058915138245], "cam_t_m2c": [241.0479278564453, -196.70538330078125, 763.40234375], "obj_id": 3}, {"cam_R_m2c": [0.8479260802268982, -0.14187079668045044, 0.5107779502868652, -0.5160004496574402, -0.44173842668533325, 0.7339010834693909, 0.12151108682155609, -0.885855495929718, -0.4477669298648834], "cam_t_m2c": [210.6768798828125, -292.3475341796875, 1030.981201171875], "obj_id": 3}, {"cam_R_m2c": [-0.4703105390071869, -0.8770139217376709, -0.0982571616768837, -0.28161686658859253, 0.2546670436859131, -0.9251143336296082, 0.8363610506057739, -0.40742021799087524, -0.3667544722557068], "cam_t_m2c": [105.66297149658203, -118.10176086425781, 955.8453979492188], "obj_id": 3}, {"cam_R_m2c": [-0.45685625076293945, -0.8134927749633789, -0.35987764596939087, 0.8893078565597534, -0.42694365978240967, -0.16386200487613678, -0.020346898585557938, -0.39490339159965515, 0.9184973239898682], "cam_t_m2c": [-79.55225372314453, -112.50762176513672, 982.9694213867188], "obj_id": 3}, {"cam_R_m2c": [0.6232635974884033, -0.6028488874435425, 0.4981122612953186, 0.19268561899662018, -0.498937726020813, -0.8449459671974182, 0.7579016089439392, 0.6226031184196472, -0.1948094666004181], "cam_t_m2c": [-126.84549713134766, -93.27389526367188, 923.5277099609375], "obj_id": 3}, {"cam_R_m2c": [-0.8876261115074158, 0.24379751086235046, -0.39074620604515076, -0.3050653040409088, -0.9468274116516113, 0.10223966836929321, -0.34504345059394836, 0.20995371043682098, 0.9148029685020447], "cam_t_m2c": [161.38262939453125, -213.6514892578125, 1009.9381103515625], "obj_id": 3}, {"cam_R_m2c": [0.27413204312324524, 0.7102828025817871, -0.6483439803123474, 0.8689594864845276, -0.4717808663845062, -0.14943955838680267, -0.4120206832885742, -0.5224184989929199, -0.7465372085571289], "cam_t_m2c": [236.98385620117188, -74.87916564941406, 982.8472290039062], "obj_id": 3}, {"cam_R_m2c": [-0.325120747089386, -0.9029366970062256, -0.2810724079608917, 0.8844923973083496, -0.3955139219760895, 0.24747075140476227, -0.3346185088157654, -0.16814851760864258, 0.9272305369377136], "cam_t_m2c": [151.04644775390625, -327.67205810546875, 700.1931762695312], "obj_id": 3}, {"cam_R_m2c": [0.9526260495185852, 0.30208510160446167, -0.03533053398132324, -0.008611807599663734, -0.08932621031999588, -0.9959650635719299, -0.3040221929550171, 0.9490864872932434, -0.08249296993017197], "cam_t_m2c": [-13.005090713500977, -191.56199645996094, 942.5157470703125], "obj_id": 3}, {"cam_R_m2c": [-0.27148953080177307, 0.5237917900085449, -0.807425320148468, -0.4554927349090576, -0.8089599013328552, -0.3716319501399994, -0.847832441329956, 0.2668822109699249, 0.4582074284553528], "cam_t_m2c": [277.6339111328125, -330.9319763183594, 682.3438110351562], "obj_id": 3}, {"cam_R_m2c": [0.9131832122802734, -0.01686784252524376, 0.4072000980377197, -0.20989780128002167, -0.8759065866470337, 0.43443137407302856, 0.34934133291244507, -0.48218584060668945, -0.8034036755561829], "cam_t_m2c": [5.836652755737305, -389.0162353515625, 718.1572265625], "obj_id": 3}, {"cam_R_m2c": [0.6892737746238708, -0.4995144009590149, 0.5247732400894165, 0.001837395946495235, -0.7231160998344421, -0.6907238364219666, 0.7244986295700073, 0.47706204652786255, -0.49750712513923645], "cam_t_m2c": [210.08563232421875, -70.24929809570312, 584.9071655273438], "obj_id": 3}, {"cam_R_m2c": [0.6156584024429321, -0.7311822175979614, -0.2938319146633148, -0.7753442525863647, -0.6286666393280029, -0.06016097217798233, -0.1407337337732315, 0.26485949754714966, -0.9539618492126465], "cam_t_m2c": [72.71012878417969, -366.6298522949219, 856.6553955078125], "obj_id": 3}, {"cam_R_m2c": [0.5255353450775146, -0.7192090153694153, -0.45447880029678345, 0.4618000090122223, -0.20750166475772858, 0.8623709678649902, -0.7145301103591919, -0.6630847454071045, 0.2230812907218933], "cam_t_m2c": [-3.8771278858184814, -150.5926513671875, 1024.9576416015625], "obj_id": 3}, {"cam_R_m2c": [0.5461244583129883, 0.7205818891525269, -0.4272116720676422, -0.5867236852645874, -0.034976620227098465, -0.8090314269065857, -0.5979158282279968, 0.6924870610237122, 0.4036809206008911], "cam_t_m2c": [31.000164031982422, -70.43510437011719, 994.3984375], "obj_id": 3}, {"cam_R_m2c": [0.3282535672187805, 0.2620091736316681, -0.9075245261192322, -0.9412087798118591, 0.009510518051683903, -0.33769145607948303, -0.07984725385904312, 0.9650185108184814, 0.24972723424434662], "cam_t_m2c": [-23.509157180786133, -158.20970153808594, 964.3594360351562], "obj_id": 3}, {"cam_R_m2c": [0.4035928249359131, -0.47834035754203796, -0.7799380421638489, -0.846109926700592, -0.5195042490959167, -0.1192198097705841, -0.3481534719467163, 0.708029568195343, -0.6143967509269714], "cam_t_m2c": [66.76036834716797, -132.09707641601562, 607.3823852539062], "obj_id": 3}, {"cam_R_m2c": [0.844989538192749, -0.32722151279449463, -0.42298781871795654, 0.08307207375764847, -0.7010370492935181, 0.7082696557044983, -0.5282912850379944, -0.633618950843811, -0.5651859641075134], "cam_t_m2c": [26.583017349243164, -304.7816467285156, 863.2706909179688], "obj_id": 3}, {"cam_R_m2c": [0.8113864064216614, -0.5302220582962036, 0.24600128829479218, -0.5542141795158386, -0.8316152691841125, 0.035532500594854355, 0.18573832511901855, -0.16516798734664917, -0.9686179161071777], "cam_t_m2c": [210.5895233154297, -436.2440185546875, 753.271728515625], "obj_id": 3}, {"cam_R_m2c": [-0.14328649640083313, -0.5481655597686768, -0.824004590511322, 0.6290425658226013, -0.6932223439216614, 0.3517787754535675, -0.7640513777732849, -0.46792879700660706, 0.44414880871772766], "cam_t_m2c": [194.4786834716797, -319.3465576171875, 1081.300048828125], "obj_id": 1}, {"cam_R_m2c": [-0.3240635097026825, 0.040484268218278885, 0.9451687335968018, -0.6278277039527893, -0.7565693855285645, -0.18285295367240906, 0.7076830267906189, -0.6526590585708618, 0.27059364318847656], "cam_t_m2c": [161.40943908691406, -66.43661499023438, 723.5549926757812], "obj_id": 1}, {"cam_R_m2c": [0.3900145888328552, 0.30875447392463684, -0.8675017356872559, 0.13419747352600098, 0.9129908084869385, 0.38527756929397583, 0.910977303981781, -0.26668041944503784, 0.3146456778049469], "cam_t_m2c": [-49.89870834350586, -156.97055053710938, 867.815185546875], "obj_id": 1}, {"cam_R_m2c": [0.021690847352147102, 0.8463910818099976, -0.532119870185852, -0.44608086347579956, -0.4681341052055359, -0.7627989053726196, -0.894729733467102, 0.2539142072200775, 0.3674047291278839], "cam_t_m2c": [143.02342224121094, -85.5486068725586, 608.3006591796875], "obj_id": 1}, {"cam_R_m2c": [-0.900395929813385, -0.10297688096761703, -0.4227088689804077, -0.42311516404151917, -0.018949167802929878, 0.9058777093887329, -0.10129445791244507, 0.9945032000541687, -0.026509257033467293], "cam_t_m2c": [136.83619689941406, -314.6318054199219, 1087.9586181640625], "obj_id": 1}, {"cam_R_m2c": [-0.2505669891834259, 0.45941102504730225, 0.8521488308906555, -0.9164766073226929, 0.1710316389799118, -0.3616887331008911, -0.31190818548202515, -0.8716017603874207, 0.37818461656570435], "cam_t_m2c": [41.92158126831055, -463.6569519042969, 877.1344604492188], "obj_id": 1}, {"cam_R_m2c": [-0.28364914655685425, -0.9410343766212463, -0.18438361585140228, 0.9214264154434204, -0.32071733474731445, 0.21934811770915985, -0.2655491530895233, -0.10767801851034164, 0.9580652713775635], "cam_t_m2c": [27.657739639282227, -299.9662170410156, 1079.541259765625], "obj_id": 1}, {"cam_R_m2c": [0.27661213278770447, -0.6290359497070312, 0.7264980673789978, 0.8749778270721436, 0.47746342420578003, 0.08026474714279175, -0.39736565947532654, 0.6134675145149231, 0.6824647188186646], "cam_t_m2c": [257.7475891113281, -189.3291778564453, 766.307373046875], "obj_id": 1}, {"cam_R_m2c": [0.7424203157424927, 0.2642965614795685, 0.6155967712402344, 0.2168876677751541, 0.774581253528595, -0.5941242575645447, -0.6338547468185425, 0.5746052861213684, 0.5177422165870667], "cam_t_m2c": [205.73895263671875, -307.4384460449219, 764.1019897460938], "obj_id": 1}, {"cam_R_m2c": [0.8013337254524231, 0.1224622055888176, -0.5855486989021301, -0.5789719820022583, 0.4050476551055908, -0.7076212763786316, 0.1505182683467865, 0.9060570597648621, 0.39548051357269287], "cam_t_m2c": [169.27130126953125, -343.1478271484375, 1065.9588623046875], "obj_id": 1}, {"cam_R_m2c": [0.6830354928970337, 0.7199500799179077, -0.12302181869745255, 0.576640784740448, -0.4281775653362274, 0.6958084106445312, 0.448272168636322, -0.546201229095459, -0.7076130509376526], "cam_t_m2c": [-4.509433746337891, -103.70791625976562, 772.3499755859375], "obj_id": 1}, {"cam_R_m2c": [-0.42339256405830383, -0.7772204279899597, -0.4654752314090729, -0.5706142783164978, 0.6278589963912964, -0.5293320417404175, 0.7036604881286621, 0.041491564363241196, -0.7093238830566406], "cam_t_m2c": [217.0089111328125, -77.1453857421875, 912.0050659179688], "obj_id": 1}, {"cam_R_m2c": [-0.9260361194610596, 0.3699662387371063, 0.07471445947885513, -0.27475705742836, -0.7964969277381897, 0.5386106371879578, 0.25877758860588074, 0.47824451327323914, 0.8392356038093567], "cam_t_m2c": [38.33340835571289, -380.45050048828125, 1099.8138427734375], "obj_id": 1}, {"cam_R_m2c": [-0.45472362637519836, -0.4568828046321869, 0.7645160555839539, 0.30284613370895386, -0.8865662217140198, -0.34969252347946167, 0.8375625014305115, 0.07251731306314468, 0.5415075421333313], "cam_t_m2c": [244.01702880859375, -384.5394287109375, 701.2401123046875], "obj_id": 1}, {"cam_R_m2c": [0.6364798545837402, -0.23358863592147827, 0.7350712418556213, -0.6794746518135071, -0.6207903027534485, 0.39106741547584534, 0.364976167678833, -0.7483687996864319, -0.5538380742073059], "cam_t_m2c": [93.20459747314453, -28.391876220703125, 971.7086181640625], "obj_id": 1}, {"cam_R_m2c": [0.23048360645771027, -0.20319566130638123, 0.9516242742538452, 0.2210971713066101, -0.9414400458335876, -0.254570871591568, 0.9476250410079956, 0.26907584071159363, -0.17206038534641266], "cam_t_m2c": [159.57864379882812, -47.4062614440918, 850.2033081054688], "obj_id": 1}, {"cam_R_m2c": [-0.020285695791244507, -0.8956155180931091, -0.4443660080432892, -0.7775958180427551, 0.2935044765472412, -0.556057333946228, 0.6284369826316833, 0.3342571556568146, -0.7023808360099792], "cam_t_m2c": [-25.677143096923828, -181.72683715820312, 920.4261474609375], "obj_id": 1}, {"cam_R_m2c": [-0.2642273008823395, -0.9605138897895813, -0.08716003596782684, 0.9516666531562805, -0.2743264138698578, 0.13811396062374115, -0.1565706878900528, -0.0464538149535656, 0.9865736961364746], "cam_t_m2c": [128.4258270263672, -131.6802215576172, 1014.3375244140625], "obj_id": 1}, {"cam_R_m2c": [0.4755639433860779, 0.7910785675048828, 0.3847513794898987, -0.7959453463554382, 0.5731960535049438, -0.19472359120845795, -0.37457960844039917, -0.2136375606060028, 0.9022467136383057], "cam_t_m2c": [96.97301483154297, -67.56745910644531, 891.98388671875], "obj_id": 1}, {"cam_R_m2c": [-0.5694940686225891, 0.2618623673915863, -0.7791690826416016, 0.7683351039886475, -0.1672905534505844, -0.6177984476089478, -0.2921258509159088, -0.9504956007003784, -0.1059269830584526], "cam_t_m2c": [285.1524963378906, -224.37884521484375, 634.3485107421875], "obj_id": 1}, {"cam_R_m2c": [0.10599736124277115, -0.4487180709838867, 0.8873648643493652, -0.4209046959877014, 0.7882556915283203, 0.44887876510620117, -0.9008904695510864, -0.4210759997367859, -0.10531452298164368], "cam_t_m2c": [175.75390625, -371.7398986816406, 829.6752319335938], "obj_id": 1}, {"cam_R_m2c": [0.46496325731277466, 0.26763948798179626, -0.843906581401825, 0.43488574028015137, 0.7612394094467163, 0.48102912306785583, 0.7711573243141174, -0.5906637907028198, 0.23755574226379395], "cam_t_m2c": [50.279396057128906, -237.53004455566406, 819.9285278320312], "obj_id": 1}, {"cam_R_m2c": [0.7648218870162964, -0.11488960683345795, -0.6339147090911865, -0.3535133898258209, 0.7477574944496155, -0.5620383024215698, 0.5385868549346924, 0.6539565324783325, 0.5312862396240234], "cam_t_m2c": [309.5680236816406, -284.17510986328125, 788.9041748046875], "obj_id": 1}, {"cam_R_m2c": [0.5562149882316589, -0.7837713360786438, -0.27627405524253845, -0.6778947114944458, -0.6202110648155212, 0.3947111964225769, -0.48071154952049255, -0.032259561121463776, -0.8762851357460022], "cam_t_m2c": [206.10789489746094, -163.8316650390625, 677.90478515625], "obj_id": 1}, {"cam_R_m2c": [0.8815418481826782, -0.4456422030925751, -0.15584297478199005, 0.4397285282611847, 0.654919445514679, 0.6145886778831482, -0.17182207107543945, -0.6103142499923706, 0.7733005285263062], "cam_t_m2c": [356.7332458496094, -272.212890625, 815.1817016601562], "obj_id": 1}, {"cam_R_m2c": [-0.16724902391433716, -0.803163468837738, -0.5718007683753967, -0.9776368737220764, 0.060106419026851654, 0.20152752101421356, -0.12749066948890686, 0.5927188396453857, -0.7952548861503601], "cam_t_m2c": [294.11151123046875, -303.37152099609375, 813.6581420898438], "obj_id": 1}, {"cam_R_m2c": [0.2564186155796051, -0.4486929774284363, 0.8561098575592041, -0.8411028981208801, 0.33281680941581726, 0.4263553321361542, -0.4762303829193115, -0.829401969909668, -0.2920565605163574], "cam_t_m2c": [73.40325927734375, -119.44683837890625, 949.21337890625], "obj_id": 1}, {"cam_R_m2c": [-0.326626718044281, 0.9432276487350464, -0.060301460325717926, 0.945120096206665, 0.3254159986972809, -0.02919268235564232, -0.007912294007837772, -0.06652724742889404, -0.9977529644966125], "cam_t_m2c": [-6.012932777404785, -335.91497802734375, 884.6753540039062], "obj_id": 1}, {"cam_R_m2c": [-0.3829306364059448, 0.8809168338775635, -0.27811822295188904, -0.8852196335792542, -0.43599560856819153, -0.1621546447277069, -0.2641030550003052, 0.18410174548625946, 0.9467608332633972], "cam_t_m2c": [-46.3830451965332, -279.1402893066406, 778.6060791015625], "obj_id": 1}, {"cam_R_m2c": [0.6220898628234863, 0.7457164525985718, 0.2385605424642563, -0.5664097666740417, 0.6390016078948975, -0.520439088344574, -0.5405405759811401, 0.18863682448863983, 0.8198975324630737], "cam_t_m2c": [178.0006866455078, -307.33544921875, 836.0238647460938], "obj_id": 1}, {"cam_R_m2c": [-0.5346086621284485, -0.4012026786804199, 0.7437943816184998, -0.3451039493083954, -0.6997565627098083, -0.6254951357841492, 0.7714252471923828, -0.591081440448761, 0.23563918471336365], "cam_t_m2c": [121.41776275634766, -282.6393127441406, 678.8943481445312], "obj_id": 1}, {"cam_R_m2c": [0.6638486981391907, 0.7165550589561462, 0.21413493156433105, 0.7468283772468567, -0.650255560874939, -0.13933821022510529, 0.0393989160656929, 0.2524215281009674, -0.9668149948120117], "cam_t_m2c": [134.78260803222656, -27.76789093017578, 881.8633422851562], "obj_id": 1}, {"cam_R_m2c": [0.3934769332408905, -0.2957605719566345, 0.8704605102539062, 0.8946776390075684, 0.3410073518753052, -0.28855812549591064, -0.21148928999900818, 0.8923225998878479, 0.3987889289855957], "cam_t_m2c": [256.4051513671875, -72.78113555908203, 921.9480590820312], "obj_id": 1}, {"cam_R_m2c": [0.7507407069206238, -0.597588062286377, 0.28156164288520813, -0.03722070902585983, -0.46381109952926636, -0.8851519823074341, 0.6595476269721985, 0.6540396809577942, -0.37044453620910645], "cam_t_m2c": [-9.836101531982422, -174.53221130371094, 910.1846313476562], "obj_id": 1}, {"cam_R_m2c": [-0.7553024888038635, -0.654050886631012, -0.04166058823466301, -0.6420736312866211, 0.7512176036834717, -0.15301507711410522, 0.13137580454349518, -0.08882350474596024, -0.9873453378677368], "cam_t_m2c": [67.92535400390625, -192.22900390625, 673.3784790039062], "obj_id": 1}, {"cam_R_m2c": [0.0927581861615181, -0.47523507475852966, -0.8749557137489319, 0.07868601381778717, 0.8794947266578674, -0.4693585932254791, 0.9925746321678162, -0.025309929624199867, 0.11897469311952591], "cam_t_m2c": [235.9967498779297, -392.37872314453125, 764.7247314453125], "obj_id": 1}, {"cam_R_m2c": [0.08813901245594025, -0.3014758229255676, -0.9493911862373352, -0.9960759878158569, -0.019025418907403946, -0.08643151819705963, 0.007994351908564568, 0.9532839059829712, -0.30196964740753174], "cam_t_m2c": [84.449951171875, -119.83981323242188, 991.1859741210938], "obj_id": 1}, {"cam_R_m2c": [0.46489599347114563, 0.6965075135231018, 0.5465794205665588, 0.2637024223804474, 0.4803991913795471, -0.8364673852920532, -0.8451821208000183, 0.5330047011375427, 0.03966495767235756], "cam_t_m2c": [327.1203308105469, -321.4237365722656, 865.6385498046875], "obj_id": 1}, {"cam_R_m2c": [0.31021180748939514, -0.9374048113822937, -0.15824279189109802, -0.9494372606277466, -0.2970230281352997, -0.10171523690223694, 0.04834659397602081, 0.1817948818206787, -0.9821470975875854], "cam_t_m2c": [289.6099548339844, -169.86512756347656, 640.3734130859375], "obj_id": 1}, {"cam_R_m2c": [0.4769631326198578, -0.8455313444137573, -0.2399643361568451, -0.6020702719688416, -0.5132161378860474, 0.6116538047790527, -0.6403260827064514, -0.1472608894109726, -0.7538543939590454], "cam_t_m2c": [193.89102172851562, -384.0553283691406, 744.7037963867188], "obj_id": 1}, {"cam_R_m2c": [-0.9667734503746033, 0.1302458941936493, -0.2199653536081314, -0.25504592061042786, -0.4331066608428955, 0.8645055890083313, 0.017329826951026917, 0.8918824791908264, 0.45193496346473694], "cam_t_m2c": [31.0010986328125, -245.32028198242188, 939.49267578125], "obj_id": 1}, {"cam_R_m2c": [0.7493933439254761, 0.27656933665275574, 0.601597011089325, -0.6558561325073242, 0.18532629311084747, 0.7317832708358765, 0.09089714288711548, -0.9429545998573303, 0.3202720284461975], "cam_t_m2c": [137.57940673828125, -228.45526123046875, 812.0670166015625], "obj_id": 1}, {"cam_R_m2c": [0.3548365533351898, 0.2289719581604004, 0.9064562320709229, -0.5157451629638672, -0.7607414722442627, 0.3940551280975342, 0.77980637550354, -0.607325553894043, -0.1518477350473404], "cam_t_m2c": [180.93238830566406, -128.30274963378906, 717.6039428710938], "obj_id": 1}, {"cam_R_m2c": [0.9476795196533203, 0.2913189232349396, 0.13052532076835632, -0.3136979341506958, 0.9256166219711304, 0.21172510087490082, -0.059136874973773956, -0.24159306287765503, 0.9685739874839783], "cam_t_m2c": [55.500572204589844, -204.9825897216797, 969.2310180664062], "obj_id": 1}, {"cam_R_m2c": [-0.7837987542152405, 0.4774819314479828, 0.3970775604248047, -0.40260404348373413, 0.09613735973834991, -0.9103118181228638, -0.4728314280509949, -0.8733662366867065, 0.1168837919831276], "cam_t_m2c": [72.84019470214844, -325.59521484375, 1019.3359985351562], "obj_id": 1}, {"cam_R_m2c": [0.5612685680389404, 0.30279341340065, -0.7702556252479553, 0.18906322121620178, -0.9529716372489929, -0.23685424029827118, -0.805749773979187, -0.012688190676271915, -0.5921200513839722], "cam_t_m2c": [206.29356384277344, -195.99757385253906, 691.7529907226562], "obj_id": 1}, {"cam_R_m2c": [-0.7629799842834473, -0.6362266540527344, 0.11435531079769135, -0.1860959231853485, 0.04677131772041321, -0.981417715549469, 0.6190555691719055, -0.7700831294059753, -0.1540847271680832], "cam_t_m2c": [288.17559814453125, -309.20947265625, 840.01220703125], "obj_id": 1}, {"cam_R_m2c": [0.6400399804115295, 0.2110634595155716, -0.7387835383415222, -0.25038811564445496, -0.8517447710037231, -0.4602574110031128, -0.7263984084129333, 0.4795657694339752, -0.49230295419692993], "cam_t_m2c": [26.907184600830078, -242.0506134033203, 972.3314208984375], "obj_id": 1}, {"cam_R_m2c": [0.2565857172012329, 0.794163167476654, -0.5508798360824585, -0.6307373642921448, 0.5694525241851807, 0.5271567106246948, 0.7323483228683472, 0.21219965815544128, 0.6470218300819397], "cam_t_m2c": [-16.246755599975586, -154.25747680664062, 687.3919067382812], "obj_id": 1}, {"cam_R_m2c": [-0.730781614780426, -0.10306952148675919, -0.6747851371765137, 0.672432541847229, -0.27877381443977356, -0.6856527328491211, -0.11744250357151031, -0.9548099040985107, 0.27303001284599304], "cam_t_m2c": [259.6586608886719, -189.49449157714844, 650.7250366210938], "obj_id": 1}, {"cam_R_m2c": [-0.05786096304655075, -0.7477454543113708, -0.6614596843719482, 0.9914172887802124, 0.03476846590638161, -0.12602780759334564, 0.11723466217517853, -0.6630746126174927, 0.739315927028656], "cam_t_m2c": [290.65289306640625, -146.84085083007812, 683.9437255859375], "obj_id": 1}, {"cam_R_m2c": [0.07957566529512405, 0.9671698808670044, 0.2413502186536789, -0.18350644409656525, 0.2521933913230896, -0.9501177668571472, -0.9797922968864441, 0.0313168466091156, 0.1975504457950592], "cam_t_m2c": [90.03190612792969, -131.63970947265625, 594.010986328125], "obj_id": 1}, {"cam_R_m2c": [-0.39000120759010315, -0.784447431564331, 0.4822255074977875, 0.12668476998806, 0.4730047285556793, 0.8719045519828796, -0.9120582342147827, 0.4011343717575073, -0.08509492874145508], "cam_t_m2c": [175.8091583251953, -123.6760025024414, 721.3797607421875], "obj_id": 1}, {"cam_R_m2c": [0.7231892943382263, 0.5704819560050964, -0.3892911672592163, -0.5942195057868958, 0.8012279868125916, 0.07026337087154388, 0.35199496150016785, 0.18051068484783173, 0.9184309840202332], "cam_t_m2c": [184.52789306640625, -112.2589111328125, 840.1812133789062], "obj_id": 1}, {"cam_R_m2c": [0.5893486738204956, -0.12637877464294434, 0.7979326844215393, -0.7536553740501404, 0.26974284648895264, 0.5993682742118835, -0.29098406434059143, -0.9546031355857849, 0.06372654438018799], "cam_t_m2c": [15.72561264038086, -63.33169937133789, 987.362060546875], "obj_id": 3}, {"cam_R_m2c": [0.3283163011074066, 0.5147109031677246, 0.7920107841491699, 0.8080636262893677, -0.587243914604187, 0.04666649550199509, 0.48912325501441956, 0.6246737241744995, -0.6087208986282349], "cam_t_m2c": [251.12796020507812, -219.39991760253906, 1008.46484375], "obj_id": 1}, {"cam_R_m2c": [-0.8629812598228455, 0.34287017583847046, -0.37108370661735535, 0.34125199913978577, 0.9371852278709412, 0.0723252221941948, 0.3725723326206207, -0.06421774625778198, -0.9257783889770508], "cam_t_m2c": [-16.232812881469727, -231.01943969726562, 652.506103515625], "obj_id": 1}, {"cam_R_m2c": [0.7712615728378296, -0.3440295159816742, 0.5355364084243774, 0.48808881640434265, -0.22039242088794708, -0.8445096015930176, 0.40856441855430603, 0.9127271175384521, -0.002063239458948374], "cam_t_m2c": [11.989728927612305, -365.2605895996094, 944.257080078125], "obj_id": 1}, {"cam_R_m2c": [-0.7645265460014343, 0.2480762004852295, -0.5949429869651794, -0.6061409711837769, 0.03732697293162346, 0.7944808006286621, 0.21929918229579926, 0.9680210947990417, 0.12183177471160889], "cam_t_m2c": [3.786632537841797, -200.9883270263672, 634.6126708984375], "obj_id": 1}, {"cam_R_m2c": [0.1729421764612198, 0.31596413254737854, 0.9328758716583252, -0.8712406754493713, -0.3926820158958435, 0.29451677203178406, 0.45938053727149963, -0.8636938333511353, 0.20736972987651825], "cam_t_m2c": [99.8630142211914, -113.39342498779297, 1017.3309936523438], "obj_id": 3}, {"cam_R_m2c": [-0.9415688514709473, 0.12699072062969208, 0.31196391582489014, -0.19480213522911072, -0.9608963131904602, -0.19680067896842957, 0.27477309107780457, -0.24607262015342712, 0.9294880628585815], "cam_t_m2c": [-11.29659652709961, -286.1959228515625, 801.6650390625], "obj_id": 1}, {"cam_R_m2c": [-0.7942487001419067, 0.5535383224487305, 0.25052741169929504, 0.6069022417068481, 0.7424160838127136, 0.28370401263237, -0.028954513370990753, 0.3773772418498993, -0.9256066679954529], "cam_t_m2c": [70.36239624023438, -458.45269775390625, 910.2454223632812], "obj_id": 1}, {"cam_R_m2c": [-0.005653216037899256, -0.8994675874710083, 0.43695077300071716, 0.884716808795929, -0.20816564559936523, -0.41706475615501404, 0.466094434261322, 0.3842199444770813, 0.7969510555267334], "cam_t_m2c": [142.28428649902344, -1.5484647750854492, 971.6940307617188], "obj_id": 1}, {"cam_R_m2c": [-0.2686566412448883, -0.0078098163940012455, -0.9632042646408081, 0.30795741081237793, 0.9467874765396118, -0.09357210993766785, 0.9126805067062378, -0.32176467776298523, -0.25195562839508057], "cam_t_m2c": [356.2485656738281, -298.27508544921875, 810.5390014648438], "obj_id": 3}, {"cam_R_m2c": [-0.7931463122367859, -0.45499008893966675, 0.40484899282455444, 0.5917786359786987, -0.41865304112434387, 0.6888595223426819, -0.14393295347690582, 0.7859475016593933, 0.6013067364692688], "cam_t_m2c": [167.46392822265625, -343.3989562988281, 724.8761596679688], "obj_id": 1}, {"cam_R_m2c": [0.4523112177848816, 0.8173878788948059, -0.3567796051502228, -0.039705369621515274, 0.41809847950935364, 0.907533586025238, 0.8909758925437927, -0.396321564912796, 0.22156530618667603], "cam_t_m2c": [245.22048950195312, 43.7682991027832, 941.1749267578125], "obj_id": 1}, {"cam_R_m2c": [0.5748646259307861, -0.22528502345085144, 0.786624014377594, -0.507165253162384, -0.8525176644325256, 0.12647965550422668, 0.6421168446540833, -0.47165703773498535, -0.6043390035629272], "cam_t_m2c": [214.21775817871094, -143.2590789794922, 957.5502319335938], "obj_id": 3}, {"cam_R_m2c": [-0.8740819692611694, -0.35761722922325134, 0.3287718594074249, -0.25303640961647034, 0.9129064083099365, 0.3202724754810333, -0.4146728813648224, 0.1967531144618988, -0.8884451985359192], "cam_t_m2c": [-24.838275909423828, -284.5174560546875, 679.5426635742188], "obj_id": 1}, {"cam_R_m2c": [-0.7767418026924133, 0.3388708233833313, -0.5308849215507507, -0.5570892095565796, 0.023557355627417564, 0.8301184773445129, 0.293809175491333, 0.9405379891395569, 0.17048324644565582], "cam_t_m2c": [52.99387741088867, -348.5738525390625, 757.5795288085938], "obj_id": 3}, {"cam_R_m2c": [-0.03702341392636299, -0.9184759855270386, -0.39373984932899475, -0.158745676279068, 0.39441248774528503, -0.9051179885864258, 0.9866250157356262, 0.028993897140026093, -0.16040655970573425], "cam_t_m2c": [-4.985143184661865, -126.3926773071289, 984.8185424804688], "obj_id": 3}, {"cam_R_m2c": [-0.9230366945266724, 0.23055674135684967, 0.30797213315963745, 0.37916049361228943, 0.6806949377059937, 0.6268107295036316, -0.06511963903903961, 0.6953402161598206, -0.7157244086265564], "cam_t_m2c": [109.35858154296875, -175.9032440185547, 880.0719604492188], "obj_id": 3}, {"cam_R_m2c": [0.3792164921760559, 0.6315799355506897, -0.6762407422065735, 0.8855697512626648, -0.03584878146648407, 0.46312078833580017, 0.268255352973938, -0.7744814157485962, -0.572902500629425], "cam_t_m2c": [8.84163761138916, -62.9160270690918, 981.548583984375], "obj_id": 3}, {"cam_R_m2c": [0.1756686121225357, 0.693322479724884, 0.6988878846168518, 0.1478310227394104, -0.7204560041427612, 0.6775609850883484, 0.9732863903045654, -0.015708819031715393, -0.2290559709072113], "cam_t_m2c": [152.49879455566406, -115.71116638183594, 739.3816528320312], "obj_id": 1}, {"cam_R_m2c": [-0.6471199989318848, -0.7075200080871582, -0.283991277217865, 0.7535600066184998, -0.6501169204711914, -0.09744323045015335, -0.11568452417850494, -0.27706193923950195, 0.9538625478744507], "cam_t_m2c": [263.72515869140625, -69.185791015625, 977.1275024414062], "obj_id": 3}, {"cam_R_m2c": [0.15339316427707672, 0.6601329445838928, 0.7353197336196899, -0.027744073420763016, -0.7409559488296509, 0.6709803938865662, 0.9877757430076599, -0.12332460284233093, -0.09534287452697754], "cam_t_m2c": [164.010009765625, -320.936767578125, 913.9593505859375], "obj_id": 3}, {"cam_R_m2c": [-0.6937023401260376, 0.08717983216047287, -0.7149661183357239, 0.39469677209854126, 0.8763464093208313, -0.2761003077030182, 0.6024876236915588, -0.4737263023853302, -0.6423332095146179], "cam_t_m2c": [260.08013916015625, -85.60566711425781, 859.7799072265625], "obj_id": 3}, {"cam_R_m2c": [-0.1684945821762085, -0.0958317443728447, 0.9810329675674438, 0.9634528160095215, -0.22628144919872284, 0.14337101578712463, 0.20825015008449554, 0.9693362712860107, 0.13045667111873627], "cam_t_m2c": [33.46826934814453, -152.96408081054688, 682.4739990234375], "obj_id": 1}, {"cam_R_m2c": [-0.7438416481018066, 0.48185843229293823, 0.4631548225879669, 0.162071093916893, -0.5422495007514954, 0.8244384527206421, 0.6484079957008362, 0.6883155107498169, 0.32525214552879333], "cam_t_m2c": [214.78219604492188, -41.86386489868164, 638.5447998046875], "obj_id": 3}, {"cam_R_m2c": [0.503593921661377, 0.28216904401779175, -0.8165621757507324, -0.7230431437492371, 0.6549732089042664, -0.21958762407302856, 0.4728655517101288, 0.7009926438331604, 0.5338609218597412], "cam_t_m2c": [31.985084533691406, -165.5487823486328, 919.9319458007812], "obj_id": 3}, {"cam_R_m2c": [0.7433100342750549, 0.15683703124523163, 0.6503016948699951, 0.14603766798973083, -0.9867243766784668, 0.07104957848787308, 0.6528117656707764, 0.042156677693128586, -0.7563462853431702], "cam_t_m2c": [181.54832458496094, -318.1763610839844, 850.5055541992188], "obj_id": 1}, {"cam_R_m2c": [-0.23891963064670563, 0.8701446652412415, -0.43100517988204956, -0.718542754650116, 0.14013180136680603, 0.6812189817428589, 0.6531566381454468, 0.472452312707901, 0.5917560458183289], "cam_t_m2c": [200.7678680419922, -49.1756591796875, 770.6766967773438], "obj_id": 1}, {"cam_R_m2c": [0.891451895236969, -0.4465990960597992, -0.07656890898942947, -0.3906968832015991, -0.6720083951950073, -0.6290950775146484, 0.22949834167957306, 0.5907232165336609, -0.7735480070114136], "cam_t_m2c": [120.53266906738281, -82.77974700927734, 636.918212890625], "obj_id": 1}, {"cam_R_m2c": [-0.43450629711151123, 0.7610475420951843, -0.4816751480102539, 0.6308162212371826, 0.6388652920722961, 0.44036582112312317, 0.6428648233413696, -0.11250678449869156, -0.757672131061554], "cam_t_m2c": [93.42189025878906, -320.7030944824219, 1068.5438232421875], "obj_id": 1}, {"cam_R_m2c": [-0.3820481598377228, 0.008419838733971119, -0.9241040945053101, 0.4077547788619995, 0.8988950848579407, -0.16038605570793152, 0.8293222188949585, -0.43808305263519287, -0.34685444831848145], "cam_t_m2c": [203.72512817382812, -62.92605972290039, 582.7265014648438], "obj_id": 1}, {"cam_R_m2c": [0.7211692929267883, -0.3092975616455078, -0.6198789477348328, -0.052727099508047104, -0.9167087078094482, 0.3960621654987335, -0.6907494068145752, -0.2529434561729431, -0.6774105429649353], "cam_t_m2c": [41.576908111572266, -178.02886962890625, 974.950927734375], "obj_id": 3}, {"cam_R_m2c": [-0.35947462916374207, 0.5596458911895752, 0.7467089891433716, 0.8921568989753723, -0.028463253751397133, 0.4508278965950012, 0.2735578119754791, 0.828242838382721, -0.48906004428863525], "cam_t_m2c": [4.508559703826904, -144.38888549804688, 833.9442138671875], "obj_id": 3}, {"cam_R_m2c": [-0.5371472239494324, -0.06366164982318878, -0.8410826921463013, 0.6577174067497253, 0.5926825404167175, -0.46490344405174255, 0.528091549873352, -0.8029162883758545, -0.27648642659187317], "cam_t_m2c": [108.96187591552734, -311.4343566894531, 803.7136840820312], "obj_id": 3}, {"cam_R_m2c": [0.8838101029396057, -0.1568462997674942, 0.44077080488204956, 0.4653310775756836, 0.39225783944129944, -0.7934738397598267, -0.048442356288433075, 0.9063845872879028, 0.41966691613197327], "cam_t_m2c": [10.630074501037598, -382.9368591308594, 872.08935546875], "obj_id": 1}, {"cam_R_m2c": [-0.8430954217910767, -0.028851227834820747, 0.5369893908500671, -0.5020434260368347, 0.4000914692878723, -0.7667328119277954, -0.19272369146347046, -0.916020929813385, -0.3517998158931732], "cam_t_m2c": [140.99562072753906, -126.79090881347656, 842.2398071289062], "obj_id": 3}, {"cam_R_m2c": [0.7677575945854187, 0.010853443294763565, 0.6406484842300415, -0.6392894983291626, -0.054273687303066254, 0.7670484781265259, 0.04309546574950218, -0.9984671473503113, -0.03473054990172386], "cam_t_m2c": [166.60569763183594, -367.91790771484375, 807.6797485351562], "obj_id": 1}, {"cam_R_m2c": [-0.9897345900535583, 0.0029795225709676743, -0.14288628101348877, -0.1288759708404541, -0.4507668912410736, 0.8832893967628479, -0.06177663430571556, 0.8926366567611694, 0.44652366638183594], "cam_t_m2c": [127.41767120361328, -359.34771728515625, 708.7952270507812], "obj_id": 1}, {"cam_R_m2c": [-0.8103023767471313, -0.5586698651313782, 0.17691345512866974, 0.0864454135298729, 0.18463660776615143, 0.9789977669715881, -0.5796012282371521, 0.8085774183273315, -0.1013171598315239], "cam_t_m2c": [224.7647705078125, -182.52088928222656, 889.987548828125], "obj_id": 3}, {"cam_R_m2c": [-0.7433052062988281, 0.5319172739982605, 0.4056614637374878, -0.02737279422581196, 0.5817205905914307, -0.8129279613494873, -0.6683920621871948, -0.6153576970100403, -0.4178358316421509], "cam_t_m2c": [-35.85988998413086, -23.377962112426758, 945.52685546875], "obj_id": 3}, {"cam_R_m2c": [0.8147814869880676, -0.4566650092601776, -0.35719484090805054, -0.5703591704368591, -0.5208170413970947, -0.6351692080497742, 0.10402636975049973, 0.721253514289856, -0.6848151683807373], "cam_t_m2c": [195.18667602539062, 70.81415557861328, 932.1608276367188], "obj_id": 3}, {"cam_R_m2c": [-0.3634011447429657, -0.9172142148017883, 0.16327209770679474, 0.9150233268737793, -0.38434362411499023, -0.12252511084079742, 0.1751343458890915, 0.10487200319766998, 0.9789432287216187], "cam_t_m2c": [224.7101287841797, -356.4886474609375, 713.5697631835938], "obj_id": 1}, {"cam_R_m2c": [0.7757315039634705, 0.15810084342956543, -0.6109375953674316, -0.6070374250411987, -0.07764052599668503, -0.7908713221549988, -0.17247098684310913, 0.9843657612800598, 0.035744938999414444], "cam_t_m2c": [286.3327941894531, -99.3119888305664, 951.1485595703125], "obj_id": 1}, {"cam_R_m2c": [-0.5571237206459045, 0.4764314889907837, 0.6801664233207703, -0.27139317989349365, 0.6696204543113708, -0.6913423538208008, -0.784830629825592, -0.5697556734085083, -0.24376121163368225], "cam_t_m2c": [310.8970947265625, -91.46363830566406, 950.9960327148438], "obj_id": 3}, {"cam_R_m2c": [0.45416831970214844, -0.14775361120700836, 0.8785784244537354, -0.5264505743980408, -0.840074360370636, 0.13086271286010742, 0.7187356948852539, -0.5219617486000061, -0.45932015776634216], "cam_t_m2c": [59.40354537963867, -123.49624633789062, 869.9158935546875], "obj_id": 3}, {"cam_R_m2c": [0.04821048676967621, 0.9733600616455078, -0.2241554856300354, -0.2657942771911621, 0.22882682085037231, 0.9364782571792603, 0.9628233909606934, 0.014431281015276909, 0.26974549889564514], "cam_t_m2c": [34.87251663208008, -340.8446960449219, 1101.5606689453125], "obj_id": 3}, {"cam_R_m2c": [-0.18907099962234497, -0.06952878087759018, -0.9794987440109253, 0.9797159433364868, -0.08080439269542694, -0.18337716162204742, -0.06639786809682846, -0.9943019151687622, 0.0833963006734848], "cam_t_m2c": [5.4405293464660645, -152.6224822998047, 1023.991943359375], "obj_id": 3}, {"cam_R_m2c": [0.6606563925743103, -0.35059672594070435, 0.6637884378433228, 0.5765376687049866, 0.8032675981521606, -0.14955107867717743, -0.4807676374912262, 0.48150089383125305, 0.7328160405158997], "cam_t_m2c": [286.5904846191406, -346.82257080078125, 791.4290161132812], "obj_id": 3}, {"cam_R_m2c": [0.12332471460103989, 0.9794476628303528, 0.1596035361289978, -0.9834946393966675, 0.1420886367559433, -0.11202249675989151, -0.13239802420139313, -0.1431540846824646, 0.9808046221733093], "cam_t_m2c": [127.59156799316406, -262.74920654296875, 926.2785034179688], "obj_id": 3}, {"cam_R_m2c": [-0.7635508179664612, -0.6166286468505859, 0.19172702729701996, -0.599534809589386, 0.5666407346725464, -0.5652223825454712, 0.23989194631576538, -0.5465230345726013, -0.8023492693901062], "cam_t_m2c": [184.7423095703125, -335.4734802246094, 681.1136474609375], "obj_id": 3}, {"cam_R_m2c": [-0.6743168830871582, -0.40830352902412415, 0.6152922511100769, 0.7289281487464905, -0.2347240149974823, 0.6430926322937012, -0.11815306544303894, 0.882152259349823, 0.4559025466442108], "cam_t_m2c": [252.2793426513672, -225.87254333496094, 1026.013671875], "obj_id": 1}, {"cam_R_m2c": [0.010086573660373688, -0.23654086887836456, 0.9715691208839417, -0.9981977343559265, -0.059862133115530014, -0.0042112176306545734, 0.05915636196732521, -0.9697756767272949, -0.2367183268070221], "cam_t_m2c": [322.90838623046875, -271.5605163574219, 689.5560913085938], "obj_id": 3}, {"cam_R_m2c": [0.8294118046760559, 0.35451728105545044, -0.4317331612110138, -0.4440644681453705, 0.88730388879776, -0.12449304759502411, 0.33894357085227966, 0.29497337341308594, 0.8933688998222351], "cam_t_m2c": [124.7188720703125, -299.219970703125, 863.8369140625], "obj_id": 1}, {"cam_R_m2c": [0.385530024766922, -0.4479239284992218, 0.8066788911819458, -0.6969718933105469, 0.4315372109413147, 0.5727180242538452, -0.6046461462974548, -0.7830324769020081, -0.14581982791423798], "cam_t_m2c": [3.8332300186157227, -171.47096252441406, 1009.2474365234375], "obj_id": 3}, {"cam_R_m2c": [-0.09166597574949265, -0.17542678117752075, -0.9802156686782837, 0.6113283634185791, -0.7869417071342468, 0.08366794139146805, -0.7860502004623413, -0.5915641784667969, 0.1793791800737381], "cam_t_m2c": [-7.3989715576171875, -273.8963623046875, 730.2442626953125], "obj_id": 3}, {"cam_R_m2c": [-0.3090490698814392, 0.8170498609542847, -0.4867422580718994, -0.40126585960388184, 0.3519892692565918, 0.8456294536590576, 0.862249493598938, 0.4566541612148285, 0.2190723419189453], "cam_t_m2c": [31.14954948425293, -275.7068176269531, 706.6759033203125], "obj_id": 1}, {"cam_R_m2c": [-0.9076722860336304, -0.03045002743601799, 0.41857361793518066, -0.32817524671554565, -0.5701808333396912, -0.75312340259552, 0.2615952789783478, -0.820954740