{
  "0": [{"cam_R_m2c": [0.5268677473068237, -0.846494197845459, -0.07653674483299255, -0.6589409708976746, -0.34992942214012146, -0.6658422946929932, 0.5368492007255554, 0.40124401450157166, -0.7421562075614929], "cam_t_m2c": [-8.195547103881836, -3.0619678497314453, 336.1588439941406], "obj_id": 1}, {"cam_R_m2c": [0.5268677473068237, -0.846494197845459, -0.07653674483299255, -0.6589409708976746, -0.34992942214012146, -0.6658422946929932, 0.5368492007255554, 0.40124401450157166, -0.7421562075614929], "cam_t_m2c": [-8.195547103881836, -3.0619678497314453, 336.1588439941406], "obj_id": 2}, {"cam_R_m2c": [0.5268677473068237, -0.846494197845459, -0.07653674483299255, -0.6589409708976746, -0.34992942214012146, -0.6658422946929932, 0.5368492007255554, 0.40124401450157166, -0.7421562075614929], "cam_t_m2c": [-8.195547103881836, -3.0619678497314453, 336.1588439941406], "obj_id": 3}, {"cam_R_m2c": [0.5268677473068237, -0.846494197845459, -0.07653674483299255, -0.6589409708976746, -0.34992942214012146, -0.6658422946929932, 0.5368492007255554, 0.40124401450157166, -0.7421562075614929], "cam_t_m2c": [-8.195547103881836, -3.0619678497314453, 336.1588439941406], "obj_id": 0}, {"cam_R_m2c": [0.5268677473068237, -0.846494197845459, -0.07653674483299255, -0.6589409708976746, -0.34992942214012146, -0.6658422946929932, 0.5368492007255554, 0.40124401450157166, -0.7421562075614929], "cam_t_m2c": [-8.195547103881836, -3.0619678497314453, 336.1588439941406], "obj_id": 2}, {"cam_R_m2c": [0.5268677473068237, -0.846494197845459, -0.07653674483299255, -0.6589409708976746, -0.34992942214012146, -0.6658422946929932, 0.5368492007255554, 0.40124401450157166, -0.7421562075614929], "cam_t_m2c": [-8.195547103881836, -3.0619678497314453, 336.1588439941406], "obj_id": 3}, {"cam_R_m2c": [0.5268677473068237, -0.846494197845459, -0.07653674483299255, -0.6589409708976746, -0.34992942214012146, -0.6658422946929932, 0.5368492007255554, 0.40124401450157166, -0.7421562075614929], "cam_t_m2c": [-8.195547103881836, -3.0619678497314453, 336.1588439941406], "obj_id": 0}, {"cam_R_m2c": [0.5268677473068237, -0.846494197845459, -0.07653674483299255, -0.6589409708976746, -0.34992942214012146, -0.6658422946929932, 0.5368492007255554, 0.40124401450157166, -0.7421562075614929], "cam_t_m2c": [-8.195547103881836, -3.0619678497314453, 336.1588439941406], "obj_id": 1}, {"cam_R_m2c": [0.5268677473068237, -0.846494197845459, -0.07653674483299255, -0.6589409708976746, -0.34992942214012146, -0.6658422946929932, 0.5368492007255554, 0.40124401450157166, -0.7421562075614929], "cam_t_m2c": [-8.195547103881836, -3.0619678497314453, 336.1588439941406], "obj_id": 0}, {"cam_R_m2c": [0.5268677473068237, -0.846494197845459, -0.07653674483299255, -0.6589409708976746, -0.34992942214012146, -0.6658422946929932, 0.5368492007255554, 0.40124401450157166, -0.7421562075614929], "cam_t_m2c": [-8.195547103881836, -3.0619678497314453, 336.1588439941406], "obj_id": 3}, {"cam_R_m2c": [0.5268677473068237, -0.846494197845459, -0.07653674483299255, -0.6589409708976746, -0.34992942214012146, -0.6658422946929932, 0.5368492007255554, 0.40124401450157166, -0.7421562075614929], "cam_t_m2c": [-8.195547103881836, -3.0619678497314453, 336.1588439941406], "obj_id": 3}, {"cam_R_m2c": [0.5268677473068237, -0.846494197845459, -0.07653674483299255, -0.6589409708976746, -0.34992942214012146, -0.6658422946929932, 0.5368492007255554, 0.40124401450157166, -0.7421562075614929], "cam_t_m2c": [-8.195547103881836, -3.0619678497314453, 336.1588439941406], "obj_id": 2}, {"cam_R_m2c": [0.5268677473068237, -0.846494197845459, -0.07653674483299255, -0.6589409708976746, -0.34992942214012146, -0.6658422946929932, 0.5368492007255554, 0.40124401450157166, -0.7421562075614929], "cam_t_m2c": [-8.195547103881836, -3.0619678497314453, 336.1588439941406], "obj_id": 3}, {"cam_R_m2c": [0.5268677473068237, -0.846494197845459, -0.07653674483299255, -0.6589409708976746, -0.34992942214012146, -0.6658422946929932, 0.5368492007255554, 0.40124401450157166, -0.7421562075614929], "cam_t_m2c": [-8.195547103881836, -3.0619678497314453, 336.1588439941406], "obj_id": 0}, {"cam_R_m2c": [0.5268677473068237, -0.846494197845459, -0.07653674483299255, -0.6589409708976746, -0.34992942214012146, -0.6658422946929932, 0.5368492007255554, 0.40124401450157166, -0.7421562075614929], "cam_t_m2c": [-8.195547103881836, -3.0619678497314453, 336.1588439941406], "obj_id": 2}, {"cam_R_m2c": [0.5268677473068237, -0.846494197845459, -0.07653674483299255, -0.6589409708976746, -0.34992942214012146, -0.6658422946929932, 0.5368492007255554, 0.40124401450157166, -0.7421562075614929], "cam_t_m2c": [-8.195547103881836, -3.0619678497314453, 336.1588439941406], "obj_id": 0}, {"cam_R_m2c": [0.5268677473068237, -0.846494197845459, -0.07653674483299255, -0.6589409708976746, -0.34992942214012146, -0.6658422946929932, 0.5368492007255554, 0.40124401450157166, -0.7421562075614929], "cam_t_m2c": [-8.195547103881836, -3.0619678497314453, 336.1588439941406], "obj_id": 3}, {"cam_R_m2c": [0.5268677473068237, -0.846494197845459, -0.07653674483299255, -0.6589409708976746, -0.34992942214012146, -0.6658422946929932, 0.5368492007255554, 0.40124401450157166, -0.7421562075614929], "cam_t_m2c": [-8.195547103881836, -3.0619678497314453, 336.1588439941406], "obj_id": 3}, {"cam_R_m2c": [0.5268677473068237, -0.846494197845459, -0.07653674483299255, -0.6589409708976746, -0.34992942214012146, -0.6658422946929932, 0.5368492007255554, 0.40124401450157166, -0.7421562075614929], "cam_t_m2c": [-8.195547103881836, -3.0619678497314453, 336.1588439941406], "obj_id": 1}, {"cam_R_m2c": [0.5268677473068237, -0.846494197845459, -0.07653674483299255, -0.6589409708976746, -0.34992942214012146, -0.6658422946929932, 0.5368492007255554, 0.40124401450157166, -0.7421562075614929], "cam_t_m2c": [-8.195547103881836, -3.0619678497314453, 336.1588439941406], "obj_id": 2}, {"cam_R_m2c": [0.5268677473068237, -0.846494197845459, -0.07653674483299255, -0.6589409708976746, -0.34992942214012146, -0.6658422946929932, 0.5368492007255554, 0.40124401450157166, -0.7421562075614929], "cam_t_m2c": [-8.195547103881836, -3.0619678497314453, 336.1588439941406], "obj_id": 0}, {"cam_R_m2c": [0.5268677473068237, -0.846494197845459, -0.07653674483299255, -0.6589409708976746, -0.34992942214012146, -0.6658422946929932, 0.5368492007255554, 0.40124401450157166, -0.7421562075614929], "cam_t_m2c": [-8.195547103881836, -3.0619678497314453, 336.1588439941406], "obj_id": 2}, {"cam_R_m2c": [0.5268677473068237, -0.846494197845459, -0.07653674483299255, -0.6589409708976746, -0.34992942214012146, -0.6658422946929932, 0.5368492007255554, 0.40124401450157166, -0.7421562075614929], "cam_t_m2c": [-8.195547103881836, -3.0619678497314453, 336.1588439941406], "obj_id": 1}, {"cam_R_m2c": [0.5268677473068237, -0.846494197845459, -0.07653674483299255, -0.6589409708976746, -0.34992942214012146, -0.6658422946929932, 0.5368492007255554, 0.40124401450157166, -0.7421562075614929], "cam_t_m2c": [-8.195547103881836, -3.0619678497314453, 336.1588439941406], "obj_id": 2}, {"cam_R_m2c": [0.49394336342811584, 0.6769686937332153, 0.5456494092941284, 0.7779781818389893, -0.6243409514427185, 0.07034225761890411, 0.3882908523082733, 0.38975828886032104, -0.835055947303772], "cam_t_m2c": [145.295166015625, -74.37627410888672, 337.21734619140625], "obj_id": 1}, {"cam_R_m2c": [-0.768110990524292, -0.6111136078834534, -0.19116917252540588, 0.23742517828941345, -0.5490927696228027, 0.8013278841972351, -0.5946719646453857, 0.5701203942298889, 0.5668579936027527], "cam_t_m2c": [-6.719604015350342, -122.99359893798828, 389.9488525390625], "obj_id": 3}, {"cam_R_m2c": [-0.7492337226867676, 0.4044455587863922, -0.5244734287261963, 0.6553990840911865, 0.5668209791183472, -0.49916529655456543, 0.09539732336997986, -0.7177309393882751, -0.6897546052932739], "cam_t_m2c": [141.67767333984375, 171.38385009765625, 88.71128845214844], "obj_id": 1}, {"cam_R_m2c": [0.4294181168079376, -0.8814998269081116, -0.19636209309101105, -0.4242944121360779, -0.004982066340744495, -0.9055105447769165, 0.7972291111946106, 0.47215792536735535, -0.3761548399925232], "cam_t_m2c": [-39.92102813720703, -155.39654541015625, 444.8537902832031], "obj_id": 3}, {"cam_R_m2c": [-0.3611421585083008, -0.7513087391853333, -0.5523689389228821, 0.8458718061447144, -0.014593576081097126, -0.5331865549087524, 0.39252668619155884, -0.6597894430160522, 0.6407812833786011], "cam_t_m2c": [65.73969268798828, -319.3725891113281, 564.7359008789062], "obj_id": 0}, {"cam_R_m2c": [-0.8207584023475647, 0.5342017412185669, -0.20244506001472473, -0.1374860256910324, -0.5286672711372375, -0.8376206755638123, -0.554484486579895, -0.6596509218215942, 0.5073534846305847], "cam_t_m2c": [649.7083129882812, 5316.96875, 6240.19580078125], "obj_id": 1}, {"cam_R_m2c": [-0.044143255800008774, 0.8293502330780029, 0.5569825768470764, 0.8710129261016846, -0.24109825491905212, 0.4280281960964203, 0.489272803068161, 0.5040335655212402, -0.7117318511009216], "cam_t_m2c": [-15.941880226135254, 69.00216674804688, 285.1064453125], "obj_id": 2}, {"cam_R_m2c": [-0.06815994530916214, -0.45466628670692444, 0.8880499601364136, -0.6751019358634949, 0.6763978004455566, 0.2944883108139038, -0.7345689535140991, -0.5794519186019897, -0.35304930806159973], "cam_t_m2c": [-149.25521850585938, 203.16220092773438, 175.3543243408203], "obj_id": 0}]
}