{
  "0": [{"cam_R_m2c": [-0.5834598541259766, -0.48724204301834106, 0.6497457027435303, 0.7022098302841187, -0.7045968770980835, 0.10219699144363403, 0.4080142378807068, 0.5158857703208923, 0.7532504200935364], "cam_t_m2c": [-4.108987808227539, -96.95845794677734, 484.8682861328125], "obj_id": 0}, {"cam_R_m2c": [-0.1901017129421234, 0.019809702411293983, -0.9815645813941956, -0.9403930902481079, -0.2908504605293274, 0.17625804245471954, -0.28199684619903564, 0.9565634727478027, 0.07392002642154694], "cam_t_m2c": [-175.09609985351562, -77.36270904541016, 291.19915771484375], "obj_id": 1}, {"cam_R_m2c": [-0.23674754798412323, 0.8810305595397949, 0.4095555543899536, 0.8867537975311279, 0.023690152913331985, 0.4616346061229706, 0.39701175689697266, 0.47246578335762024, -0.786865770816803], "cam_t_m2c": [126.17342376708984, -3.9362945556640625, 405.5291748046875], "obj_id": 0}, {"cam_R_m2c": [-0.8459228873252869, 0.5165514945983887, -0.13262324035167694, -0.1547752022743225, 0.00018819580145645887, 0.9879496693611145, 0.510351836681366, 0.8562560677528381, 0.07979023456573486], "cam_t_m2c": [-46.691219329833984, 56.88580322265625, 234.03060913085938], "obj_id": 1}, {"cam_R_m2c": [0.6148660778999329, -0.7340408563613892, 0.2883118689060211, 0.5105685591697693, 0.6491430401802063, 0.5638554692268372, -0.6010485887527466, -0.19949261844158173, 0.7739142179489136], "cam_t_m2c": [141.71282958984375, 64.78250122070312, 234.547607421875], "obj_id": 3}, {"cam_R_m2c": [0.12744677066802979, -0.9916636943817139, -0.018983498215675354, -0.9481326937675476, -0.12742698192596436, 0.2912159264087677, -0.29120728373527527, -0.01911565102636814, -0.956468939781189], "cam_t_m2c": [-4.2855730056762695, 65.72217559814453, 200.33863830566406], "obj_id": 0}, {"cam_R_m2c": [0.28413280844688416, -0.5407765507698059, 0.7917253375053406, -0.7843867540359497, 0.34376099705696106, 0.5162999033927917, -0.5513671040534973, -0.7677167057991028, -0.3265042006969452], "cam_t_m2c": [299.55548095703125, 226.64425659179688, 193.25856018066406], "obj_id": 0}, {"cam_R_m2c": [0.3878108561038971, -0.920287549495697, 0.05170605331659317, -0.08667340874671936, -0.09225697070360184, -0.9919557571411133, 0.917654812335968, 0.38020962476730347, -0.11554268002510071], "cam_t_m2c": [148.5070037841797, 29.721776962280273, 454.66241455078125], "obj_id": 3}, {"cam_R_m2c": [0.7563804984092712, 0.6228572726249695, -0.19984330236911774, 0.19862182438373566, 0.07239682227373123, 0.9773986339569092, 0.6232478618621826, -0.7789784669876099, -0.0689535066485405], "cam_t_m2c": [-132.2681121826172, -78.39331817626953, 293.29876708984375], "obj_id": 3}, {"cam_R_m2c": [0.478055477142334, 0.16576938331127167, -0.8625447154045105, -0.870805561542511, -0.03881169483065605, -0.4900929927825928, -0.11471931636333466, 0.9854004383087158, 0.12579882144927979], "cam_t_m2c": [-209.52145385742188, -127.88935089111328, 254.2920684814453], "obj_id": 2}, {"cam_R_m2c": [-0.6905217170715332, 0.6474273800849915, -0.3225176930427551, -0.13734681904315948, -0.5551421642303467, -0.8203372359275818, -0.7101519107818604, -0.5221638083457947, 0.4722597002983093], "cam_t_m2c": [-7.772716045379639, -57.344661712646484, 529.0684204101562], "obj_id": 3}, {"cam_R_m2c": [0.6952809691429138, -0.502947211265564, -0.513447642326355, -0.7187375426292419, -0.4874091148376465, -0.49583134055137634, -0.0008820572984404862, 0.713776171207428, -0.7003732919692993], "cam_t_m2c": [-75.81482696533203, -120.36257934570312, 393.8791198730469], "obj_id": 1}, {"cam_R_m2c": [-0.44590136408805847, 0.8900049328804016, -0.09519943594932556, 0.8537692427635193, 0.4548477828502655, 0.253360390663147, 0.2687932550907135, 0.0316954143345356, -0.9626761078834534], "cam_t_m2c": [173.10911560058594, 140.7009735107422, 265.10711669921875], "obj_id": 2}, {"cam_R_m2c": [-0.7644408345222473, 0.33300885558128357, -0.552028238773346, -0.6151401996612549, -0.12048092484474182, 0.7791577577590942, 0.1929575502872467, 0.9351948499679565, 0.29694774746894836], "cam_t_m2c": [-195.802001953125, -86.23351287841797, 411.8891906738281], "obj_id": 1}, {"cam_R_m2c": [-0.19064737856388092, 0.6847769618034363, -0.7033734321594238, 0.805345356464386, 0.5188080668449402, 0.28680485486984253, 0.5613132119178772, -0.5117799639701843, -0.6503913998603821], "cam_t_m2c": [96.7551498413086, 108.18274688720703, 250.85678100585938], "obj_id": 1}, {"cam_R_m2c": [-0.4459027051925659, 0.18177282810211182, -0.8764298558235168, 0.8537678122520447, 0.3804197609424591, -0.3554733097553253, 0.26879584789276123, -0.9067741632461548, -0.32482194900512695], "cam_t_m2c": [-174.17266845703125, -46.44159698486328, 283.42523193359375], "obj_id": 2}, {"cam_R_m2c": [-0.2907695770263672, 0.8230918645858765, 0.4878246486186981, -0.002906843787059188, 0.5090915560722351, -0.8607074618339539, -0.9567887187004089, -0.25168555974960327, -0.145635724067688], "cam_t_m2c": [59.02951431274414, -0.15993253886699677, 185.21815490722656], "obj_id": 1}, {"cam_R_m2c": [0.15541952848434448, -0.9111688137054443, 0.3815966844558716, -0.8907243609428406, 0.03777192905545235, 0.45297157764434814, -0.42714723944664, -0.41029810905456543, -0.8057298064231873], "cam_t_m2c": [117.95419311523438, 13.252604484558105, 495.371826171875], "obj_id": 0}, {"cam_R_m2c": [-0.4458995461463928, 0.8216890692710876, -0.3549656867980957, 0.8537715673446655, 0.5095338225364685, 0.10700193047523499, 0.2687893509864807, -0.25534749031066895, -0.9287356734275818], "cam_t_m2c": [71.19376373291016, -13.381781578063965, 511.0382385253906], "obj_id": 2}, {"cam_R_m2c": [0.7180922627449036, -0.6925055980682373, 0.0691337063908577, 0.16184088587760925, 0.06955042481422424, -0.9843628406524658, 0.6768684983253479, 0.7180520296096802, 0.16201935708522797], "cam_t_m2c": [142.2585906982422, 117.1520767211914, 80.7916259765625], "obj_id": 3}, {"cam_R_m2c": [0.22439885139465332, -0.740997850894928, 0.6329038739204407, -0.09586302191019058, -0.6631020903587341, -0.7423650026321411, 0.9697707891464233, 0.10591375082731247, -0.2198335826396942], "cam_t_m2c": [-167.96031188964844, -183.75418090820312, 391.8157653808594], "obj_id": 1}, {"cam_R_m2c": [0.26472610235214233, -0.6664882302284241, -0.6969314813613892, -0.9433833360671997, -0.3287842273712158, -0.043917328119277954, -0.19986972212791443, 0.6690996289253235, -0.715791642665863], "cam_t_m2c": [-191.43751525878906, -31.332958221435547, 174.36114501953125], "obj_id": 0}, {"cam_R_m2c": [-0.7988409996032715, -0.39967986941337585, 0.4495650827884674, 0.015699774026870728, 0.7332472205162048, 0.6797808408737183, -0.6013370752334595, 0.5500949621200562, -0.5794730186462402], "cam_t_m2c": [22.726964950561523, -19.04635238647461, 305.5834655761719], "obj_id": 3}, {"cam_R_m2c": [-0.4539853036403656, -0.3761427104473114, -0.8077215552330017, 0.8604096174240112, 0.050462473183870316, -0.5070984959602356, 0.23150105774402618, -0.9251866340637207, 0.300727516412735], "cam_t_m2c": [-42.916378021240234, -166.8610382080078, 642.5621337890625], "obj_id": 0}, {"cam_R_m2c": [0.584231436252594, 0.42854824662208557, 0.6892169713973999, -0.6246162056922913, 0.7796520590782166, 0.04469117522239685, -0.5181970596313477, -0.45660606026649475, 0.7231754064559937], "cam_t_m2c": [38.8069953918457, 20.01564598083496, 196.45611572265625], "obj_id": 2}]
}