{
  "0": [{"cam_R_m2c": [-0.11898743361234665, -0.05124674364924431, -0.9915723204612732, -0.9463819265365601, 0.3079378306865692, 0.09764973819255829, 0.30033838748931885, 0.9500252604484558, -0.085139699280262], "cam_t_m2c": [-257.4632568359375, -59.32036209106445, 943.9895629882812], "obj_id": 3}, {"cam_R_m2c": [-0.948350191116333, 0.1040530726313591, -0.2996741235256195, 0.3131978213787079, 0.1570742130279541, -0.936608076095581, -0.05038589984178543, -0.9820898771286011, -0.18155045807361603], "cam_t_m2c": [-138.8461151123047, 156.33111572265625, 773.952392578125], "obj_id": 3}, {"cam_R_m2c": [-0.27058443427085876, 0.6962757110595703, 0.6648189425468445, -0.5335666537284851, -0.6832743883132935, 0.4984402656555176, 0.8013055920600891, -0.21985505521297455, 0.5563929677009583], "cam_t_m2c": [34.701324462890625, 56.32786178588867, 835.9122314453125], "obj_id": 3}, {"cam_R_m2c": [-0.47306028008461, 0.26173630356788635, -0.8412537574768066, 0.8742290139198303, 0.021038668230175972, -0.4850575923919678, -0.10925838351249695, -0.9649100303649902, -0.23876997828483582], "cam_t_m2c": [-197.162109375, 165.80210876464844, 780.208984375], "obj_id": 3}, {"cam_R_m2c": [0.8800808787345886, -0.47323596477508545, -0.03879944235086441, -0.003856802359223366, -0.08883527666330338, 0.9960388541221619, -0.4748081862926483, -0.8764451146125793, -0.080007404088974], "cam_t_m2c": [-318.0316467285156, 182.42527770996094, 859.6494750976562], "obj_id": 3}, {"cam_R_m2c": [0.9081295132637024, -0.28814423084259033, 0.30376583337783813, -0.40101245045661926, -0.39000654220581055, 0.8289051651954651, -0.12037356942892075, -0.8745671510696411, -0.4697258770465851], "cam_t_m2c": [-220.907958984375, 44.36130142211914, 1075.4376220703125], "obj_id": 3}, {"cam_R_m2c": [0.1536685973405838, -0.9018358588218689, 0.40382909774780273, -0.2190123200416565, -0.42960384488105774, -0.8760559558868408, 0.9635452628135681, 0.04617871716618538, -0.2635297477245331], "cam_t_m2c": [-162.16188049316406, -57.948402404785156, 1096.8394775390625], "obj_id": 3}, {"cam_R_m2c": [-0.01559929084032774, 0.6561377048492432, 0.7544798254966736, 0.36836642026901245, -0.6977259516716003, 0.6143976449966431, 0.9295497536659241, 0.2875092625617981, -0.23081497848033905], "cam_t_m2c": [-258.1722106933594, -81.0006332397461, 980.8167114257812], "obj_id": 3}, {"cam_R_m2c": [-0.3013959228992462, -0.949431300163269, -0.08798005431890488, 0.9450279474258423, -0.2851718068122864, -0.15999698638916016, 0.12681671977043152, -0.1313660740852356, 0.9831889271736145], "cam_t_m2c": [-162.6657257080078, 164.87356567382812, 703.0643310546875], "obj_id": 3}, {"cam_R_m2c": [-0.4293513298034668, 0.878670871257782, 0.20879419147968292, 0.8359183073043823, 0.4741509258747101, -0.2764444053173065, -0.34190359711647034, 0.055843111127614975, -0.9380744099617004], "cam_t_m2c": [-116.25563049316406, 136.00352478027344, 837.3412475585938], "obj_id": 3}, {"cam_R_m2c": [0.7977511286735535, 0.014585680328309536, -0.6028103828430176, 0.5867995023727417, -0.24886301159858704, 0.7705408334732056, -0.1387784630060196, -0.9684286713600159, -0.20708957314491272], "cam_t_m2c": [49.616939544677734, 57.97447204589844, 1056.5809326171875], "obj_id": 3}, {"cam_R_m2c": [0.3659924566745758, -0.6847296357154846, 0.6302340030670166, -0.5852068662643433, -0.695904016494751, -0.4162338972091675, 0.7235900163650513, -0.21647877991199493, -0.6554041504859924], "cam_t_m2c": [-165.3961944580078, 29.618432998657227, 1055.9949951171875], "obj_id": 3}, {"cam_R_m2c": [-0.93985915184021, -0.0705048218369484, 0.33420610427856445, -0.09077255427837372, -0.8917200565338135, -0.44339102506637573, 0.32927951216697693, -0.4470618963241577, 0.8316914439201355], "cam_t_m2c": [-228.4838104248047, -141.33453369140625, 1099.2056884765625], "obj_id": 3}, {"cam_R_m2c": [0.3308459520339966, 0.42876753211021423, 0.8406540751457214, 0.6088539958000183, -0.7775939106941223, 0.15698513388633728, 0.72099769115448, 0.4598977565765381, -0.5183205604553223], "cam_t_m2c": [-283.40386962890625, -174.8143768310547, 1054.4539794921875], "obj_id": 3}, {"cam_R_m2c": [-0.18489928543567657, 0.9783841967582703, 0.09260957688093185, -0.9176389575004578, -0.13814777135849, -0.37263092398643494, -0.3517824113368988, -0.15388137102127075, 0.923346996307373], "cam_t_m2c": [-43.610939025878906, 42.75252151489258, 1068.51318359375], "obj_id": 3}, {"cam_R_m2c": [-0.7930966019630432, 0.4813516438007355, -0.3732272684574127, 0.5997264385223389, 0.5100568532943726, -0.6165794730186462, -0.10642440617084503, -0.712841272354126, -0.6932036876678467], "cam_t_m2c": [-144.9070587158203, 165.9471435546875, 1084.9229736328125], "obj_id": 3}, {"cam_R_m2c": [-0.9986708164215088, -0.050071269273757935, 0.012230089865624905, 0.04621759057044983, -0.9749506711959839, -0.2175666093826294, 0.022817570716142654, -0.21671216189861298, 0.9759688377380371], "cam_t_m2c": [-58.91595458984375, 7.185652732849121, 740.5673217773438], "obj_id": 3}, {"cam_R_m2c": [0.24890828132629395, 0.5234801769256592, 0.8148699998855591, 0.8955391049385071, 0.1960267424583435, -0.39947864413261414, -0.36885544657707214, 0.8291814923286438, -0.420004278421402], "cam_t_m2c": [-150.38955688476562, -106.98548126220703, 1028.2393798828125], "obj_id": 3}, {"cam_R_m2c": [-0.0076214345172047615, 0.9825072288513184, 0.18606805801391602, -0.3760983943939209, 0.1695946753025055, -0.9109267592430115, -0.9265483021736145, -0.07692252099514008, 0.36822691559791565], "cam_t_m2c": [-16.04070472717285, 124.19673919677734, 711.8712768554688], "obj_id": 3}, {"cam_R_m2c": [0.6389049887657166, 0.5768625736236572, -0.508949875831604, 0.7491891384124756, -0.31634610891342163, 0.5819284915924072, 0.174688458442688, -0.7530967593193054, -0.6342942714691162], "cam_t_m2c": [-52.98677444458008, -151.15855407714844, 748.5230102539062], "obj_id": 3}, {"cam_R_m2c": [0.5074360966682434, 0.608026385307312, 0.6105836629867554, 0.6006693243980408, -0.7576472759246826, 0.2552776634693146, 0.6178227066993713, 0.23722179234027863, -0.7496803402900696], "cam_t_m2c": [-299.5926208496094, 163.94891357421875, 717.2686767578125], "obj_id": 3}, {"cam_R_m2c": [0.8429783582687378, 0.36675092577934265, -0.3935495615005493, 0.28894153237342834, -0.9257761836051941, -0.2438264638185501, -0.45376238226890564, 0.09182761609554291, -0.8863788843154907], "cam_t_m2c": [1.2772175073623657, -88.2398910522461, 879.8685913085938], "obj_id": 3}, {"cam_R_m2c": [-0.45767977833747864, -0.31969839334487915, -0.8296518325805664, 0.6970245838165283, -0.7083135843276978, -0.111573725938797, -0.5519837141036987, -0.6293527483940125, 0.5470184087753296], "cam_t_m2c": [-153.119140625, -87.65298461914062, 1118.66845703125], "obj_id": 3}, {"cam_R_m2c": [0.4933796525001526, 0.5392573475837708, 0.6824793219566345, 0.31916117668151855, 0.61766117811203, -0.7187703251838684, -0.8091431260108948, 0.5724475383758545, 0.13263143599033356], "cam_t_m2c": [-220.12705993652344, -23.84252166748047, 1114.9788818359375], "obj_id": 3}, {"cam_R_m2c": [0.9019291996955872, 0.42938506603240967, 0.046391986310482025, -0.042374588549137115, 0.19488073885440826, -0.979911208152771, -0.4298001229763031, 0.881844699382782, 0.1939636468887329], "cam_t_m2c": [-175.2068634033203, -105.45185089111328, 1061.127197265625], "obj_id": 3}, {"cam_R_m2c": [0.7527444958686829, 0.5223276615142822, -0.4006863832473755, 0.07715199142694473, -0.6744580864906311, -0.7342709302902222, -0.653776228427887, 0.5218046307563782, -0.5479931831359863], "cam_t_m2c": [-290.9434509277344, 6.922224521636963, 729.1022338867188], "obj_id": 3}, {"cam_R_m2c": [0.05119473114609718, 0.2590596675872803, -0.9645035266876221, 0.841930627822876, -0.5306414365768433, -0.09783834218978882, -0.537151575088501, -0.8070363402366638, -0.24527625739574432], "cam_t_m2c": [-66.50547790527344, -108.27911376953125, 911.5025634765625], "obj_id": 3}, {"cam_R_m2c": [0.8399751782417297, 0.46282875537872314, -0.2832511365413666, 0.5352866053581238, -0.7923205494880676, 0.29273921251296997, -0.08893758803606033, -0.3975142240524292, -0.9132756590843201], "cam_t_m2c": [75.11383819580078, 19.06441879272461, 747.2826538085938], "obj_id": 3}, {"cam_R_m2c": [-0.8642147183418274, 0.23001059889793396, -0.4474683403968811, 0.1423579901456833, -0.7412469387054443, -0.6559627056121826, -0.48256292939186096, -0.6305933594703674, 0.6078527569770813], "cam_t_m2c": [84.72272491455078, 30.226436614990234, 1095.578857421875], "obj_id": 1}, {"cam_R_m2c": [0.6719526648521423, 0.43485578894615173, 0.5994831323623657, -0.5718767046928406, -0.20966173708438873, 0.7930943369865417, 0.47057047486305237, -0.8757522702217102, 0.10780123621225357], "cam_t_m2c": [-271.6393737792969, 112.88973999023438, 852.2449951171875], "obj_id": 1}, {"cam_R_m2c": [0.34987571835517883, -0.7668561339378357, -0.5380692481994629, 0.3628130257129669, 0.6404690742492676, -0.6768796443939209, 0.8636860251426697, 0.04160517826676369, 0.502310037612915], "cam_t_m2c": [-220.11415100097656, -124.29627227783203, 973.68017578125], "obj_id": 1}, {"cam_R_m2c": [0.07512058317661285, 0.8028621673583984, 0.5914128422737122, -0.0984778180718422, 0.5961624979972839, -0.7968013286590576, -0.9922997951507568, 0.0016150971641764045, 0.12384820729494095], "cam_t_m2c": [-302.723876953125, 94.8729476928711, 739.5684204101562], "obj_id": 1}, {"cam_R_m2c": [-0.0017279520398005843, 0.3305562138557434, -0.9437847137451172, -0.986443042755127, -0.15543410181999207, -0.05263400822877884, -0.16409485042095184, 0.930898904800415, 0.32634350657463074], "cam_t_m2c": [61.89863586425781, -21.773866653442383, 1108.3951416015625], "obj_id": 1}, {"cam_R_m2c": [0.5863975882530212, -0.2873023748397827, 0.7573606967926025, -0.5570429563522339, 0.5357770919799805, 0.6345439553260803, -0.588082492351532, -0.7939774394035339, 0.15413865447044373], "cam_t_m2c": [80.73247528076172, -154.01121520996094, 867.9315795898438], "obj_id": 1}, {"cam_R_m2c": [-0.9908082485198975, -0.10699152201414108, 0.08277542889118195, 0.09472308307886124, -0.9855942726135254, -0.14011190831661224, 0.09657377749681473, -0.13098329305648804, 0.9866696000099182], "cam_t_m2c": [6.290075778961182, -117.00827026367188, 1115.026123046875], "obj_id": 1}, {"cam_R_m2c": [-0.7921795845031738, -0.42424213886260986, 0.43871429562568665, 0.603486180305481, -0.43751832842826843, 0.6666200160980225, -0.09086277335882187, 0.7928407192230225, 0.6026172637939453], "cam_t_m2c": [-115.4561767578125, 154.0693359375, 841.1792602539062], "obj_id": 1}, {"cam_R_m2c": [-0.13890205323696136, -0.3662898540496826, 0.920074999332428, 0.8023942708969116, 0.5028940439224243, 0.32134249806404114, -0.5804047584533691, 0.7828980684280396, 0.22405587136745453], "cam_t_m2c": [-33.66326904296875, 61.99169921875, 802.5623779296875], "obj_id": 1}, {"cam_R_m2c": [0.8451294302940369, 0.017023736611008644, 0.5342905521392822, 0.518623411655426, 0.2161335051059723, -0.8272339701652527, -0.1295607089996338, 0.9762154221534729, 0.17383188009262085], "cam_t_m2c": [90.53608703613281, -1.1790939569473267, 1075.1544189453125], "obj_id": 1}, {"cam_R_m2c": [-0.08722622692584991, 0.4389566481113434, -0.8942642211914062, 0.8237998485565186, 0.5365282297134399, 0.18300588428974152, 0.5601296424865723, -0.7207318544387817, -0.40841177105903625], "cam_t_m2c": [-283.1007995605469, -57.31281661987305, 899.1375732421875], "obj_id": 1}, {"cam_R_m2c": [0.5848972797393799, -0.810400664806366, 0.03385062515735626, -0.6423649787902832, -0.48829343914985657, -0.5907085537910461, 0.4952396750450134, 0.32375937700271606, -0.8061745166778564], "cam_t_m2c": [-175.35069274902344, 150.37094116210938, 1019.7062377929688], "obj_id": 1}, {"cam_R_m2c": [-0.011342656798660755, 0.9902198910713196, -0.139053612947464, -0.9740908741950989, 0.02047027461230755, 0.22522860765457153, 0.22587230801582336, 0.1380055546760559, 0.9643319845199585], "cam_t_m2c": [86.63312530517578, -138.18960571289062, 1105.0760498046875], "obj_id": 1}, {"cam_R_m2c": [-0.1307927519083023, 0.6211137771606445, 0.7727295756340027, -0.35303330421447754, -0.7575129866600037, 0.5491281747817993, 0.9264236688613892, -0.20097729563713074, 0.3183509409427643], "cam_t_m2c": [24.45843505859375, 72.07042694091797, 713.7845458984375], "obj_id": 1}, {"cam_R_m2c": [0.9471017122268677, 0.18370738625526428, -0.2631537914276123, 0.31702089309692383, -0.4078805148601532, 0.8562309145927429, 0.04996063932776451, -0.8943629860877991, -0.44454342126846313], "cam_t_m2c": [-241.5410614013672, 50.661766052246094, 1103.0462646484375], "obj_id": 1}, {"cam_R_m2c": [0.22960837185382843, 0.8308677673339844, 0.5068912506103516, 0.24544717371463776, -0.5534036755561829, 0.7959272265434265, 0.9418257474899292, -0.0583365373313427, -0.33100029826164246], "cam_t_m2c": [-243.86058044433594, 111.53946685791016, 977.2723388671875], "obj_id": 1}, {"cam_R_m2c": [0.8841014504432678, -0.46246102452278137, 0.06704046577215195, -0.3420327603816986, -0.7381690144538879, -0.5814809203147888, 0.31839945912361145, 0.49115806818008423, -0.8107931017875671], "cam_t_m2c": [-171.31463623046875, -113.88380432128906, 1012.1212158203125], "obj_id": 1}, {"cam_R_m2c": [-0.9711410999298096, -0.1323796659708023, 0.19839519262313843, 0.11818082630634308, -0.989614725112915, -0.08182959258556366, 0.2071673721075058, -0.05602157115936279, 0.9767001867294312], "cam_t_m2c": [-124.66841888427734, 42.53150177001953, 1103.935791015625], "obj_id": 1}, {"cam_R_m2c": [0.7266001105308533, -0.27894026041030884, 0.6278890371322632, 0.16393038630485535, 0.9578676223754883, 0.23583151400089264, -0.6672174334526062, -0.06842512637376785, 0.7417135238647461], "cam_t_m2c": [-234.667236328125, 43.800498962402344, 1014.66845703125], "obj_id": 1}, {"cam_R_m2c": [-0.9732330441474915, -0.09649790823459625, 0.20857971906661987, -0.22572918236255646, 0.23088759183883667, -0.946433961391449, 0.04317043721675873, -0.9681833982467651, -0.24648979306221008], "cam_t_m2c": [-121.95817565917969, 173.4259796142578, 703.4269409179688], "obj_id": 1}, {"cam_R_m2c": [0.08217185735702515, -0.9917541742324829, -0.09834268689155579, -0.010662886314094067, -0.09954551607370377, 0.994975745677948, -0.9965610504150391, -0.08071029931306839, -0.018754703924059868], "cam_t_m2c": [33.8848762512207, 6.757101058959961, 844.0326538085938], "obj_id": 1}, {"cam_R_m2c": [0.06911655515432358, -0.7660117745399475, -0.6390999555587769, 0.5517460107803345, 0.5630853176116943, -0.6152326464653015, 0.831143319606781, -0.31009814143180847, 0.46156248450279236], "cam_t_m2c": [-131.03097534179688, -58.95625686645508, 892.3568115234375], "obj_id": 1}, {"cam_R_m2c": [0.7750956416130066, -0.4540807902812958, 0.4393601417541504, 0.5481432676315308, 0.13737709820270538, -0.8250251412391663, 0.3142700493335724, 0.8803057074546814, 0.35538172721862793], "cam_t_m2c": [-6.8545122146606445, 165.5307159423828, 824.8682861328125], "obj_id": 1}, {"cam_R_m2c": [0.6170111894607544, 0.23504242300987244, -0.7510340809822083, 0.28829270601272583, -0.955520510673523, -0.06219163537025452, -0.7322461605072021, -0.17814470827579498, -0.6573278903961182], "cam_t_m2c": [-187.6089630126953, 120.43682861328125, 771.9356079101562], "obj_id": 1}, {"cam_R_m2c": [-0.11614194512367249, -0.9428708553314209, -0.31225892901420593, 0.9897136688232422, -0.13630326092243195, 0.043454673141241074, -0.08353405445814133, -0.30400002002716064, 0.9490026831626892], "cam_t_m2c": [9.435606956481934, 212.28457641601562, 849.5018920898438], "obj_id": 1}, {"cam_R_m2c": [0.7348295450210571, -0.13626688718795776, -0.6644221544265747, -0.5124671459197998, -0.7532579302787781, -0.41228577494621277, -0.44430050253868103, 0.6434543132781982, -0.6233484148979187], "cam_t_m2c": [12.760746002197266, 142.7392120361328, 842.6432495117188], "obj_id": 1}, {"cam_R_m2c": [0.6491714119911194, -0.7443664073944092, -0.15650945901870728, -0.050508931279182434, -0.24749010801315308, 0.9675730466842651, -0.7589633464813232, -0.620215654373169, -0.19826066493988037], "cam_t_m2c": [-178.40774536132812, -0.416077196598053, 1052.1124267578125], "obj_id": 1}, {"cam_R_m2c": [-0.9357599020004272, 0.0420953594148159, -0.35011640191078186, 0.050013553351163864, 0.9986559152603149, -0.01360089611262083, 0.34907329082489014, -0.03023773804306984, -0.9366074800491333], "cam_t_m2c": [-44.08501052856445, -151.21922302246094, 923.4780883789062], "obj_id": 1}, {"cam_R_m2c": [0.5279147624969482, 0.7631507515907288, 0.37270215153694153, -0.6705690026283264, 0.6438432931900024, -0.36851462721824646, -0.5211939811706543, -0.05537822097539902, 0.8516396284103394], "cam_t_m2c": [-145.2744598388672, -161.8135223388672, 847.6343383789062], "obj_id": 1}, {"cam_R_m2c": [0.5240450501441956, -0.2098102569580078, 0.8254431486129761, 0.39405325055122375, 0.9189377427101135, -0.016596028581261635, -0.7550488710403442, 0.33396562933921814, 0.5642411708831787], "cam_t_m2c": [-18.462617874145508, 32.50055694580078, 872.1426391601562], "obj_id": 1}, {"cam_R_m2c": [0.3740762770175934, 0.2459018975496292, 0.8942031264305115, -0.6649747490882874, -0.6009694337844849, 0.44344601035118103, 0.6464329361915588, -0.7605050802230835, -0.06128987297415733], "cam_t_m2c": [-116.06218719482422, -2.3482983112335205, 738.8718872070312], "obj_id": 1}, {"cam_R_m2c": [-0.3854154646396637, 0.911466658115387, -0.1438169926404953, 0.8912217020988464, 0.4080897271633148, 0.1979561746120453, 0.2391206920146942, -0.051877446472644806, -0.9696029424667358], "cam_t_m2c": [-258.6404113769531, 94.1991195678711, 1015.7916259765625], "obj_id": 1}, {"cam_R_m2c": [-0.7005165815353394, -0.08599451184272766, 0.7084357738494873, 0.7091954350471497, -0.194459468126297, 0.6776630282402039, 0.07948680222034454, 0.9771336913108826, 0.19720913469791412], "cam_t_m2c": [-161.15005493164062, 187.96678161621094, 1027.1170654296875], "obj_id": 1}, {"cam_R_m2c": [0.5405818819999695, 0.4115959405899048, 0.7337301969528198, 0.6465198397636414, -0.7613047957420349, -0.04926460608839989, 0.5383152365684509, 0.5010026693344116, -0.6776525378227234], "cam_t_m2c": [-175.32579040527344, -95.98213195800781, 1003.6945190429688], "obj_id": 1}, {"cam_R_m2c": [0.3222039043903351, -0.9175349473953247, -0.23305396735668182, -0.9460083246231079, -0.32127365469932556, -0.043027203530073166, -0.03539515286684036, 0.2343345284461975, -0.9715113043785095], "cam_t_m2c": [-215.41427612304688, -17.92135238647461, 769.735107421875], "obj_id": 1}, {"cam_R_m2c": [0.3175893723964691, -0.939906895160675, 0.12534740567207336, 0.06238948181271553, -0.11119198054075241, -0.9918385744094849, 0.9461736083030701, 0.32281771302223206, 0.023326952010393143], "cam_t_m2c": [50.73421096801758, 58.33740997314453, 771.0302124023438], "obj_id": 1}, {"cam_R_m2c": [0.8922388553619385, 0.2432904988527298, -0.38042017817497253, -0.28995218873023987, -0.33716511726379395, -0.8956824541091919, -0.34617555141448975, 0.9094663858413696, -0.23028919100761414], "cam_t_m2c": [-159.16656494140625, 7.435757637023926, 1090.2166748046875], "obj_id": 1}, {"cam_R_m2c": [-0.3556833267211914, 0.03051491267979145, 0.9341081380844116, 0.573984682559967, 0.7959039211273193, 0.19255785644054413, -0.7375844717025757, 0.6046534180641174, -0.30060482025146484], "cam_t_m2c": [58.78855514526367, 163.8243408203125, 882.0678100585938], "obj_id": 1}, {"cam_R_m2c": [0.9477701783180237, -0.023596053943037987, -0.3180800676345825, -0.06898368895053864, -0.9888203144073486, -0.13219444453716278, -0.311404824256897, 0.1472322791814804, -0.938802182674408], "cam_t_m2c": [-165.10044860839844, 197.54757690429688, 727.6083984375], "obj_id": 1}, {"cam_R_m2c": [0.4662296175956726, 0.07963952422142029, -0.8810717463493347, 0.25162747502326965, -0.9667412638664246, 0.04576852545142174, -0.8481235504150391, -0.2430405169725418, -0.47076287865638733], "cam_t_m2c": [21.05577278137207, 23.49681854248047, 758.850830078125], "obj_id": 1}, {"cam_R_m2c": [-0.1286889612674713, 0.7360796332359314, -0.6645493507385254, -0.9916264414787292, -0.08823380619287491, 0.09429588168859482, 0.010773553512990475, 0.6711195707321167, 0.7412707805633545], "cam_t_m2c": [-89.0746078491211, -86.08790588378906, 1002.9528198242188], "obj_id": 1}, {"cam_R_m2c": [0.8711512684822083, -0.39186134934425354, -0.29587191343307495, 0.4450285732746124, 0.37551167607307434, 0.8129824995994568, -0.20747306942939758, -0.8399021625518799, 0.5015169978141785], "cam_t_m2c": [-109.62996673583984, 25.722755432128906, 880.6558837890625], "obj_id": 1}, {"cam_R_m2c": [0.8498252630233765, 0.5235644578933716, -0.06064097583293915, 0.09501190483570099, -0.03900812193751335, 0.9947116374969482, 0.5184301733970642, -0.8510926961898804, -0.0828949511051178], "cam_t_m2c": [-213.35556030273438, 108.23963928222656, 823.5147094726562], "obj_id": 1}, {"cam_R_m2c": [0.5962911248207092, -0.7752307653427124, 0.2084566205739975, 0.7642244100570679, 0.6276845932006836, 0.14823324978351593, -0.245759978890419, 0.07091747224330902, 0.9667330384254456], "cam_t_m2c": [-104.28118133544922, -49.94218063354492, 1042.6265869140625], "obj_id": 1}, {"cam_R_m2c": [-0.10814806073904037, -0.21685904264450073, 0.9701938033103943, -0.8509895205497742, 0.5247037410736084, 0.02242216281592846, -0.5139268040657043, -0.8231999278068542, -0.24129046499729156], "cam_t_m2c": [23.592544555664062, -81.4928970336914, 1046.018310546875], "obj_id": 1}, {"cam_R_m2c": [-0.24218419194221497, 0.9264906644821167, -0.2880307137966156, 0.6333542466163635, -0.07392223924398422, -0.7703231573104858, -0.7349891662597656, -0.3689856231212616, -0.5688939690589905], "cam_t_m2c": [-154.96067810058594, 107.88616180419922, 773.67529296875], "obj_id": 1}, {"cam_R_m2c": [0.09963401407003403, -0.5459571480751038, 0.8318676948547363, -0.8091790676116943, -0.5309824347496033, -0.2515687644481659, 0.5790529251098633, -0.6480650901794434, -0.4946809411048889], "cam_t_m2c": [24.936506271362305, 133.6607208251953, 865.734130859375], "obj_id": 1}, {"cam_R_m2c": [0.19290977716445923, 0.9799954295158386, -0.048933662474155426, 0.538345992565155, -0.1474025398492813, -0.8297322988510132, -0.8203469514846802, 0.13372012972831726, -0.556011974811554], "cam_t_m2c": [-81.76554107666016, -90.41268157958984, 1035.1043701171875], "obj_id": 1}, {"cam_R_m2c": [0.8959723114967346, -0.12387055903673172, -0.4264853298664093, -0.036335621029138565, 0.9366489052772522, -0.3483799397945404, 0.44262102246284485, 0.32763537764549255, 0.8347105383872986], "cam_t_m2c": [-273.974365234375, -82.49868774414062, 803.2559814453125], "obj_id": 1}, {"cam_R_m2c": [-0.8879896402359009, -0.1358291208744049, 0.4393457770347595, -0.4201948940753937, -0.14851529896259308, -0.8951979279518127, 0.18684352934360504, -0.9795374274253845, 0.07480541616678238], "cam_t_m2c": [-155.52171325683594, 161.93455505371094, 733.031982421875], "obj_id": 1}, {"cam_R_m2c": [-0.8328114151954651, -0.5386224389076233, 0.12771350145339966, 0.30959686636924744, -0.6444706916809082, -0.6991474628448486, 0.4588841497898102, -0.5427183508872986, 0.7034785747528076], "cam_t_m2c": [-169.10946655273438, 204.77427673339844, 776.201416015625], "obj_id": 1}, {"cam_R_m2c": [-0.15971504151821136, 0.14850659668445587, 0.9759286642074585, 0.05752653628587723, 0.9883396029472351, -0.14098067581653595, -0.9854854941368103, 0.03362505882978439, -0.16639576852321625], "cam_t_m2c": [-287.53863525390625, 29.36357307434082, 714.7730102539062], "obj_id": 1}, {"cam_R_m2c": [-0.5747388601303101, -0.5525099635124207, -0.6036622524261475, -0.2655268609523773, -0.5718500018119812, 0.7761979103088379, -0.7740612626075745, 0.6063995957374573, 0.18195810914039612], "cam_t_m2c": [-217.8785858154297, 105.01620483398438, 829.088623046875], "obj_id": 1}, {"cam_R_m2c": [0.9009221196174622, -0.4164966940879822, 0.12194197624921799, 0.4298136234283447, 0.817478358745575, -0.3833919167518616, 0.05999654158949852, 0.39781859517097473, 0.915500283241272], "cam_t_m2c": [-182.45994567871094, 111.02039337158203, 943.2360229492188], "obj_id": 1}, {"cam_R_m2c": [0.7614952921867371, -0.6162887811660767, -0.2007809281349182, 0.2806520462036133, 0.03428063914179802, 0.9591971039772034, -0.5842596292495728, -0.7867736220359802, 0.19906730949878693], "cam_t_m2c": [-234.3285369873047, -34.9739990234375, 1112.189208984375], "obj_id": 3}, {"cam_R_m2c": [-0.4018952250480652, 0.9150301814079285, 0.03463948145508766, 0.5792348384857178, 0.22474604845046997, 0.7835662961006165, 0.7092017531394958, 0.3349759876728058, -0.6203417181968689], "cam_t_m2c": [-6.297763347625732, 123.83426666259766, 1057.4168701171875], "obj_id": 1}, {"cam_R_m2c": [-0.47802701592445374, -0.7035147547721863, -0.5258868932723999, -0.6921830773353577, 0.6703073382377625, -0.26752686500549316, 0.5407149791717529, 0.2361249327659607, -0.807386040687561], "cam_t_m2c": [-220.26388549804688, -109.23237609863281, 744.0115356445312], "obj_id": 1}, {"cam_R_m2c": [0.007249192800372839, 0.3866153061389923, 0.9222126007080078, 0.8746530413627625, -0.4494669735431671, 0.18155282735824585, 0.4846952259540558, 0.8052999377250671, -0.3414125442504883], "cam_t_m2c": [8.851723670959473, -148.6497344970703, 967.3681030273438], "obj_id": 1}, {"cam_R_m2c": [0.3190231919288635, 0.40140610933303833, -0.8585436344146729, -0.9458469152450562, 0.19217868149280548, -0.26161202788352966, 0.05998104065656662, 0.8955112099647522, 0.4409782886505127], "cam_t_m2c": [-245.1019287109375, -78.5416488647461, 736.0140380859375], "obj_id": 1}, {"cam_R_m2c": [0.97565758228302, 0.14799650013446808, 0.16183117032051086, -0.18890976905822754, 0.1923956423997879, 0.9629626274108887, 0.11137949675321579, -0.9700932502746582, 0.21567024290561676], "cam_t_m2c": [-149.81100463867188, 22.72479820251465, 1115.5428466796875], "obj_id": 3}, {"cam_R_m2c": [-0.08017352223396301, 0.7862820625305176, 0.6126440763473511, -0.959538459777832, -0.2273160070180893, 0.166173055768013, 0.26992267370224, -0.5745328664779663, 0.7726925611495972], "cam_t_m2c": [-118.18396759033203, -133.16531372070312, 863.6950073242188], "obj_id": 1}, {"cam_R_m2c": [-0.8235412240028381, -0.30242154002189636, -0.47991758584976196, -0.5081264972686768, 0.7693793773651123, 0.38712120056152344, 0.25216490030288696, 0.5626691579818726, -0.7872840166091919], "cam_t_m2c": [98.39450073242188, -127.48677825927734, 898.2095336914062], "obj_id": 1}, {"cam_R_m2c": [-0.5983918309211731, -0.014509150758385658, 0.8010720610618591, 0.29962173104286194, -0.9313431978225708, 0.20694543421268463, 0.7430705428123474, 0.3638530969619751, 0.5616556406021118], "cam_t_m2c": [-246.65870666503906, 106.13488006591797, 1108.1348876953125], "obj_id": 1}, {"cam_R_m2c": [-0.04041758179664612, -0.9314427375793457, -0.3616361618041992, -0.18274912238121033, 0.36271801590919495, -0.913804292678833, 0.9823283553123474, 0.02915485017001629, -0.18488048017024994], "cam_t_m2c": [30.04227066040039, 202.3710174560547, 836.1539916992188], "obj_id": 3}, {"cam_R_m2c": [-0.8508184552192688, 0.47168147563934326, -0.23156985640525818, -0.5066167116165161, -0.6193938255310059, 0.5997423529624939, 0.1394544094800949, 0.6275889873504639, 0.7659533619880676], "cam_t_m2c": [-30.630319595336914, 15.22007942199707, 756.7357788085938], "obj_id": 1}, {"cam_R_m2c": [0.5152670741081238, -0.20049764215946198, -0.8332469463348389, 0.3567889928817749, 0.9341757893562317, -0.00415053591132164, 0.7792313098907471, -0.29515472054481506, 0.5528853535652161], "cam_t_m2c": [-258.732666015625, 220.0121612548828, 1086.52294921875], "obj_id": 1}, {"cam_R_m2c": [0.8743415474891663, 0.48408597707748413, -0.034461576491594315, 0.30938655138015747, -0.5012779235839844, 0.8080843687057495, 0.3739074766635895, -0.717203676700592, -0.588057816028595], "cam_t_m2c": [-103.36363220214844, 120.7222671508789, 1039.504638671875], "obj_id": 3}, {"cam_R_m2c": [-0.24935020506381989, -0.8469592332839966, -0.46955788135528564, -0.8819939494132996, -0.0016028376994654536, 0.4712579846382141, -0.39988890290260315, 0.531655490398407, -0.7466132640838623], "cam_t_m2c": [-167.81385803222656, -138.58213806152344, 751.4114379882812], "obj_id": 1}, {"cam_R_m2c": [0.2987097203731537, 0.4368002414703369, -0.8485152125358582, -0.9428535103797913, 0.2726272642612457, -0.19157685339450836, 0.14764758944511414, 0.8572514057159424, 0.4932750165462494], "cam_t_m2c": [-56.55189895629883, -94.50040435791016, 795.325927734375], "obj_id": 3}, {"cam_R_m2c": [0.4722302258014679, -0.6657114624977112, 0.5777775645256042, -0.1460067331790924, -0.7054857015609741, -0.6935214400291443, 0.8692989349365234, 0.24314238131046295, -0.43035006523132324], "cam_t_m2c": [-188.55616760253906, -77.52376556396484, 1089.6898193359375], "obj_id": 3}, {"cam_R_m2c": [-0.6875685453414917, -0.2551341652870178, -0.6798204779624939, -0.7103815674781799, 0.4302190840244293, 0.5570183992385864, 0.15035727620124817, 0.86592036485672, -0.4770476818084717], "cam_t_m2c": [-141.12294006347656, 15.538776397705078, 964.8418579101562], "obj_id": 3}, {"cam_R_m2c": [-0.528107762336731, -0.01181709486991167, -0.8490950465202332, 0.6670371890068054, 0.6130163669586182, -0.42340561747550964, 0.5255125761032104, -0.7899817824363708, -0.3158562481403351], "cam_t_m2c": [-239.26651000976562, -40.886714935302734, 1107.501708984375], "obj_id": 3}, {"cam_R_m2c": [0.2816477417945862, 0.8684592843055725, -0.40798628330230713, 0.16599509119987488, 0.3746876120567322, 0.9121702909469604, 0.9450502395629883, -0.3246343731880188, -0.038630031049251556], "cam_t_m2c": [-226.90167236328125, 85.42845916748047, 850.6712646484375], "obj_id": 1}, {"cam_R_m2c": [-0.9265177249908447, 0.20207585394382477, 0.3173801302909851, -0.3125491440296173, -0.8829830884933472, -0.35021963715553284, 0.20947037637233734, -0.4236815869808197, 0.8812582492828369], "cam_t_m2c": [-142.03111267089844, 193.14918518066406, 1079.2601318359375], "obj_id": 3}, {"cam_R_m2c": [0.4296927750110626, 0.8358475565910339, -0.3416474461555481, 0.07915959507226944, 0.3420320153236389, 0.9363481402397156, 0.899498701095581, -0.4293867349624634, 0.08080331981182098], "cam_t_m2c": [15.697784423828125, 10.322033882141113, 941.3934936523438], "obj_id": 3}, {"cam_R_m2c": [-0.38060668110847473, -0.8898033499717712, -0.25177085399627686, -0.5276855230331421, 0.4325651228427887, -0.7310509085655212, 0.759398877620697, -0.14538702368736267, -0.6341735124588013], "cam_t_m2c": [-170.77099609375, 189.9036407470703, 964.2942504882812], "obj_id": 3}, {"cam_R_m2c": [-0.8170781135559082, 0.5026737451553345, 0.28231579065322876, 0.19183233380317688, -0.2247350811958313, 0.9553503394126892, 0.5436758399009705, 0.8347532749176025, 0.08719722181558609], "cam_t_m2c": [-258.60919189453125, -35.696529388427734, 794.8347778320312], "obj_id": 1}, {"cam_R_m2c": [-0.18255667388439178, 0.8867988586425781, -0.4245714247226715, -0.6632692813873291, 0.20768679678440094, 0.7189854383468628, 0.7257733345031738, 0.4128607511520386, 0.5502718091011047], "cam_t_m2c": [-303.31414794921875, 176.0226593017578, 776.8102416992188], "obj_id": 3}, {"cam_R_m2c": [0.9740797281265259, -0.21208643913269043, 0.07866387814283371, 0.171927347779274, 0.4681488573551178, -0.8667627573013306, 0.1470022201538086, 0.8578205108642578, 0.49247777462005615], "cam_t_m2c": [-164.2793426513672, -54.40800857543945, 1012.3173217773438], "obj_id": 3}, {"cam_R_m2c": [0.3777835965156555, 0.9214581847190857, -0.09052212536334991, 0.7082846164703369, -0.2246418446302414, 0.6692299842834473, 0.5963324308395386, -0.31693950295448303, -0.7375206351280212], "cam_t_m2c": [-2.7086000442504883, 30.97667694091797, 881.5932006835938], "obj_id": 1}, {"cam_R_m2c": [0.7619150280952454, 0.36551037430763245, -0.5346845984458923, -0.5238959193229675, 0.833195686340332, -0.17696887254714966, 0.38081294298171997, 0.4149543344974518, 0.8263137340545654], "cam_t_m2c": [-255.39085388183594, 153.27548217773438, 898.8546752929688], "obj_id": 1}, {"cam_R_m2c": [0.7440999746322632, 0.6236687898635864, 0.23948368430137634, 0.6680657267570496, -0.6956331133842468, -0.264164000749588, 0.0018419449916109443, 0.3565552532672882, -0.9342723488807678], "cam_t_m2c": [-303.21978759765625, 73.54405975341797, 769.1875610351562], "obj_id": 1}, {"cam_R_m2c": [-0.4745074212551117, -0.3106592297554016, -0.8236098885536194, -0.20171669125556946, 0.9491302967071533, -0.24178919196128845, 0.8568271398544312, 0.05140506476163864, -0.5130345225334167], "cam_t_m2c": [44.34164047241211, -63.22319030761719, 1091.89306640625], "obj_id": 1}, {"cam_R_m2c": [-0.19734886288642883, -0.9254534244537354, -0.3234027028083801, -0.24617116153240204, 0.3661024868488312, -0.8974233269691467, 0.9489220380783081, -0.09749309718608856, -0.3000698387622833], "cam_t_m2c": [-308.9969482421875, 160.9020538330078, 718.3240356445312], "obj_id": 1}, {"cam_R_m2c": [0.06517332792282104, 0.5859441161155701, -0.8077263236045837, 0.6852662563323975, -0.6146806478500366, -0.3906118869781494, -0.7253705859184265, -0.5280501842498779, -0.441588431596756], "cam_t_m2c": [-130.55250549316406, -53.102848052978516, 1058.5301513671875], "obj_id": 3}, {"cam_R_m2c": [-0.8026015162467957, 0.5227242112159729, -0.28738489747047424, -0.015146367251873016, 0.46375927329063416, 0.8858317732810974, 0.5963231325149536, 0.7153227925300598, -0.36429649591445923], "cam_t_m2c": [-222.9902801513672, -67.3957290649414, 941.7416381835938], "obj_id": 3}, {"cam_R_m2c": [-0.57589191198349, -0.8175036311149597, -0.006039797328412533, -0.28067031502723694, 0.20464672148227692, -0.9377334117889404, 0.7678364515304565, -0.5383378267288208, -0.3473034203052521], "cam_t_m2c": [-51.67124557495117, -31.267892837524414, 846.4903564453125], "obj_id": 3}, {"cam_R_m2c": [-0.09367328137159348, -0.07421115040779114, 0.9928333163261414, 0.9947841167449951, -0.04741367697715759, 0.09031331539154053, 0.040371622890233994, 0.9961147904396057, 0.0782654657959938], "cam_t_m2c": [-1.978912591934204, -152.6524658203125, 893.957275390625], "obj_id": 1}, {"cam_R_m2c": [0.05482755973935127, -0.6790561676025391, 0.7320359349250793, -0.9578996300697327, 0.1711529642343521, 0.23051021993160248, -0.28181952238082886, -0.7138552665710449, -0.6410837769508362], "cam_t_m2c": [-185.17965698242188, 65.16504669189453, 943.85595703125], "obj_id": 3}, {"cam_R_m2c": [0.8467069864273071, -0.3027115762233734, -0.437553346157074, 0.47076165676116943, 0.04301198944449425, 0.8812113404273987, -0.24793285131454468, -0.9521111249923706, 0.178923562169075], "cam_t_m2c": [19.459945678710938, 0.8783684968948364, 825.6093139648438], "obj_id": 1}, {"cam_R_m2c": [-0.2736693024635315, 0.7049044370651245, -0.654381275177002, -0.9616686105728149, -0.21276015043258667, 0.17299333214759827, -0.017282476648688316, 0.6766408681869507, 0.7361103296279907], "cam_t_m2c": [-37.27330017089844, -26.967241287231445, 739.6255493164062], "obj_id": 1}, {"cam_R_m2c": [-0.5764702558517456, -0.07742646336555481, -0.8134413957595825, -0.6876150369644165, -0.49184003472328186, 0.5341148376464844, -0.4414377808570862, 0.8672359585762024, 0.23029175400733948], "cam_t_m2c": [-89.62692260742188, 119.46073150634766, 961.869873046875], "obj_id": 3}, {"cam_R_m2c": [-0.48540571331977844, -0.5234304666519165, 0.7002869248390198, -0.6632305979728699, 0.7423426508903503, 0.09514500945806503, -0.569654643535614, -0.41826775670051575, -0.707492470741272], "cam_t_m2c": [-302.4193420410156, -65.646484375, 1091.45068359375], "obj_id": 3}, {"cam_R_m2c": [0.8261914253234863, 0.5360810160636902, 0.17327699065208435, 0.5367677807807922, -0.6555705666542053, -0.5311378836631775, -0.17113766074180603, 0.5318310856819153, -0.8293777704238892], "cam_t_m2c": [-303.5311279296875, 184.21731567382812, 1091.809326171875], "obj_id": 3}, {"cam_R_m2c": [-0.8585519790649414, 0.03171573579311371, 0.5117448568344116, -0.005021017976105213, -0.9985573291778564, 0.05346253141760826, 0.5127021074295044, 0.043330878019332886, 0.8574724197387695], "cam_t_m2c": [-2.390185832977295, 63.97858428955078, 736.704345703125], "obj_id": 1}, {"cam_R_m2c": [0.7455806136131287, 0.4731464684009552, 0.46929940581321716, 0.5016492009162903, 0.06510879099369049, -0.8626173734664917, -0.4386999011039734, 0.8785744309425354, -0.18880970776081085], "cam_t_m2c": [-117.01734161376953, 204.25244140625, 1042.588134765625], "obj_id": 1}, {"cam_R_m2c": [-0.24841222167015076, -0.6032604575157166, 0.7578707337379456, -0.5754745006561279, 0.7212646007537842, 0.3854950964450836, -0.7791792750358582, -0.34037360548973083, -0.5263319611549377], "cam_t_m2c": [-114.82474517822266, 229.94189453125, 1043.05908203125], "obj_id": 3}, {"cam_R_m2c": [0.8738235235214233, 0.4839865565299988, 0.04679175093770027, 0.18630057573318481, -0.4221329987049103, 0.8871841430664062, 0.4491375684738159, -0.7665250301361084, -0.4590367078781128], "cam_t_m2c": [-208.11964416503906, -10.671659469604492, 977.8649291992188], "obj_id": 3}, {"cam_R_m2c": [0.5871549248695374, 0.16490542888641357, -0.7924994230270386, -0.10566575080156326, 0.9862663745880127, 0.12693829834461212, 0.802548348903656, 0.009207605384290218, 0.5965160131454468], "cam_t_m2c": [51.90285110473633, -126.73015594482422, 1120.76416015625], "obj_id": 3}, {"cam_R_m2c": [-0.9358198046684265, -0.3078651428222656, -0.17163905501365662, 0.19345828890800476, -0.04156617447733879, -0.9802274703979492, 0.2946435213088989, -0.9505214691162109, 0.0984577089548111], "cam_t_m2c": [-148.29971313476562, -79.72575378417969, 1116.2589111328125], "obj_id": 3}, {"cam_R_m2c": [-0.42415672540664673, -0.649262011051178, 0.6313080787658691, 0.8525121212005615, -0.051121633499860764, 0.5202015042304993, -0.30547356605529785, 0.758844792842865, 0.5751873254776001], "cam_t_m2c": [39.52732467651367, 120.76371002197266, 807.4383544921875], "obj_id": 3}, {"cam_R_m2c": [0.8446174263954163, 0.18599838018417358, 0.502021849155426, -0.24518831074237823, 0.9679771661758423, 0.05387840420007706, -0.47592443227767944, -0.1685965359210968, 0.8631750345230103], "cam_t_m2c": [-43.357425689697266, -2.393017530441284, 976.2477416992188], "obj_id": 3}, {"cam_R_m2c": [0.32098475098609924, -0.9069902300834656, 0.27264872193336487, -0.9435779452323914, -0.3310070335865021, 0.009733309037983418, 0.0814206674695015, -0.2603895962238312, -0.9620642066001892], "cam_t_m2c": [-46.60755157470703, 36.51198196411133, 717.138916015625], "obj_id": 3}, {"cam_R_m2c": [-0.9161627888679504, 0.36457204818725586, -0.16653195023536682, -0.3467930555343628, -0.5127253532409668, 0.7853962182998657, 0.20094835758209229, 0.7773029208183289, 0.5961710214614868], "cam_t_m2c": [5.9037346839904785, 121.55284118652344, 1071.45556640625], "obj_id": 1}, {"cam_R_m2c": [0.8835691809654236, -0.37840864062309265, 0.2758846879005432, -0.3657790720462799, -0.18979595601558685, 0.9111437797546387, -0.292422890663147, -0.9059714674949646, -0.30611181259155273], "cam_t_m2c": [-47.98280334472656, 187.87954711914062, 735.33642578125], "obj_id": 3}, {"cam_R_m2c": [0.8060230612754822, -0.5291945934295654, 0.2651035189628601, 0.5848724842071533, 0.6433781981468201, -0.49395209550857544, 0.09083494544029236, 0.5531885027885437, 0.8280890583992004], "cam_t_m2c": [-35.127769470214844, -15.318665504455566, 905.5179443359375], "obj_id": 1}, {"cam_R_m2c": [0.5270125865936279, -0.8126202821731567, -0.2488090693950653, 0.12965478003025055, -0.21245993673801422, 0.9685298800468445, -0.8399090766906738, -0.5426867008209229, -0.006608883384615183], "cam_t_m2c": [-137.88841247558594, -87.45331573486328, 1096.08056640625], "obj_id": 3}, {"cam_R_m2c": [-0.8378411531448364, 0.4034910202026367, -0.3677189350128174, 0.18475213646888733, -0.42426395416259766, -0.8864912390708923, -0.5137011408805847, -0.8106756806373596, 0.28091996908187866], "cam_t_m2c": [-152.61776733398438, -121.16694641113281, 800.9432983398438], "obj_id": 3}, {"cam_R_m2c": [0.5372076034545898, 0.15816134214401245, -0.8284883499145508, -0.48177260160446167, 0.8637952208518982, -0.14748895168304443, 0.6923172473907471, 0.4783751964569092, 0.540235161781311], "cam_t_m2c": [-145.2749481201172, -84.87319946289062, 774.9898071289062], "obj_id": 1}, {"cam_R_m2c": [0.042349833995103836, 0.18891079723834991, 0.9810806512832642, -0.9771339893341064, -0.1969582587480