{
  "0": [{"cam_R_m2c": [-0.9588032364845276, 0.28380876779556274, 0.01220339722931385, 0.18844041228294373, 0.6675877571105957, -0.720289409160614, -0.21257127821445465, -0.6883162260055542, -0.6935663223266602], "cam_t_m2c": [68.17929077148438, 127.49163818359375, 454.6435546875], "obj_id": 1}, {"cam_R_m2c": [-0.9588032364845276, 0.28380876779556274, 0.01220339722931385, 0.18844041228294373, 0.6675877571105957, -0.720289409160614, -0.21257127821445465, -0.6883162260055542, -0.6935663223266602], "cam_t_m2c": [68.17929077148438, 127.49163818359375, 454.6435546875], "obj_id": 0}, {"cam_R_m2c": [-0.9588032364845276, 0.28380876779556274, 0.01220339722931385, 0.18844041228294373, 0.6675877571105957, -0.720289409160614, -0.21257127821445465, -0.6883162260055542, -0.6935663223266602], "cam_t_m2c": [68.17929077148438, 127.49163818359375, 454.6435546875], "obj_id": 0}, {"cam_R_m2c": [-0.9588032364845276, 0.28380876779556274, 0.01220339722931385, 0.18844041228294373, 0.6675877571105957, -0.720289409160614, -0.21257127821445465, -0.6883162260055542, -0.6935663223266602], "cam_t_m2c": [68.17929077148438, 127.49163818359375, 454.6435546875], "obj_id": 3}, {"cam_R_m2c": [-0.9588032364845276, 0.28380876779556274, 0.01220339722931385, 0.18844041228294373, 0.6675877571105957, -0.720289409160614, -0.21257127821445465, -0.6883162260055542, -0.6935663223266602], "cam_t_m2c": [68.17929077148438, 127.49163818359375, 454.6435546875], "obj_id": 2}, {"cam_R_m2c": [-0.9588032364845276, 0.28380876779556274, 0.01220339722931385, 0.18844041228294373, 0.6675877571105957, -0.720289409160614, -0.21257127821445465, -0.6883162260055542, -0.6935663223266602], "cam_t_m2c": [68.17929077148438, 127.49163818359375, 454.6435546875], "obj_id": 0}, {"cam_R_m2c": [-0.9588032364845276, 0.28380876779556274, 0.01220339722931385, 0.18844041228294373, 0.6675877571105957, -0.720289409160614, -0.21257127821445465, -0.6883162260055542, -0.6935663223266602], "cam_t_m2c": [68.17929077148438, 127.49163818359375, 454.6435546875], "obj_id": 3}, {"cam_R_m2c": [-0.9588032364845276, 0.28380876779556274, 0.01220339722931385, 0.18844041228294373, 0.6675877571105957, -0.720289409160614, -0.21257127821445465, -0.6883162260055542, -0.6935663223266602], "cam_t_m2c": [68.17929077148438, 127.49163818359375, 454.6435546875], "obj_id": 2}, {"cam_R_m2c": [-0.9588032364845276, 0.28380876779556274, 0.01220339722931385, 0.18844041228294373, 0.6675877571105957, -0.720289409160614, -0.21257127821445465, -0.6883162260055542, -0.6935663223266602], "cam_t_m2c": [68.17929077148438, 127.49163818359375, 454.6435546875], "obj_id": 0}, {"cam_R_m2c": [-0.9588032364845276, 0.28380876779556274, 0.01220339722931385, 0.18844041228294373, 0.6675877571105957, -0.720289409160614, -0.21257127821445465, -0.6883162260055542, -0.6935663223266602], "cam_t_m2c": [68.17929077148438, 127.49163818359375, 454.6435546875], "obj_id": 0}, {"cam_R_m2c": [-0.9588032364845276, 0.28380876779556274, 0.01220339722931385, 0.18844041228294373, 0.6675877571105957, -0.720289409160614, -0.21257127821445465, -0.6883162260055542, -0.6935663223266602], "cam_t_m2c": [68.17929077148438, 127.49163818359375, 454.6435546875], "obj_id": 0}, {"cam_R_m2c": [-0.9588032364845276, 0.28380876779556274, 0.01220339722931385, 0.18844041228294373, 0.6675877571105957, -0.720289409160614, -0.21257127821445465, -0.6883162260055542, -0.6935663223266602], "cam_t_m2c": [68.17929077148438, 127.49163818359375, 454.6435546875], "obj_id": 0}, {"cam_R_m2c": [-0.9588032364845276, 0.28380876779556274, 0.01220339722931385, 0.18844041228294373, 0.6675877571105957, -0.720289409160614, -0.21257127821445465, -0.6883162260055542, -0.6935663223266602], "cam_t_m2c": [68.17929077148438, 127.49163818359375, 454.6435546875], "obj_id": 2}, {"cam_R_m2c": [-0.9588032364845276, 0.28380876779556274, 0.01220339722931385, 0.18844041228294373, 0.6675877571105957, -0.720289409160614, -0.21257127821445465, -0.6883162260055542, -0.6935663223266602], "cam_t_m2c": [68.17929077148438, 127.49163818359375, 454.6435546875], "obj_id": 1}, {"cam_R_m2c": [-0.9588032364845276, 0.28380876779556274, 0.01220339722931385, 0.18844041228294373, 0.6675877571105957, -0.720289409160614, -0.21257127821445465, -0.6883162260055542, -0.6935663223266602], "cam_t_m2c": [68.17929077148438, 127.49163818359375, 454.6435546875], "obj_id": 1}, {"cam_R_m2c": [-0.9588032364845276, 0.28380876779556274, 0.01220339722931385, 0.18844041228294373, 0.6675877571105957, -0.720289409160614, -0.21257127821445465, -0.6883162260055542, -0.6935663223266602], "cam_t_m2c": [68.17929077148438, 127.49163818359375, 454.6435546875], "obj_id": 3}, {"cam_R_m2c": [-0.9588032364845276, 0.28380876779556274, 0.01220339722931385, 0.18844041228294373, 0.6675877571105957, -0.720289409160614, -0.21257127821445465, -0.6883162260055542, -0.6935663223266602], "cam_t_m2c": [68.17929077148438, 127.49163818359375, 454.6435546875], "obj_id": 1}, {"cam_R_m2c": [-0.9588032364845276, 0.28380876779556274, 0.01220339722931385, 0.18844041228294373, 0.6675877571105957, -0.720289409160614, -0.21257127821445465, -0.6883162260055542, -0.6935663223266602], "cam_t_m2c": [68.17929077148438, 127.49163818359375, 454.6435546875], "obj_id": 2}, {"cam_R_m2c": [-0.9588032364845276, 0.28380876779556274, 0.01220339722931385, 0.18844041228294373, 0.6675877571105957, -0.720289409160614, -0.21257127821445465, -0.6883162260055542, -0.6935663223266602], "cam_t_m2c": [68.17929077148438, 127.49163818359375, 454.6435546875], "obj_id": 0}, {"cam_R_m2c": [-0.9588032364845276, 0.28380876779556274, 0.01220339722931385, 0.18844041228294373, 0.6675877571105957, -0.720289409160614, -0.21257127821445465, -0.6883162260055542, -0.6935663223266602], "cam_t_m2c": [68.17929077148438, 127.49163818359375, 454.6435546875], "obj_id": 3}, {"cam_R_m2c": [-0.9588032364845276, 0.28380876779556274, 0.01220339722931385, 0.18844041228294373, 0.6675877571105957, -0.720289409160614, -0.21257127821445465, -0.6883162260055542, -0.6935663223266602], "cam_t_m2c": [68.17929077148438, 127.49163818359375, 454.6435546875], "obj_id": 0}, {"cam_R_m2c": [-0.9588032364845276, 0.28380876779556274, 0.01220339722931385, 0.18844041228294373, 0.6675877571105957, -0.720289409160614, -0.21257127821445465, -0.6883162260055542, -0.6935663223266602], "cam_t_m2c": [68.17929077148438, 127.49163818359375, 454.6435546875], "obj_id": 3}, {"cam_R_m2c": [-0.9588032364845276, 0.28380876779556274, 0.01220339722931385, 0.18844041228294373, 0.6675877571105957, -0.720289409160614, -0.21257127821445465, -0.6883162260055542, -0.6935663223266602], "cam_t_m2c": [68.17929077148438, 127.49163818359375, 454.6435546875], "obj_id": 1}, {"cam_R_m2c": [-0.9588032364845276, 0.28380876779556274, 0.01220339722931385, 0.18844041228294373, 0.6675877571105957, -0.720289409160614, -0.21257127821445465, -0.6883162260055542, -0.6935663223266602], "cam_t_m2c": [68.17929077148438, 127.49163818359375, 454.6435546875], "obj_id": 0}, {"cam_R_m2c": [-0.02063021995127201, -0.9943805932998657, 0.10383493453264236, 0.9503492712974548, 0.012750495225191116, 0.31092387437820435, -0.3105005919933319, 0.10509388148784637, 0.9447458386421204], "cam_t_m2c": [-63.429779052734375, 227.12142944335938, 276.7682189941406], "obj_id": 3}, {"cam_R_m2c": [-0.6030258536338806, -0.4799778163433075, -0.637166440486908, -0.11808346211910248, 0.8436421155929565, -0.5237597227096558, 0.788933515548706, -0.24060186743736267, -0.5654155015945435], "cam_t_m2c": [32.231998443603516, 5.534936904907227, 508.5755615234375], "obj_id": 3}, {"cam_R_m2c": [0.8440538048744202, 0.5034597516059875, 0.18466579914093018, 0.3430934548377991, -0.24233227968215942, -0.9075031280517578, -0.41214078664779663, 0.8293390870094299, -0.3772752285003662], "cam_t_m2c": [1.424415946006775, 160.7303009033203, 346.85845947265625], "obj_id": 0}, {"cam_R_m2c": [0.06906285881996155, -0.879942774772644, 0.47003301978111267, -0.7442017197608948, 0.2683318555355072, 0.6116877198219299, -0.6643750071525574, -0.3920442759990692, -0.6363232135772705], "cam_t_m2c": [398.5663757324219, 60.573211669921875, 457.86236572265625], "obj_id": 1}, {"cam_R_m2c": [-0.14200007915496826, -0.6819072961807251, -0.7175223231315613, -0.8270401358604431, -0.31656935811042786, 0.46453022956848145, -0.5439121723175049, 0.6593831181526184, -0.5190117359161377], "cam_t_m2c": [-7.803114891052246, 189.59652709960938, 316.7176818847656], "obj_id": 0}, {"cam_R_m2c": [-0.20531311631202698, -0.9148213267326355, -0.34777605533599854, -0.7693344950675964, -0.06878820061683655, 0.6351317167282104, -0.6049550175666809, 0.3979571461677551, -0.6896803975105286], "cam_t_m2c": [404.3523864746094, 210.0788116455078, 302.6981506347656], "obj_id": 0}, {"cam_R_m2c": [-0.19782094657421112, 0.8299264907836914, -0.5216214656829834, -0.906112551689148, -0.3578174412250519, -0.22566963732242584, -0.37393444776535034, 0.428005576133728, 0.8227905631065369], "cam_t_m2c": [75.49148559570312, -45.20646667480469, 562.033203125], "obj_id": 1}, {"cam_R_m2c": [-0.774085521697998, -0.09637724608182907, -0.6257020831108093, 0.633054256439209, -0.10873319208621979, -0.7664329409599304, 0.005832117050886154, -0.9893879890441895, 0.14518079161643982], "cam_t_m2c": [-3.2490663528442383, 93.35050201416016, 416.752197265625], "obj_id": 3}],
  "1": [{"cam_R_m2c": [0.9699558019638062, 0.2412671595811844, 0.031238872557878494, 0.15202267467975616, -0.50084388256073, -0.8520824313163757, -0.18993371725082397, 0.8312312960624695, -0.5224745273590088], "cam_t_m2c": [-0.5872833132743835, -24.025911331176758, 745.6998291015625], "obj_id": 1}, {"cam_R_m2c": [0.9699558019638062, 0.2412671595811844, 0.031238872557878494, 0.15202267467975616, -0.50084388256073, -0.8520824313163757, -0.18993371725082397, 0.8312312960624695, -0.5224745273590088], "cam_t_m2c": [-0.5872833132743835, -24.025911331176758, 745.6998291015625], "obj_id": 0}, {"cam_R_m2c": [0.9699558019638062, 0.2412671595811844, 0.031238872557878494, 0.15202267467975616, -0.50084388256073, -0.8520824313163757, -0.18993371725082397, 0.8312312960624695, -0.5224745273590088], "cam_t_m2c": [-0.5872833132743835, -24.025911331176758, 745.6998291015625], "obj_id": 0}, {"cam_R_m2c": [0.9699558019638062, 0.2412671595811844, 0.031238872557878494, 0.15202267467975616, -0.50084388256073, -0.8520824313163757, -0.18993371725082397, 0.8312312960624695, -0.5224745273590088], "cam_t_m2c": [-0.5872833132743835, -24.025911331176758, 745.6998291015625], "obj_id": 3}, {"cam_R_m2c": [0.9699558019638062, 0.2412671595811844, 0.031238872557878494, 0.15202267467975616, -0.50084388256073, -0.8520824313163757, -0.18993371725082397, 0.8312312960624695, -0.5224745273590088], "cam_t_m2c": [-0.5872833132743835, -24.025911331176758, 745.6998291015625], "obj_id": 2}, {"cam_R_m2c": [0.9699558019638062, 0.2412671595811844, 0.031238872557878494, 0.15202267467975616, -0.50084388256073, -0.8520824313163757, -0.18993371725082397, 0.8312312960624695, -0.5224745273590088], "cam_t_m2c": [-0.5872833132743835, -24.025911331176758, 745.6998291015625], "obj_id": 0}, {"cam_R_m2c": [0.9699558019638062, 0.2412671595811844, 0.031238872557878494, 0.15202267467975616, -0.50084388256073, -0.8520824313163757, -0.18993371725082397, 0.8312312960624695, -0.5224745273590088], "cam_t_m2c": [-0.5872833132743835, -24.025911331176758, 745.6998291015625], "obj_id": 3}, {"cam_R_m2c": [0.9699558019638062, 0.2412671595811844, 0.031238872557878494, 0.15202267467975616, -0.50084388256073, -0.8520824313163757, -0.18993371725082397, 0.8312312960624695, -0.5224745273590088], "cam_t_m2c": [-0.5872833132743835, -24.025911331176758, 745.6998291015625], "obj_id": 2}, {"cam_R_m2c": [0.9699558019638062, 0.2412671595811844, 0.031238872557878494, 0.15202267467975616, -0.50084388256073, -0.8520824313163757, -0.18993371725082397, 0.8312312960624695, -0.5224745273590088], "cam_t_m2c": [-0.5872833132743835, -24.025911331176758, 745.6998291015625], "obj_id": 0}, {"cam_R_m2c": [0.9699558019638062, 0.2412671595811844, 0.031238872557878494, 0.15202267467975616, -0.50084388256073, -0.8520824313163757, -0.18993371725082397, 0.8312312960624695, -0.5224745273590088], "cam_t_m2c": [-0.5872833132743835, -24.025911331176758, 745.6998291015625], "obj_id": 0}, {"cam_R_m2c": [0.9699558019638062, 0.2412671595811844, 0.031238872557878494, 0.15202267467975616, -0.50084388256073, -0.8520824313163757, -0.18993371725082397, 0.8312312960624695, -0.5224745273590088], "cam_t_m2c": [-0.5872833132743835, -24.025911331176758, 745.6998291015625], "obj_id": 0}, {"cam_R_m2c": [0.9699558019638062, 0.2412671595811844, 0.031238872557878494, 0.15202267467975616, -0.50084388256073, -0.8520824313163757, -0.18993371725082397, 0.8312312960624695, -0.5224745273590088], "cam_t_m2c": [-0.5872833132743835, -24.025911331176758, 745.6998291015625], "obj_id": 0}, {"cam_R_m2c": [0.9699558019638062, 0.2412671595811844, 0.031238872557878494, 0.15202267467975616, -0.50084388256073, -0.8520824313163757, -0.18993371725082397, 0.8312312960624695, -0.5224745273590088], "cam_t_m2c": [-0.5872833132743835, -24.025911331176758, 745.6998291015625], "obj_id": 2}, {"cam_R_m2c": [0.9699558019638062, 0.2412671595811844, 0.031238872557878494, 0.15202267467975616, -0.50084388256073, -0.8520824313163757, -0.18993371725082397, 0.8312312960624695, -0.5224745273590088], "cam_t_m2c": [-0.5872833132743835, -24.025911331176758, 745.6998291015625], "obj_id": 1}, {"cam_R_m2c": [0.9699558019638062, 0.2412671595811844, 0.031238872557878494, 0.15202267467975616, -0.50084388256073, -0.8520824313163757, -0.18993371725082397, 0.8312312960624695, -0.5224745273590088], "cam_t_m2c": [-0.5872833132743835, -24.025911331176758, 745.6998291015625], "obj_id": 1}, {"cam_R_m2c": [0.9699558019638062, 0.2412671595811844, 0.031238872557878494, 0.15202267467975616, -0.50084388256073, -0.8520824313163757, -0.18993371725082397, 0.8312312960624695, -0.5224745273590088], "cam_t_m2c": [-0.5872833132743835, -24.025911331176758, 745.6998291015625], "obj_id": 3}, {"cam_R_m2c": [0.9699558019638062, 0.2412671595811844, 0.031238872557878494, 0.15202267467975616, -0.50084388256073, -0.8520824313163757, -0.18993371725082397, 0.8312312960624695, -0.5224745273590088], "cam_t_m2c": [-0.5872833132743835, -24.025911331176758, 745.6998291015625], "obj_id": 1}, {"cam_R_m2c": [0.9699558019638062, 0.2412671595811844, 0.031238872557878494, 0.15202267467975616, -0.50084388256073, -0.8520824313163757, -0.18993371725082397, 0.8312312960624695, -0.5224745273590088], "cam_t_m2c": [-0.5872833132743835, -24.025911331176758, 745.6998291015625], "obj_id": 2}, {"cam_R_m2c": [0.9699558019638062, 0.2412671595811844, 0.031238872557878494, 0.15202267467975616, -0.50084388256073, -0.8520824313163757, -0.18993371725082397, 0.8312312960624695, -0.5224745273590088], "cam_t_m2c": [-0.5872833132743835, -24.025911331176758, 745.6998291015625], "obj_id": 0}, {"cam_R_m2c": [0.9699558019638062, 0.2412671595811844, 0.031238872557878494, 0.15202267467975616, -0.50084388256073, -0.8520824313163757, -0.18993371725082397, 0.8312312960624695, -0.5224745273590088], "cam_t_m2c": [-0.5872833132743835, -24.025911331176758, 745.6998291015625], "obj_id": 3}, {"cam_R_m2c": [0.9699558019638062, 0.2412671595811844, 0.031238872557878494, 0.15202267467975616, -0.50084388256073, -0.8520824313163757, -0.18993371725082397, 0.8312312960624695, -0.5224745273590088], "cam_t_m2c": [-0.5872833132743835, -24.025911331176758, 745.6998291015625], "obj_id": 0}, {"cam_R_m2c": [0.9699558019638062, 0.2412671595811844, 0.031238872557878494, 0.15202267467975616, -0.50084388256073, -0.8520824313163757, -0.18993371725082397, 0.8312312960624695, -0.5224745273590088], "cam_t_m2c": [-0.5872833132743835, -24.025911331176758, 745.6998291015625], "obj_id": 3}, {"cam_R_m2c": [0.9699558019638062, 0.2412671595811844, 0.031238872557878494, 0.15202267467975616, -0.50084388256073, -0.8520824313163757, -0.18993371725082397, 0.8312312960624695, -0.5224745273590088], "cam_t_m2c": [-0.5872833132743835, -24.025911331176758, 745.6998291015625], "obj_id": 1}, {"cam_R_m2c": [0.9699558019638062, 0.2412671595811844, 0.031238872557878494, 0.15202267467975616, -0.50084388256073, -0.8520824313163757, -0.18993371725082397, 0.8312312960624695, -0.5224745273590088], "cam_t_m2c": [-0.5872833132743835, -24.025911331176758, 745.6998291015625], "obj_id": 0}, {"cam_R_m2c": [0.445467472076416, 0.8190014958381653, -0.36165615916252136, 0.01838962361216545, 0.39549511671066284, 0.9182839393615723, 0.8951091766357422, -0.4157163202762604, 0.16111910343170166], "cam_t_m2c": [214.830810546875, -114.7695541381836, 810.871337890625], "obj_id": 3}, {"cam_R_m2c": [0.1705692708492279, 0.7792067527770996, 0.6031110286712646, 0.856231689453125, 0.18569093942642212, -0.48206451535224915, -0.48762020468711853, 0.5986281633377075, -0.6355083584785461], "cam_t_m2c": [-30.06658172607422, -2.1476619243621826, 612.5584716796875], "obj_id": 3}, {"cam_R_m2c": [-0.4542485773563385, -0.8381149768829346, -0.30202892422676086, -0.518425464630127, 0.5243939757347107, -0.6754598617553711, 0.7244951725006104, -0.15024720132350922, -0.672705352306366], "cam_t_m2c": [110.03780364990234, -91.2470474243164, 766.243896484375], "obj_id": 0}, {"cam_R_m2c": [-0.03690822795033455, 0.9984163641929626, 0.04245764762163162, -0.8500381708145142, -0.009027649648487568, -0.5266438126564026, -0.52542644739151, -0.055528078228235245, 0.8490251302719116], "cam_t_m2c": [-307.8692932128906, -140.28643798828125, 821.2334594726562], "obj_id": 1}, {"cam_R_m2c": [0.07077465951442719, 0.22574742138385773, 0.9716115593910217, -0.7037689089775085, 0.7015857100486755, -0.11174440383911133, -0.7068948149681091, -0.6758813261985779, 0.20852850377559662], "cam_t_m2c": [139.13307189941406, -106.831787109375, 793.3999633789062], "obj_id": 0}, {"cam_R_m2c": [0.1678856462240219, 0.6089232563972473, 0.7752591967582703, -0.7222532629966736, 0.6112179160118103, -0.3236709535121918, -0.6709430813789368, -0.5055937767028809, 0.5424115657806396], "cam_t_m2c": [-203.68687438964844, -236.13455200195312, 983.77734375], "obj_id": 0}, {"cam_R_m2c": [0.02647721767425537, -0.9982666969299316, 0.05255948379635811, -0.5579168200492859, 0.028870560228824615, 0.829394519329071, -0.8294743299484253, -0.05128385126590729, -0.5561853647232056], "cam_t_m2c": [-104.68260955810547, 17.611347198486328, 575.873046875], "obj_id": 1}, {"cam_R_m2c": [0.8677287697792053, 0.43779242038726807, 0.23533941805362701, 0.43118342757225037, -0.8985564112663269, 0.08171556144952774, 0.24724017083644867, 0.030567510053515434, -0.9684720039367676], "cam_t_m2c": [64.8777084350586, -47.46640396118164, 692.1436767578125], "obj_id": 3}]
}