{
  "0": [{"cam_R_m2c": [-0.7779712080955505, -0.14134380221366882, -0.6121946573257446, 0.20221887528896332, 0.8661931157112122, -0.4569649398326874, 0.5948679447174072, -0.4793030023574829, -0.6452909111976624], "cam_t_m2c": [-720.1983642578125, -283.4891052246094, 1245.3702392578125], "obj_id": 0}, {"cam_R_m2c": [-0.5344287753105164, -0.5885159373283386, -0.6066586971282959, 0.7266669869422913, -0.6865042448043823, 0.02582501620054245, -0.43167224526405334, -0.42703723907470703, 0.7945427894592285], "cam_t_m2c": [-338.5513610839844, -60.28114318847656, 1279.0548095703125], "obj_id": 0}, {"cam_R_m2c": [0.5609052181243896, -0.5560532808303833, -0.613343358039856, -0.7052220106124878, 0.067143015563488, -0.7057999968528748, 0.4336441159248352, 0.82843017578125, -0.35448014736175537], "cam_t_m2c": [-393.7001953125, -157.12832641601562, 1328.4134521484375], "obj_id": 0}],
  "1": [{"cam_R_m2c": [-0.699713945388794, 0.2881077826023102, -0.6537540555000305, 0.712800145149231, 0.3431819975376129, -0.6116715669631958, 0.04812929034233093, -0.8939911127090454, -0.44549253582954407], "cam_t_m2c": [-803.9198608398438, 146.48524475097656, 1106.652587890625], "obj_id": 0}, {"cam_R_m2c": [-0.13025517761707306, -0.7546406984329224, -0.6430792808532715, 0.3636097311973572, -0.6397722363471985, 0.6771110892295837, -0.9223998785018921, -0.14563265442848206, 0.35772839188575745], "cam_t_m2c": [-372.594970703125, 242.1876220703125, 1144.6300048828125], "obj_id": 0}, {"cam_R_m2c": [0.16264905035495758, -0.5850195288658142, -0.7945421934127808, -0.35291174054145813, 0.7175008654594421, -0.600537896156311, 0.9214111566543579, 0.37808018922805786, -0.08975943177938461], "cam_t_m2c": [-468.37884521484375, 216.85736083984375, 1215.511474609375], "obj_id": 0}]
}