{
  "0": [{"cam_R_m2c": [0.7374064922332764, 0.2606721520423889, -0.6231225728988647, -0.3474961519241333, -0.6446710228919983, -0.680915355682373, -0.5792047381401062, 0.7186440825462341, -0.3848020136356354], "cam_t_m2c": [-113.48544311523438, 40.81850814819336, 283.3444519042969], "obj_id": 0}, {"cam_R_m2c": [0.7374064922332764, 0.2606721520423889, -0.6231225728988647, -0.3474961519241333, -0.6446710228919983, -0.680915355682373, -0.5792047381401062, 0.7186440825462341, -0.3848020136356354], "cam_t_m2c": [-113.48544311523438, 40.81850814819336, 283.3444519042969], "obj_id": 1}, {"cam_R_m2c": [0.7374064922332764, 0.2606721520423889, -0.6231225728988647, -0.3474961519241333, -0.6446710228919983, -0.680915355682373, -0.5792047381401062, 0.7186440825462341, -0.3848020136356354], "cam_t_m2c": [-113.48544311523438, 40.81850814819336, 283.3444519042969], "obj_id": 0}, {"cam_R_m2c": [0.7374064922332764, 0.2606721520423889, -0.6231225728988647, -0.3474961519241333, -0.6446710228919983, -0.680915355682373, -0.5792047381401062, 0.7186440825462341, -0.3848020136356354], "cam_t_m2c": [-113.48544311523438, 40.81850814819336, 283.3444519042969], "obj_id": 0}, {"cam_R_m2c": [0.7374064922332764, 0.2606721520423889, -0.6231225728988647, -0.3474961519241333, -0.6446710228919983, -0.680915355682373, -0.5792047381401062, 0.7186440825462341, -0.3848020136356354], "cam_t_m2c": [-113.48544311523438, 40.81850814819336, 283.3444519042969], "obj_id": 3}, {"cam_R_m2c": [0.7374064922332764, 0.2606721520423889, -0.6231225728988647, -0.3474961519241333, -0.6446710228919983, -0.680915355682373, -0.5792047381401062, 0.7186440825462341, -0.3848020136356354], "cam_t_m2c": [-113.48544311523438, 40.81850814819336, 283.3444519042969], "obj_id": 1}, {"cam_R_m2c": [0.7374064922332764, 0.2606721520423889, -0.6231225728988647, -0.3474961519241333, -0.6446710228919983, -0.680915355682373, -0.5792047381401062, 0.7186440825462341, -0.3848020136356354], "cam_t_m2c": [-113.48544311523438, 40.81850814819336, 283.3444519042969], "obj_id": 1}, {"cam_R_m2c": [0.7374064922332764, 0.2606721520423889, -0.6231225728988647, -0.3474961519241333, -0.6446710228919983, -0.680915355682373, -0.5792047381401062, 0.7186440825462341, -0.3848020136356354], "cam_t_m2c": [-113.48544311523438, 40.81850814819336, 283.3444519042969], "obj_id": 3}, {"cam_R_m2c": [0.7374064922332764, 0.2606721520423889, -0.6231225728988647, -0.3474961519241333, -0.6446710228919983, -0.680915355682373, -0.5792047381401062, 0.7186440825462341, -0.3848020136356354], "cam_t_m2c": [-113.48544311523438, 40.81850814819336, 283.3444519042969], "obj_id": 2}, {"cam_R_m2c": [0.7374064922332764, 0.2606721520423889, -0.6231225728988647, -0.3474961519241333, -0.6446710228919983, -0.680915355682373, -0.5792047381401062, 0.7186440825462341, -0.3848020136356354], "cam_t_m2c": [-113.48544311523438, 40.81850814819336, 283.3444519042969], "obj_id": 2}, {"cam_R_m2c": [0.7374064922332764, 0.2606721520423889, -0.6231225728988647, -0.3474961519241333, -0.6446710228919983, -0.680915355682373, -0.5792047381401062, 0.7186440825462341, -0.3848020136356354], "cam_t_m2c": [-113.48544311523438, 40.81850814819336, 283.3444519042969], "obj_id": 0}, {"cam_R_m2c": [0.7374064922332764, 0.2606721520423889, -0.6231225728988647, -0.3474961519241333, -0.6446710228919983, -0.680915355682373, -0.5792047381401062, 0.7186440825462341, -0.3848020136356354], "cam_t_m2c": [-113.48544311523438, 40.81850814819336, 283.3444519042969], "obj_id": 2}, {"cam_R_m2c": [0.7374064922332764, 0.2606721520423889, -0.6231225728988647, -0.3474961519241333, -0.6446710228919983, -0.680915355682373, -0.5792047381401062, 0.7186440825462341, -0.3848020136356354], "cam_t_m2c": [-113.48544311523438, 40.81850814819336, 283.3444519042969], "obj_id": 2}, {"cam_R_m2c": [0.7374064922332764, 0.2606721520423889, -0.6231225728988647, -0.3474961519241333, -0.6446710228919983, -0.680915355682373, -0.5792047381401062, 0.7186440825462341, -0.3848020136356354], "cam_t_m2c": [-113.48544311523438, 40.81850814819336, 283.3444519042969], "obj_id": 2}, {"cam_R_m2c": [0.7374064922332764, 0.2606721520423889, -0.6231225728988647, -0.3474961519241333, -0.6446710228919983, -0.680915355682373, -0.5792047381401062, 0.7186440825462341, -0.3848020136356354], "cam_t_m2c": [-113.48544311523438, 40.81850814819336, 283.3444519042969], "obj_id": 3}, {"cam_R_m2c": [0.7374064922332764, 0.2606721520423889, -0.6231225728988647, -0.3474961519241333, -0.6446710228919983, -0.680915355682373, -0.5792047381401062, 0.7186440825462341, -0.3848020136356354], "cam_t_m2c": [-113.48544311523438, 40.81850814819336, 283.3444519042969], "obj_id": 2}, {"cam_R_m2c": [0.7374064922332764, 0.2606721520423889, -0.6231225728988647, -0.3474961519241333, -0.6446710228919983, -0.680915355682373, -0.5792047381401062, 0.7186440825462341, -0.3848020136356354], "cam_t_m2c": [-113.48544311523438, 40.81850814819336, 283.3444519042969], "obj_id": 2}, {"cam_R_m2c": [0.7374064922332764, 0.2606721520423889, -0.6231225728988647, -0.3474961519241333, -0.6446710228919983, -0.680915355682373, -0.5792047381401062, 0.7186440825462341, -0.3848020136356354], "cam_t_m2c": [-113.48544311523438, 40.81850814819336, 283.3444519042969], "obj_id": 0}, {"cam_R_m2c": [0.7374064922332764, 0.2606721520423889, -0.6231225728988647, -0.3474961519241333, -0.6446710228919983, -0.680915355682373, -0.5792047381401062, 0.7186440825462341, -0.3848020136356354], "cam_t_m2c": [-113.48544311523438, 40.81850814819336, 283.3444519042969], "obj_id": 0}, {"cam_R_m2c": [0.7374064922332764, 0.2606721520423889, -0.6231225728988647, -0.3474961519241333, -0.6446710228919983, -0.680915355682373, -0.5792047381401062, 0.7186440825462341, -0.3848020136356354], "cam_t_m2c": [-113.48544311523438, 40.81850814819336, 283.3444519042969], "obj_id": 3}, {"cam_R_m2c": [0.7374064922332764, 0.2606721520423889, -0.6231225728988647, -0.3474961519241333, -0.6446710228919983, -0.680915355682373, -0.5792047381401062, 0.7186440825462341, -0.3848020136356354], "cam_t_m2c": [-113.48544311523438, 40.81850814819336, 283.3444519042969], "obj_id": 1}, {"cam_R_m2c": [0.7374064922332764, 0.2606721520423889, -0.6231225728988647, -0.3474961519241333, -0.6446710228919983, -0.680915355682373, -0.5792047381401062, 0.7186440825462341, -0.3848020136356354], "cam_t_m2c": [-113.48544311523438, 40.81850814819336, 283.3444519042969], "obj_id": 1}, {"cam_R_m2c": [0.7374064922332764, 0.2606721520423889, -0.6231225728988647, -0.3474961519241333, -0.6446710228919983, -0.680915355682373, -0.5792047381401062, 0.7186440825462341, -0.3848020136356354], "cam_t_m2c": [-113.48544311523438, 40.81850814819336, 283.3444519042969], "obj_id": 1}, {"cam_R_m2c": [0.7374064922332764, 0.2606721520423889, -0.6231225728988647, -0.3474961519241333, -0.6446710228919983, -0.680915355682373, -0.5792047381401062, 0.7186440825462341, -0.3848020136356354], "cam_t_m2c": [-113.48544311523438, 40.81850814819336, 283.3444519042969], "obj_id": 2}, {"cam_R_m2c": [0.9004390239715576, -0.42967233061790466, -0.06775880604982376, 0.34967607259750366, 0.8076656460762024, -0.4747661352157593, 0.2587203085422516, 0.40380430221557617, 0.8774997591972351], "cam_t_m2c": [-26.87882423400879, -15.173904418945312, 166.5084686279297], "obj_id": 3}, {"cam_R_m2c": [-0.5844821333885193, -0.6631874442100525, 0.46750733256340027, 0.8102506995201111, -0.5077781081199646, 0.29266923666000366, 0.043295420706272125, 0.549858033657074, 0.8341352343559265], "cam_t_m2c": [-22.252674102783203, -140.5107421875, 364.7015075683594], "obj_id": 0}, {"cam_R_m2c": [-0.8296390175819397, -0.5325740575790405, -0.16752256453037262, -0.3968559801578522, 0.7736077904701233, -0.4940003454685211, 0.3926885426044464, -0.34335967898368835, -0.8531703948974609], "cam_t_m2c": [4848.16015625, 5371.625, 3203.430908203125], "obj_id": 2}, {"cam_R_m2c": [0.8985700011253357, 0.3218548893928528, 0.2982974350452423, 0.4115927815437317, -0.8538926243782043, -0.3185255527496338, 0.152195006608963, 0.40899458527565, -0.8997554779052734], "cam_t_m2c": [-176.20758056640625, -16.78571891784668, 426.5429382324219], "obj_id": 3}, {"cam_R_m2c": [-0.7786509394645691, -0.5948778390884399, -0.19955693185329437, 0.4939652383327484, -0.3850489854812622, -0.7795739769935608, 0.38691210746765137, -0.7055902481079102, 0.5936678051948547], "cam_t_m2c": [-200.56370544433594, 110.64537811279297, 280.0047912597656], "obj_id": 3}, {"cam_R_m2c": [0.5491388440132141, -0.18128064274787903, 0.8158332109451294, 0.8051080703735352, 0.3765840530395508, -0.4582415521144867, -0.22415943443775177, 0.9084721803665161, 0.35274747014045715], "cam_t_m2c": [-7.659679412841797, -73.95549774169922, 231.72386169433594], "obj_id": 1}, {"cam_R_m2c": [0.23156046867370605, 0.968137264251709, -0.09534130990505219, 0.918136715888977, -0.2498876005411148, -0.3075404763221741, -0.32156601548194885, -0.016322143375873566, -0.9467464685440063], "cam_t_m2c": [-114.83538055419922, 89.43761444091797, 107.79200744628906], "obj_id": 0}, {"cam_R_m2c": [-0.5082902312278748, -0.05359300225973129, 0.8595165610313416, 0.31120333075523376, -0.9420472979545593, 0.12529657781124115, 0.8029902577400208, 0.331171452999115, 0.49551188945770264], "cam_t_m2c": [-332.7005920410156, 165.78823852539062, 325.41754150390625], "obj_id": 0}],
  "1": [{"cam_R_m2c": [0.31295743584632874, -0.9411340355873108, 0.12776672840118408, -0.41844433546066284, -0.257392555475235, -0.8710070252418518, 0.8526206016540527, 0.21912482380867004, -0.47436508536338806], "cam_t_m2c": [-64.4453353881836, 60.095191955566406, 47.578792572021484], "obj_id": 0}, {"cam_R_m2c": [0.31295743584632874, -0.9411340355873108, 0.12776672840118408, -0.41844433546066284, -0.257392555475235, -0.8710070252418518, 0.8526206016540527, 0.21912482380867004, -0.47436508536338806], "cam_t_m2c": [-64.4453353881836, 60.095191955566406, 47.578792572021484], "obj_id": 1}, {"cam_R_m2c": [0.31295743584632874, -0.9411340355873108, 0.12776672840118408, -0.41844433546066284, -0.257392555475235, -0.8710070252418518, 0.8526206016540527, 0.21912482380867004, -0.47436508536338806], "cam_t_m2c": [-64.4453353881836, 60.095191955566406, 47.578792572021484], "obj_id": 0}, {"cam_R_m2c": [0.31295743584632874, -0.9411340355873108, 0.12776672840118408, -0.41844433546066284, -0.257392555475235, -0.8710070252418518, 0.8526206016540527, 0.21912482380867004, -0.47436508536338806], "cam_t_m2c": [-64.4453353881836, 60.095191955566406, 47.578792572021484], "obj_id": 0}, {"cam_R_m2c": [0.31295743584632874, -0.9411340355873108, 0.12776672840118408, -0.41844433546066284, -0.257392555475235, -0.8710070252418518, 0.8526206016540527, 0.21912482380867004, -0.47436508536338806], "cam_t_m2c": [-64.4453353881836, 60.095191955566406, 47.578792572021484], "obj_id": 3}, {"cam_R_m2c": [0.31295743584632874, -0.9411340355873108, 0.12776672840118408, -0.41844433546066284, -0.257392555475235, -0.8710070252418518, 0.8526206016540527, 0.21912482380867004, -0.47436508536338806], "cam_t_m2c": [-64.4453353881836, 60.095191955566406, 47.578792572021484], "obj_id": 1}, {"cam_R_m2c": [0.31295743584632874, -0.9411340355873108, 0.12776672840118408, -0.41844433546066284, -0.257392555475235, -0.8710070252418518, 0.8526206016540527, 0.21912482380867004, -0.47436508536338806], "cam_t_m2c": [-64.4453353881836, 60.095191955566406, 47.578792572021484], "obj_id": 1}, {"cam_R_m2c": [0.31295743584632874, -0.9411340355873108, 0.12776672840118408, -0.41844433546066284, -0.257392555475235, -0.8710070252418518, 0.8526206016540527, 0.21912482380867004, -0.47436508536338806], "cam_t_m2c": [-64.4453353881836, 60.095191955566406, 47.578792572021484], "obj_id": 3}, {"cam_R_m2c": [0.31295743584632874, -0.9411340355873108, 0.12776672840118408, -0.41844433546066284, -0.257392555475235, -0.8710070252418518, 0.8526206016540527, 0.21912482380867004, -0.47436508536338806], "cam_t_m2c": [-64.4453353881836, 60.095191955566406, 47.578792572021484], "obj_id": 2}, {"cam_R_m2c": [0.31295743584632874, -0.9411340355873108, 0.12776672840118408, -0.41844433546066284, -0.257392555475235, -0.8710070252418518, 0.8526206016540527, 0.21912482380867004, -0.47436508536338806], "cam_t_m2c": [-64.4453353881836, 60.095191955566406, 47.578792572021484], "obj_id": 2}, {"cam_R_m2c": [0.31295743584632874, -0.9411340355873108, 0.12776672840118408, -0.41844433546066284, -0.257392555475235, -0.8710070252418518, 0.8526206016540527, 0.21912482380867004, -0.47436508536338806], "cam_t_m2c": [-64.4453353881836, 60.095191955566406, 47.578792572021484], "obj_id": 0}, {"cam_R_m2c": [0.31295743584632874, -0.9411340355873108, 0.12776672840118408, -0.41844433546066284, -0.257392555475235, -0.8710070252418518, 0.8526206016540527, 0.21912482380867004, -0.47436508536338806], "cam_t_m2c": [-64.4453353881836, 60.095191955566406, 47.578792572021484], "obj_id": 2}, {"cam_R_m2c": [0.31295743584632874, -0.9411340355873108, 0.12776672840118408, -0.41844433546066284, -0.257392555475235, -0.8710070252418518, 0.8526206016540527, 0.21912482380867004, -0.47436508536338806], "cam_t_m2c": [-64.4453353881836, 60.095191955566406, 47.578792572021484], "obj_id": 2}, {"cam_R_m2c": [0.31295743584632874, -0.9411340355873108, 0.12776672840118408, -0.41844433546066284, -0.257392555475235, -0.8710070252418518, 0.8526206016540527, 0.21912482380867004, -0.47436508536338806], "cam_t_m2c": [-64.4453353881836, 60.095191955566406, 47.578792572021484], "obj_id": 2}, {"cam_R_m2c": [0.31295743584632874, -0.9411340355873108, 0.12776672840118408, -0.41844433546066284, -0.257392555475235, -0.8710070252418518, 0.8526206016540527, 0.21912482380867004, -0.47436508536338806], "cam_t_m2c": [-64.4453353881836, 60.095191955566406, 47.578792572021484], "obj_id": 3}, {"cam_R_m2c": [0.31295743584632874, -0.9411340355873108, 0.12776672840118408, -0.41844433546066284, -0.257392555475235, -0.8710070252418518, 0.8526206016540527, 0.21912482380867004, -0.47436508536338806], "cam_t_m2c": [-64.4453353881836, 60.095191955566406, 47.578792572021484], "obj_id": 2}, {"cam_R_m2c": [0.31295743584632874, -0.9411340355873108, 0.12776672840118408, -0.41844433546066284, -0.257392555475235, -0.8710070252418518, 0.8526206016540527, 0.21912482380867004, -0.47436508536338806], "cam_t_m2c": [-64.4453353881836, 60.095191955566406, 47.578792572021484], "obj_id": 2}, {"cam_R_m2c": [0.31295743584632874, -0.9411340355873108, 0.12776672840118408, -0.41844433546066284, -0.257392555475235, -0.8710070252418518, 0.8526206016540527, 0.21912482380867004, -0.47436508536338806], "cam_t_m2c": [-64.4453353881836, 60.095191955566406, 47.578792572021484], "obj_id": 0}, {"cam_R_m2c": [0.31295743584632874, -0.9411340355873108, 0.12776672840118408, -0.41844433546066284, -0.257392555475235, -0.8710070252418518, 0.8526206016540527, 0.21912482380867004, -0.47436508536338806], "cam_t_m2c": [-64.4453353881836, 60.095191955566406, 47.578792572021484], "obj_id": 0}, {"cam_R_m2c": [0.31295743584632874, -0.9411340355873108, 0.12776672840118408, -0.41844433546066284, -0.257392555475235, -0.8710070252418518, 0.8526206016540527, 0.21912482380867004, -0.47436508536338806], "cam_t_m2c": [-64.4453353881836, 60.095191955566406, 47.578792572021484], "obj_id": 3}, {"cam_R_m2c": [0.31295743584632874, -0.9411340355873108, 0.12776672840118408, -0.41844433546066284, -0.257392555475235, -0.8710070252418518, 0.8526206016540527, 0.21912482380867004, -0.47436508536338806], "cam_t_m2c": [-64.4453353881836, 60.095191955566406, 47.578792572021484], "obj_id": 1}, {"cam_R_m2c": [0.31295743584632874, -0.9411340355873108, 0.12776672840118408, -0.41844433546066284, -0.257392555475235, -0.8710070252418518, 0.8526206016540527, 0.21912482380867004, -0.47436508536338806], "cam_t_m2c": [-64.4453353881836, 60.095191955566406, 47.578792572021484], "obj_id": 1}, {"cam_R_m2c": [0.31295743584632874, -0.9411340355873108, 0.12776672840118408, -0.41844433546066284, -0.257392555475235, -0.8710070252418518, 0.8526206016540527, 0.21912482380867004, -0.47436508536338806], "cam_t_m2c": [-64.4453353881836, 60.095191955566406, 47.578792572021484], "obj_id": 1}, {"cam_R_m2c": [0.31295743584632874, -0.9411340355873108, 0.12776672840118408, -0.41844433546066284, -0.257392555475235, -0.8710070252418518, 0.8526206016540527, 0.21912482380867004, -0.47436508536338806], "cam_t_m2c": [-64.4453353881836, 60.095191955566406, 47.578792572021484], "obj_id": 2}, {"cam_R_m2c": [-0.175682932138443, 0.006229735445231199, -0.9844270944595337, 0.5682679414749146, 0.8171957731246948, -0.09624284505844116, 0.8038700819015503, -0.5763265490531921, -0.14710751175880432], "cam_t_m2c": [10.331605911254883, -21.93968391418457, 156.9643096923828], "obj_id": 3}, {"cam_R_m2c": [0.34876903891563416, -0.644829273223877, -0.6801140904426575, 0.652147114276886, -0.35420483350753784, 0.670255720615387, -0.6731004118919373, -0.677298903465271, 0.29698804020881653], "cam_t_m2c": [-221.3297882080078, -56.72230911254883, 145.37255859375], "obj_id": 0}, {"cam_R_m2c": [-0.44105270504951477, 0.6794298887252808, 0.586385190486908, -0.34339404106140137, 0.4758954644203186, -0.8096938133239746, -0.8291881680488586, -0.558478832244873, 0.023417184129357338], "cam_t_m2c": [-988.6974487304688, 6856.7197265625, 3857.301513671875], "obj_id": 2}, {"cam_R_m2c": [-0.053466636687517166, -0.7520983219146729, 0.6568785905838013, 0.5821372866630554, -0.5579497814178467, -0.5914458632469177, 0.8113306760787964, 0.35077089071273804, 0.4676561653614044], "cam_t_m2c": [-212.06118774414062, 53.73011779785156, -29.409343719482422], "obj_id": 3}, {"cam_R_m2c": [-0.0745135173201561, 0.5375816226005554, -0.8399129509925842, 0.4685373306274414, -0.724626898765564, -0.5053600072860718, -0.8802957534790039, -0.431186705827713, -0.19788260757923126], "cam_t_m2c": [-24.520408630371094, 107.38772583007812, -45.367347717285156], "obj_id": 3}, {"cam_R_m2c": [0.4824289381504059, -0.651941180229187, -0.5850085616111755, 0.7319164872169495, 0.6669288277626038, -0.13965721428394318, 0.48120737075805664, -0.3608027696609497, 0.7989122867584229], "cam_t_m2c": [-74.77123260498047, -46.29117202758789, 172.52745056152344], "obj_id": 1}, {"cam_R_m2c": [0.6471107006072998, -0.1790609210729599, 0.7410700917243958, 0.7428418397903442, -0.07064972072839737, -0.6657284498214722, 0.17156243324279785, 0.9812979102134705, 0.08729580044746399], "cam_t_m2c": [114.848876953125, 34.92762756347656, 67.6905746459961], "obj_id": 0}, {"cam_R_m2c": [-0.5523699522018433, -0.6824055314064026, -0.4787590503692627, 0.5117508172988892, -0.7309608459472656, 0.4514503479003906, -0.6580263376235962, 0.004362273029983044, 0.7529823184013367], "cam_t_m2c": [-30.59456443786621, 153.00912475585938, -188.35336303710938], "obj_id": 0}]
}