{
  "0": [{"cam_R_m2c": [0.9685646295547485, -0.19859841465950012, 0.14980389177799225, 0.23867006599903107, 0.9116660356521606, -0.3345170021057129, -0.07013656944036484, 0.3597550392150879, 0.9304069876670837], "cam_t_m2c": [-211.93902587890625, -176.32305908203125, 926.1085815429688], "obj_id": 3}, {"cam_R_m2c": [-0.06565558910369873, -0.26554325222969055, 0.9618607759475708, -0.28506097197532654, -0.9187778234481812, -0.2731071710586548, 0.9562581181526184, -0.29211995005607605, -0.015373112633824348], "cam_t_m2c": [-464.9418029785156, -305.4027404785156, 832.2127685546875], "obj_id": 3}, {"cam_R_m2c": [0.6542253494262695, 0.46184906363487244, -0.5989028215408325, 0.6930057406425476, -0.048956237733364105, 0.7192678451538086, 0.3028731644153595, -0.8856063485145569, -0.3520924746990204], "cam_t_m2c": [-407.0929260253906, -203.2243194580078, 658.5143432617188], "obj_id": 3}, {"cam_R_m2c": [-0.7318243384361267, -0.1729723960161209, 0.6591765284538269, -0.20754438638687134, -0.864738941192627, -0.45733124017715454, 0.6491212844848633, -0.47149452567100525, 0.5969375967979431], "cam_t_m2c": [-458.7142639160156, -314.1097412109375, 890.6514282226562], "obj_id": 3}, {"cam_R_m2c": [-0.26196423172950745, 0.1271655112504959, -0.9566628336906433, -0.23306725919246674, -0.9702756404876709, -0.06515388935804367, -0.9365118741989136, 0.20589879155158997, 0.28381553292274475], "cam_t_m2c": [-436.9637451171875, -267.9925537109375, 1027.02099609375], "obj_id": 3}, {"cam_R_m2c": [0.1451577991247177, 0.37046828866004944, -0.9174324870109558, 0.10779229551553726, -0.9276555180549622, -0.35754138231277466, -0.9835191369056702, -0.04699225723743439, -0.17458997666835785], "cam_t_m2c": [-309.31085205078125, -37.628395080566406, 951.548583984375], "obj_id": 3}, {"cam_R_m2c": [0.25817954540252686, 0.6466242074966431, 0.717788577079773, 0.9656098484992981, -0.1963074803352356, -0.1704729199409485, 0.030675362795591354, 0.7371163368225098, -0.6750692129135132], "cam_t_m2c": [-223.75453186035156, -4.146230220794678, 874.5056762695312], "obj_id": 3}, {"cam_R_m2c": [-0.26767340302467346, 0.5313411355018616, -0.8037583827972412, 0.9023689031600952, 0.4306744337081909, -0.01580715738236904, 0.33775919675827026, -0.7295177578926086, -0.5947458148002625], "cam_t_m2c": [-187.5833740234375, -141.40138244628906, 929.8531494140625], "obj_id": 3}, {"cam_R_m2c": [-0.8224294185638428, 0.5036988854408264, 0.2643806040287018, 0.0661846473813057, -0.3768693804740906, 0.9238987565040588, 0.5650038123130798, 0.777339518070221, 0.27661144733428955], "cam_t_m2c": [-473.470703125, -379.82177734375, 839.5990600585938], "obj_id": 3}, {"cam_R_m2c": [-0.7268245220184326, -0.6745273470878601, 0.1293787807226181, -0.4219776690006256, 0.28993329405784607, -0.8589956164360046, 0.541904866695404, -0.6789340972900391, -0.49536606669425964], "cam_t_m2c": [-445.42083740234375, -238.80758666992188, 821.0056762695312], "obj_id": 3}, {"cam_R_m2c": [-0.7799166440963745, 0.14935125410556793, -0.6078029274940491, 0.08361479640007019, -0.9375439882278442, -0.3376685380935669, -0.6202731132507324, -0.314174622297287, 0.7187180519104004], "cam_t_m2c": [-392.7181091308594, 13.863167762756348, 698.3348388671875], "obj_id": 3}, {"cam_R_m2c": [0.5355671644210815, 0.8245533108711243, 0.18242694437503815, 0.7800976634025574, -0.4003114700317383, -0.48083066940307617, -0.32344290614128113, 0.3998279571533203, -0.8576257824897766], "cam_t_m2c": [-310.9295654296875, -42.49898910522461, 891.1270751953125], "obj_id": 3}, {"cam_R_m2c": [0.3552475571632385, 0.8367513418197632, 0.41670894622802734, 0.07500915974378586, -0.4698660373687744, 0.8795449733734131, 0.9317578673362732, -0.281199187040329, -0.22968271374702454], "cam_t_m2c": [-126.40990447998047, -20.728309631347656, 914.5845336914062], "obj_id": 3}, {"cam_R_m2c": [-0.6058225631713867, 0.6813538074493408, -0.4107745885848999, 0.7950806021690369, 0.5371364951133728, -0.28165778517723083, 0.028733402490615845, -0.4972335994243622, -0.8671406507492065], "cam_t_m2c": [-84.23783874511719, -78.80496978759766, 946.0252075195312], "obj_id": 3}, {"cam_R_m2c": [0.8992517590522766, -0.12883810698986053, 0.41802752017974854, -0.40772709250450134, 0.09927567094564438, 0.9076910018920898, -0.15844514966011047, -0.9866839051246643, 0.036743033677339554], "cam_t_m2c": [-353.3453369140625, 1.1356819868087769, 784.087890625], "obj_id": 3}, {"cam_R_m2c": [-0.3860160708427429, -0.6771195530891418, 0.6264985799789429, -0.2930139899253845, -0.5539688467979431, -0.7792696356773376, 0.874719500541687, -0.4843835234642029, 0.015435506589710712], "cam_t_m2c": [-444.8450622558594, -6.263667583465576, 915.5423583984375], "obj_id": 3}, {"cam_R_m2c": [0.2108004093170166, 0.9323427081108093, 0.2937689423561096, -0.2331642359495163, -0.24389109015464783, 0.9413561820983887, 0.9493142366409302, -0.26693466305732727, 0.16597667336463928], "cam_t_m2c": [-344.5487365722656, -320.4666442871094, 709.6300048828125], "obj_id": 3}, {"cam_R_m2c": [-0.958674430847168, -0.24737907946109772, 0.14052434265613556, -0.27266964316368103, 0.9398773312568665, -0.20562566816806793, -0.08120814710855484, -0.23544476926326752, -0.9684891104698181], "cam_t_m2c": [-185.64718627929688, -68.5003662109375, 833.81689453125], "obj_id": 3}, {"cam_R_m2c": [0.2812780439853668, -0.419403612613678, 0.8631241321563721, -0.9055984020233154, 0.18152771890163422, 0.3833264708518982, -0.3174494504928589, -0.8894651532173157, -0.32875147461891174], "cam_t_m2c": [-470.6914367675781, -334.5934753417969, 694.0716552734375], "obj_id": 3}, {"cam_R_m2c": [-0.8679928183555603, 0.09101402759552002, -0.48816463351249695, 0.3493559956550598, -0.5867047309875488, -0.7305667996406555, -0.35290035605430603, -0.8046700358390808, 0.4774593114852905], "cam_t_m2c": [-192.82887268066406, -314.7701110839844, 663.5829467773438], "obj_id": 3}, {"cam_R_m2c": [-0.6519556641578674, 0.5967574119567871, -0.46779727935791016, 0.7405135631561279, 0.3684087097644806, -0.5620627999305725, -0.1630745530128479, -0.7128503322601318, -0.68209308385849], "cam_t_m2c": [-436.583740234375, -401.24969482421875, 970.487548828125], "obj_id": 3}, {"cam_R_m2c": [-0.5326831936836243, 0.8068739175796509, 0.2553486227989197, -0.21575164794921875, 0.16228057444095612, -0.9628686904907227, -0.8183518052101135, -0.5679959654808044, 0.08764033764600754], "cam_t_m2c": [-255.44091796875, -172.53582763671875, 661.557373046875], "obj_id": 3}, {"cam_R_m2c": [-0.6046590209007263, 0.7069903612136841, 0.3668135106563568, -0.6353229880332947, -0.7058746218681335, 0.31321844458580017, 0.4803667366504669, -0.04365469142794609, 0.8759806156158447], "cam_t_m2c": [-195.48458862304688, 18.606399536132812, 863.3821411132812], "obj_id": 3}, {"cam_R_m2c": [-0.5049232840538025, -0.6804513931274414, 0.5310727953910828, -0.6481737494468689, 0.7052109241485596, 0.28731223940849304, -0.5700203776359558, -0.19915680587291718, -0.7971281409263611], "cam_t_m2c": [-240.2793731689453, -0.7339315414428711, 942.08984375], "obj_id": 3}, {"cam_R_m2c": [-0.22637943923473358, -0.21770022809505463, 0.9493991732597351, -0.18482652306556702, 0.9665956497192383, 0.17757245898246765, -0.9563426971435547, -0.13527539372444153, -0.25905415415763855], "cam_t_m2c": [-177.88792419433594, -43.055484771728516, 865.3162841796875], "obj_id": 3}, {"cam_R_m2c": [-0.3237065374851227, 0.5638282299041748, 0.759810209274292, -0.4368720054626465, 0.6232503652572632, -0.6486152410507202, -0.8392595648765564, -0.5419009327888489, 0.04457063600420952], "cam_t_m2c": [-286.4765319824219, -391.08135986328125, 923.192138671875], "obj_id": 3}, {"cam_R_m2c": [-0.8719558715820312, 0.37318718433380127, 0.3168978691101074, -0.48720797896385193, -0.7251234650611877, -0.48664602637290955, 0.04818001762032509, -0.5787290334701538, 0.8140954375267029], "cam_t_m2c": [-216.11947631835938, -159.80523681640625, 727.0435180664062], "obj_id": 3}, {"cam_R_m2c": [-0.7365506291389465, 0.6101876497268677, -0.2918291687965393, 0.14146482944488525, -0.28294089436531067, -0.9486475586891174, -0.6614234447479248, -0.7400104999542236, 0.12208015471696854], "cam_t_m2c": [-389.3794250488281, -279.3218688964844, 589.4306030273438], "obj_id": 3}, {"cam_R_m2c": [0.03888624906539917, 0.5991873145103455, 0.7996639609336853, -0.6848648190498352, -0.5667605400085449, 0.4579768180847168, 0.7276318669319153, -0.5654706954956055, 0.3883230686187744], "cam_t_m2c": [-371.4064025878906, 59.938472747802734, 667.5746459960938], "obj_id": 1}, {"cam_R_m2c": [0.42249563336372375, 0.013300896622240543, -0.9062673449516296, 0.6144121289253235, -0.7392908334732056, 0.27558448910713196, -0.6663296222686768, -0.6732549071311951, -0.3205193877220154], "cam_t_m2c": [-382.41796875, -264.78753662109375, 963.3284912109375], "obj_id": 1}, {"cam_R_m2c": [-0.36090585589408875, -0.4186684191226959, 0.8333447575569153, 0.9323768615722656, -0.1423404961824417, 0.332283616065979, -0.020497886463999748, 0.8969146013259888, 0.441728413105011], "cam_t_m2c": [-156.17257690429688, -139.4932403564453, 881.0306396484375], "obj_id": 1}, {"cam_R_m2c": [-0.012981860898435116, -0.7776697874069214, 0.6285388469696045, -0.9417393803596497, 0.2207920402288437, 0.25372758507728577, -0.33609262108802795, -0.5886259078979492, -0.7352285385131836], "cam_t_m2c": [-367.26263427734375, -382.03887939453125, 960.2798461914062], "obj_id": 1}, {"cam_R_m2c": [0.9358590245246887, 0.14916212856769562, 0.31924688816070557, -0.18089991807937622, 0.9808616638183594, 0.07201137393712997, -0.30239567160606384, -0.12514422833919525, 0.9449316263198853], "cam_t_m2c": [-314.38671875, 65.31180572509766, 678.02001953125], "obj_id": 1}, {"cam_R_m2c": [0.33518925309181213, -0.5142124891281128, -0.7894514799118042, -0.43015316128730774, -0.8290179967880249, 0.3573477268218994, -0.8382222056388855, 0.21980595588684082, -0.499068021774292], "cam_t_m2c": [-213.3115692138672, -165.14344787597656, 566.9420166015625], "obj_id": 1}, {"cam_R_m2c": [0.16868676245212555, 0.9647000432014465, 0.20223397016525269, -0.15880197286605835, -0.17589478194713593, 0.9715157747268677, 0.9727932214736938, -0.19599699974060059, 0.12352515012025833], "cam_t_m2c": [-207.96453857421875, 55.33722686767578, 705.9611206054688], "obj_id": 1}, {"cam_R_m2c": [-0.3884776830673218, 0.5999272465705872, -0.6994085907936096, -0.27765852212905884, 0.6475332379341125, 0.7096523642539978, 0.8786301016807556, 0.4698808789253235, -0.08497729897499084], "cam_t_m2c": [-462.6802978515625, -234.49253845214844, 826.0274658203125], "obj_id": 1}, {"cam_R_m2c": [-0.7895351052284241, -0.3214268684387207, -0.5227990746498108, -0.5786546468734741, 0.6736702919006348, 0.459703266620636, 0.20443320274353027, 0.6654720306396484, -0.717881441116333], "cam_t_m2c": [-398.1923828125, -252.8646240234375, 715.7399291992188], "obj_id": 1}, {"cam_R_m2c": [-0.7254428267478943, -0.12514720857143402, 0.6768091320991516, 0.10316459834575653, 0.9524515867233276, 0.2866933345794678, -0.6805068254470825, 0.27780240774154663, -0.6780383586883545], "cam_t_m2c": [-344.4595642089844, 40.99733352661133, 648.80322265625], "obj_id": 1}, {"cam_R_m2c": [-0.721215009689331, -0.6925700306892395, 0.01399092748761177, 0.5371416807174683, -0.571883499622345, -0.620022714138031, 0.43741029500961304, -0.43965455889701843, 0.784459114074707], "cam_t_m2c": [-211.38351440429688, -226.19564819335938, 939.7261352539062], "obj_id": 1}, {"cam_R_m2c": [0.5146726369857788, 0.7047975659370422, 0.48823392391204834, 0.6143476963043213, 0.09406749159097672, -0.783407986164093, -0.5980709791183472, 0.7031440138816833, -0.38457679748535156], "cam_t_m2c": [-427.9562072753906, -77.43800354003906, 924.0110473632812], "obj_id": 1}, {"cam_R_m2c": [0.9612904191017151, -0.25849947333335876, -0.09538746625185013, 0.19372022151947021, 0.38787466287612915, 0.9011246562004089, -0.19594188034534454, -0.8847209811210632, 0.4229367673397064], "cam_t_m2c": [-208.8296356201172, 65.86629486083984, 622.94873046875], "obj_id": 1}, {"cam_R_m2c": [0.4560844600200653, 0.5541033148765564, -0.6963881254196167, 0.8537784814834595, -0.05164819955825806, 0.518068253993988, 0.2510961592197418, -0.8308441042900085, -0.4966374337673187], "cam_t_m2c": [-430.58404541015625, -323.5110778808594, 642.7930297851562], "obj_id": 1}, {"cam_R_m2c": [-0.5410673022270203, 0.26624569296836853, -0.7977213859558105, 0.29831913113594055, -0.8261131644248962, -0.47806140780448914, -0.7862899303436279, -0.4966389536857605, 0.367556631565094], "cam_t_m2c": [-307.6764221191406, -16.104936599731445, 979.1469116210938], "obj_id": 1}, {"cam_R_m2c": [-0.21037162840366364, 0.3170796036720276, -0.9247724413871765, 0.9744173288345337, 0.14453032612800598, -0.17210963368415833, 0.07908514142036438, -0.9373213648796082, -0.3393728733062744], "cam_t_m2c": [-376.9763488769531, -136.88009643554688, 967.2522583007812], "obj_id": 1}, {"cam_R_m2c": [0.1337013840675354, 0.8722034692764282, 0.47051581740379333, 0.5269089937210083, 0.33954688906669617, -0.7791500687599182, -0.839339554309845, 0.3520924746990204, -0.41417396068573], "cam_t_m2c": [-175.13824462890625, -89.59750366210938, 847.5913696289062], "obj_id": 1}, {"cam_R_m2c": [0.1510002762079239, 0.981717586517334, 0.11588437110185623, -0.04637189581990242, -0.1100648045539856, 0.992841899394989, 0.9874453544616699, -0.1552930474281311, 0.028904438018798828], "cam_t_m2c": [-329.40679931640625, 14.561336517333984, 868.18017578125], "obj_id": 1}, {"cam_R_m2c": [-0.40186023712158203, -0.8579590916633606, -0.3200221657752991, -0.4546416401863098, -0.11642436683177948, 0.8830323219299316, -0.7948641180992126, 0.5003511309623718, -0.3432774841785431], "cam_t_m2c": [-310.7186279296875, -99.89025115966797, 949.55419921875], "obj_id": 1}, {"cam_R_m2c": [0.4680982828140259, -0.2845313549041748, 0.8366157412528992, -0.21300779283046722, -0.955159068107605, -0.20566684007644653, 0.8576197624206543, -0.0819333866238594, -0.5077157020568848], "cam_t_m2c": [-491.9994812011719, -368.8368225097656, 804.0125732421875], "obj_id": 1}, {"cam_R_m2c": [-0.0997312143445015, 0.34017691016197205, -0.9350578784942627, -0.9420984983444214, -0.33466076850891113, -0.021268397569656372, -0.320162296295166, 0.8787955641746521, 0.3538564145565033], "cam_t_m2c": [-358.41473388671875, -196.6873016357422, 647.949951171875], "obj_id": 1}, {"cam_R_m2c": [-0.47458648681640625, -0.37581634521484375, 0.7959457039833069, 0.8330888152122498, -0.4836812913417816, 0.26835668087005615, 0.28413125872612, 0.7904520034790039, 0.5426371097564697], "cam_t_m2c": [-248.97386169433594, -193.7661895751953, 795.8191528320312], "obj_id": 1}, {"cam_R_m2c": [-0.6964046359062195, 0.06160421296954155, 0.7150001525878906, 0.5147101879119873, 0.7371532917022705, 0.4378109276294708, -0.5000936985015869, 0.672911524772644, -0.5450652837753296], "cam_t_m2c": [-502.72137451171875, -222.1339874267578, 723.8721313476562], "obj_id": 1}, {"cam_R_m2c": [-0.4996662437915802, 0.8447710275650024, 0.19156044721603394, -0.5428345203399658, -0.13303887844085693, -0.829235315322876, -0.6750290393829346, -0.5183265805244446, 0.5250460505485535], "cam_t_m2c": [-418.1844787597656, -320.66009521484375, 867.5855102539062], "obj_id": 1}, {"cam_R_m2c": [-0.9312711358070374, 0.3432055413722992, 0.12224508821964264, -0.08854646980762482, -0.5386922359466553, 0.8378365635871887, 0.35340264439582825, 0.7694287300109863, 0.5320582985877991], "cam_t_m2c": [-549.6806640625, -193.1134490966797, 727.1574096679688], "obj_id": 1}, {"cam_R_m2c": [0.2674759030342102, 0.8176359534263611, 0.5098313093185425, -0.25214722752571106, 0.5700657367706299, -0.7819505929946899, -0.9299883246421814, 0.0806003212928772, 0.3586435317993164], "cam_t_m2c": [-484.15380859375, -200.43162536621094, 703.7620239257812], "obj_id": 1}, {"cam_R_m2c": [-0.1838926374912262, 0.3716617822647095, -0.9099730253219604, -0.5679194331169128, -0.7957772016525269, -0.21025212109088898, -0.8022785782814026, 0.4781275689601898, 0.357411652803421], "cam_t_m2c": [-279.04876708984375, -50.25700759887695, 894.2750854492188], "obj_id": 1}, {"cam_R_m2c": [0.22037926316261292, -0.9752463698387146, 0.01809559389948845, 0.0983121320605278, 0.0037510390393435955, -0.9951485395431519, 0.9704471230506897, 0.22108907997608185, 0.09670523554086685], "cam_t_m2c": [-179.3759307861328, -143.43418884277344, 697.5164794921875], "obj_id": 1}, {"cam_R_m2c": [0.4653492867946625, -0.8186219334602356, 0.3366127908229828, -0.3830464482307434, 0.15659038722515106, 0.9103597402572632, -0.797950804233551, -0.5525736212730408, -0.24070100486278534], "cam_t_m2c": [-150.2948760986328, -242.91786193847656, 770.736083984375], "obj_id": 1}, {"cam_R_m2c": [-0.5799934267997742, -0.8019940257072449, -0.14287447929382324, -0.5863736271858215, 0.2892659604549408, 0.7566314339637756, -0.5654851794242859, 0.5226191282272339, -0.6380404233932495], "cam_t_m2c": [-367.4184875488281, -182.38563537597656, 710.4613647460938], "obj_id": 1}, {"cam_R_m2c": [0.6034429669380188, 0.44842424988746643, -0.6593726277351379, 0.7058467864990234, -0.6850987672805786, 0.1800549328327179, -0.3709944188594818, -0.5740689635276794, -0.7299368381500244], "cam_t_m2c": [-321.0248107910156, -336.9765625, 759.9638671875], "obj_id": 1}, {"cam_R_m2c": [-0.7392491698265076, -0.6288548111915588, -0.24093955755233765, 0.15194830298423767, 0.19279468059539795, -0.9694027900695801, 0.6560655236244202, -0.7532407641410828, -0.0469697043299675], "cam_t_m2c": [-353.0802001953125, -103.83723449707031, 985.6915893554688], "obj_id": 1}, {"cam_R_m2c": [-0.498298317193985, 0.2965279519557953, -0.8147206902503967, -0.0871899425983429, 0.9177924394607544, 0.38736921548843384, 0.8626102805137634, 0.264060914516449, -0.43148016929626465], "cam_t_m2c": [-467.1048889160156, -65.7995834350586, 922.6318359375], "obj_id": 1}, {"cam_R_m2c": [-0.7116367816925049, 0.6736974120140076, -0.19926129281520844, 0.6732103228569031, 0.5728105902671814, -0.46762794256210327, -0.20090071856975555, -0.4669259488582611, -0.861173152923584], "cam_t_m2c": [-192.11790466308594, -98.37164306640625, 854.0947875976562], "obj_id": 1}, {"cam_R_m2c": [0.8262760043144226, 0.5631005167961121, 0.01362665556371212, 0.0274701789021492, -0.016121773049235344, -0.9994925856590271, -0.5625951290130615, 0.826231062412262, -0.028789497911930084], "cam_t_m2c": [-278.0673828125, -332.99176025390625, 855.9049072265625], "obj_id": 1}, {"cam_R_m2c": [-0.05598164349794388, 0.3743487000465393, 0.9255966544151306, 0.9971293210983276, 0.06829972565174103, 0.03268485888838768, -0.050982482731342316, 0.9247692823410034, -0.37709760665893555], "cam_t_m2c": [-418.8990478515625, -261.75946044921875, 628.4307250976562], "obj_id": 1}, {"cam_R_m2c": [0.02201683260500431, 0.3444121778011322, 0.9385602474212646, -0.11200481653213501, 0.9337275624275208, -0.3400113582611084, -0.9934636354446411, -0.09763732552528381, 0.05913355201482773], "cam_t_m2c": [-288.08233642578125, -8.326205253601074, 887.6356811523438], "obj_id": 1}, {"cam_R_m2c": [-0.528624951839447, -0.7202236652374268, -0.4492588937282562, -0.7912243008613586, 0.6097542643547058, -0.04651785269379616, 0.30744078755378723, 0.3308740556240082, -0.8921898007392883], "cam_t_m2c": [-512.6080322265625, -150.05909729003906, 676.005859375], "obj_id": 1}, {"cam_R_m2c": [-0.2017836570739746, 0.9715490341186523, 0.12399895489215851, -0.05925383418798447, 0.11426198482513428, -0.9916819334030151, -0.9776360392570496, -0.2074526846408844, 0.03451186418533325], "cam_t_m2c": [-502.1287841796875, -356.00518798828125, 856.5545654296875], "obj_id": 1}, {"cam_R_m2c": [-0.436479389667511, 0.8891841769218445, 0.13724826276302338, -0.6943044662475586, -0.23586803674697876, -0.6799318790435791, -0.5722122192382812, -0.39206841588020325, 0.7203162312507629], "cam_t_m2c": [-378.9049072265625, -281.91619873046875, 643.83154296875], "obj_id": 1}, {"cam_R_m2c": [0.9886955618858337, -0.04165000468492508, 0.14403589069843292, -0.04462065547704697, 0.8353857398033142, 0.5478500127792358, -0.14314348995685577, -0.5480838418006897, 0.8240837454795837], "cam_t_m2c": [-223.58738708496094, -76.7379150390625, 776.125244140625], "obj_id": 1}, {"cam_R_m2c": [-0.6681294441223145, -0.33744290471076965, -0.6631253361701965, 0.032923221588134766, -0.9037786722183228, 0.4267318546772003, -0.7433162331581116, 0.26327991485595703, 0.614950954914093], "cam_t_m2c": [-337.0076904296875, -197.70164489746094, 795.7286376953125], "obj_id": 1}, {"cam_R_m2c": [-0.2606530487537384, -0.171357199549675, -0.9501034617424011, 0.7210989594459534, -0.6889140009880066, -0.07357753813266754, -0.6419315934181213, -0.704296886920929, 0.30313313007354736], "cam_t_m2c": [-395.2908630371094, -277.6977233886719, 900.7857055664062], "obj_id": 1}, {"cam_R_m2c": [-0.9092841744422913, -0.4016086161136627, -0.10914622247219086, -0.06751005351543427, -0.11644952744245529, 0.9908995628356934, -0.41066381335258484, 0.9083777070045471, 0.07877305895090103], "cam_t_m2c": [-250.99473571777344, -41.50161361694336, 809.5762329101562], "obj_id": 1}, {"cam_R_m2c": [0.8010857701301575, -0.5240268111228943, -0.2892359793186188, -0.5432298183441162, -0.8394262790679932, 0.01627792790532112, -0.25132235884666443, 0.14408159255981445, -0.9571194648742676], "cam_t_m2c": [-252.73367309570312, -6.116184234619141, 682.6769409179688], "obj_id": 1}, {"cam_R_m2c": [-0.6143594980239868, -0.1967819333076477, 0.7640935182571411, -0.7582771182060242, -0.12046164274215698, -0.6407063007354736, 0.21812351047992706, -0.9730188250541687, -0.07520826160907745], "cam_t_m2c": [-414.2190856933594, -310.880859375, 834.1925048828125], "obj_id": 1}, {"cam_R_m2c": [0.8059079647064209, 0.5918996930122375, -0.01292854081839323, 0.5671224594116211, -0.7780725955963135, -0.2701388895511627, -0.16995447874069214, 0.21037501096725464, -0.9627344608306885], "cam_t_m2c": [-476.4317626953125, -175.19715881347656, 695.5494384765625], "obj_id": 1}, {"cam_R_m2c": [-0.6408331394195557, -0.0946015939116478, 0.7618289589881897, -0.7312286496162415, 0.3773840367794037, -0.5682305097579956, -0.23374658823013306, -0.9212121367454529, -0.3110155761241913], "cam_t_m2c": [-218.40023803710938, -43.89161682128906, 775.9142456054688], "obj_id": 1}, {"cam_R_m2c": [-0.1526302546262741, -0.841414213180542, 0.5183879137039185, 0.6567719578742981, 0.30559274554252625, 0.6893936991691589, -0.7384812235832214, 0.4456850290298462, 0.5059745907783508], "cam_t_m2c": [-198.01853942871094, -317.0603942871094, 901.3090209960938], "obj_id": 1}, {"cam_R_m2c": [0.6466354727745056, 0.08985326439142227, 0.7574886083602905, -0.05662612244486809, -0.9846437573432922, 0.16513769328594208, 0.7606944441795349, -0.14967752993106842, -0.6316176056861877], "cam_t_m2c": [-469.77044677734375, -349.0972900390625, 839.3858032226562], "obj_id": 1}, {"cam_R_m2c": [-0.04592498764395714, 0.7087722420692444, 0.7039408087730408, 0.2365955412387848, -0.6769165992736816, 0.6969980597496033, 0.9705221652984619, 0.1985589563846588, -0.13660486042499542], "cam_t_m2c": [-503.7237548828125, -309.9193420410156, 873.9651489257812], "obj_id": 1}, {"cam_R_m2c": [-0.10307230800390244, -0.986583411693573, -0.12660656869411469, -0.9919460415840149, 0.09253335744142532, 0.08649064600467682, -0.07361491024494171, 0.13450168073177338, -0.9881751537322998], "cam_t_m2c": [-310.23699951171875, -403.5563049316406, 922.573486328125], "obj_id": 1}, {"cam_R_m2c": [0.3322502672672272, 0.7451595067977905, -0.5782275199890137, -0.9013108611106873, 0.4314884543418884, 0.03816312178969383, 0.27793610095977783, 0.5084830522537231, 0.814982533454895], "cam_t_m2c": [-390.54058837890625, -273.5436706542969, 905.4857177734375], "obj_id": 1}, {"cam_R_m2c": [-0.6370949149131775, -0.646141529083252, 0.4202509820461273, 0.29867154359817505, 0.2956813871860504, 0.9073960781097412, -0.7105667591094971, 0.7036145925521851, 0.0046070939861238], "cam_t_m2c": [-395.09344482421875, -154.02569580078125, 901.6277465820312], "obj_id": 1}, {"cam_R_m2c": [-0.515709638595581, 0.05288800597190857, -0.8551294803619385, -0.36293795704841614, -0.9176004528999329, 0.16212813556194305, -0.776092529296875, 0.39396998286247253, 0.49241042137145996], "cam_t_m2c": [-226.20819091796875, -7.318356990814209, 951.6778564453125], "obj_id": 3}, {"cam_R_m2c": [-0.3925188183784485, -0.4185578227043152, -0.8189860582351685, 0.5950190424919128, 0.5634432435035706, -0.5731351971626282, 0.7013424038887024, -0.7122787237167358, 0.027887854725122452], "cam_t_m2c": [-441.89459228515625, 1.7874189615249634, 768.3382568359375], "obj_id": 1}, {"cam_R_m2c": [0.8362931609153748, -0.4460681974887848, 0.31880542635917664, 0.38445889949798584, 0.06253212690353394, -0.9210218191146851, 0.39090290665626526, 0.8928118348121643, 0.22379006445407867], "cam_t_m2c": [-191.19168090820312, -361.1188659667969, 829.7432250976562], "obj_id": 1}, {"cam_R_m2c": [-0.8009039163589478, 0.406908243894577, -0.4392935037612915, 0.48962095379829407, 0.8673560619354248, -0.0892454981803894, 0.3447091579437256, -0.28656435012817383, -0.89389967918396], "cam_t_m2c": [-191.3492889404297, -87.3851318359375, 659.4327392578125], "obj_id": 1}, {"cam_R_m2c": [0.8354604244232178, -0.2067788690328598, 0.5091643929481506, 0.11881664395332336, 0.9725625514984131, 0.20001158118247986, -0.536552369594574, -0.10660455375909805, 0.8371062874794006], "cam_t_m2c": [-215.16824340820312, -374.5382385253906, 859.2027587890625], "obj_id": 1}, {"cam_R_m2c": [-0.05552210286259651, -0.309634804725647, -0.9492330551147461, 0.35376253724098206, -0.8951266407966614, 0.2712934613227844, -0.933685839176178, -0.32074034214019775, 0.15923665463924408], "cam_t_m2c": [-302.9146423339844, 18.8853816986084, 889.1246337890625], "obj_id": 3}, {"cam_R_m2c": [0.968671441078186, -0.031871043145656586, -0.2462921440601349, 0.21894721686840057, -0.35845503211021423, 0.9075086116790771, -0.11720792949199677, -0.9330027103424072, -0.3402470648288727], "cam_t_m2c": [-183.32119750976562, -219.8121795654297, 757.026611328125], "obj_id": 1}, {"cam_R_m2c": [0.7208271026611328, -0.6139962077140808, -0.3215849697589874, 0.021076073870062828, 0.48317286372184753, -0.8752712607383728, 0.6927943825721741, 0.6241415143013, 0.3612247407436371], "cam_t_m2c": [-240.62962341308594, -130.76602172851562, 564.8892211914062], "obj_id": 1}, {"cam_R_m2c": [-0.07034280896186829, 0.933265745639801, -0.3522312343120575, 0.5711215734481812, 0.32718318700790405, 0.752842128276825, 0.8178459405899048, -0.148209810256958, -0.5560231804847717], "cam_t_m2c": [-359.35302734375, -11.269713401794434, 1000.016357421875], "obj_id": 1}, {"cam_R_m2c": [0.2741551697254181, -0.11052269488573074, 0.9553133845329285, 0.9347658753395081, -0.2027658373117447, -0.291716992855072, 0.22594623267650604, 0.9729700684547424, 0.047723520547151566], "cam_t_m2c": [-546.5521240234375, -200.9442596435547, 702.0592041015625], "obj_id": 3}, {"cam_R_m2c": [0.7162065505981445, 0.5331015586853027, -0.45038968324661255, -0.09479773044586182, 0.7136937379837036, 0.6940134167671204, 0.6914199590682983, -0.4543610215187073, 0.5616889595985413], "cam_t_m2c": [-358.0140380859375, -297.4052734375, 689.3081665039062], "obj_id": 1}, {"cam_R_m2c": [-0.4046049416065216, -0.8753194212913513, 0.26478442549705505, 0.8930732607841492, -0.3159055709838867, 0.3203496038913727, -0.1967613697052002, 0.3660869300365448, 0.9095412492752075], "cam_t_m2c": [-467.90655517578125, -32.722835540771484, 1036.578369140625], "obj_id": 1}, {"cam_R_m2c": [-0.48627805709838867, 0.2958735227584839, -0.8221876621246338, 0.5925005078315735, -0.5799320936203003, -0.5591260194778442, -0.6422435641288757, -0.7590373158454895, 0.1067030057311058], "cam_t_m2c": [-415.8851318359375, -40.494606018066406, 853.7070922851562], "obj_id": 3}, {"cam_R_m2c": [0.8769612312316895, 0.2639086842536926, -0.40161070227622986, -0.4699563682079315, 0.29637402296066284, -0.8314465880393982, -0.10039898008108139, 0.917885959148407, 0.3839341104030609], "cam_t_m2c": [-175.5643768310547, -341.1625671386719, 774.7467651367188], "obj_id": 1}, {"cam_R_m2c": [0.8455723524093628, -0.2966633439064026, 0.44384488463401794, 0.19838063418865204, 0.9464603662490845, 0.2546721398830414, -0.49563348293304443, -0.12729348242282867, 0.8591529726982117], "cam_t_m2c": [-242.3091583251953, -269.2032470703125, 693.3967895507812], "obj_id": 3}, {"cam_R_m2c": [0.09864042699337006, 0.8700809478759766, 0.4829382598400116, 0.9578994512557983, 0.04847293719649315, -0.28298255801200867, -0.269627183675766, 0.49051982164382935, -0.8286686539649963], "cam_t_m2c": [-198.84634399414062, -18.260669708251953, 892.1490478515625], "obj_id": 3}, {"cam_R_m2c": [0.8720383048057556, -0.27219149470329285, -0.40676888823509216, -0.046899206936359406, 0.7807992696762085, -0.6230191588401794, 0.48718541860580444, 0.5623737573623657, 0.668121337890625], "cam_t_m2c": [-311.67987060546875, -124.66192626953125, 842.7020263671875], "obj_id": 3}, {"cam_R_m2c": [-0.46151232719421387, -0.6581146717071533, 0.5948876738548279, 0.38709139823913574, -0.7527588605880737, -0.5324605703353882, 0.7982271313667297, -0.01546122133731842, 0.6021580696105957], "cam_t_m2c": [-219.6803741455078, -13.24975299835205, 953.5656127929688], "obj_id": 3}, {"cam_R_m2c": [-0.14675571024417877, -0.6101794838905334, -0.778552234172821, 0.9891217947006226, -0.08253809064626694, -0.12175963073968887, 0.010034967213869095, -0.7879519462585449, 0.6156548857688904], "cam_t_m2c": [-367.4559326171875, -255.4393768310547, 913.8651733398438], "obj_id": 1}, {"cam_R_m2c": [0.5547509789466858, 0.7612987160682678, 0.33567193150520325, -0.04225853458046913, -0.37714195251464844, 0.9251909255981445, 0.8309425711631775, -0.5274356007575989, -0.17704850435256958], "cam_t_m2c": [-472.27984619140625, -10.39495849609375, 918.7821044921875], "obj_id": 3}, {"cam_R_m2c": [-0.104740671813488, -0.5798285007476807, -0.8079777956008911, 0.9811643362045288, -0.19284938275814056, 0.011202950961887836, -0.16231387853622437, -0.7915856242179871, 0.5891063809394836], "cam_t_m2c": [-348.522216796875, -107.19799041748047, 689.3804321289062], "obj_id": 3}, {"cam_R_m2c": [0.6727144122123718, -0.20397306978702545, 0.711231529712677, 0.6244137287139893, -0.3591857850551605, -0.6936086416244507, 0.39694178104400635, 0.9107033014297485, -0.11426585912704468], "cam_t_m2c": [-472.1510009765625, -128.9276123046875, 916.953125], "obj_id": 3}, {"cam_R_m2c": [0.0710969865322113, 0.16365717351436615, -0.9839520454406738, 0.319949746131897, 0.9305827021598816, 0.17789892852306366, 0.94476318359375, -0.3274632692337036, 0.013799551874399185], "cam_t_m2c": [-247.74667358398438, -320.2161865234375, 897.4884643554688], "obj_id": 1}, {"cam_R_m2c": [0.7500670552253723, -0.3879990875720978, -0.5355894565582275, 0.6397283673286438, 0.6310786008834839, 0.43873390555381775, 0.16777068376541138, -0.6717116236686707, 0.721565306186676], "cam_t_m2c": [-441.9403076171875, -344.4029541015625, 991.5716552734375], "obj_id": 3}, {"cam_R_m2c": [-0.3994785249233246, -0.320366233587265, 0.8589425683021545, 0.39578866958618164, 0.7848595380783081, 0.476809024810791, -0.8269027471542358, 0.5304347276687622, -0.18673719465732574], "cam_t_m2c": [-234.1895751953125, -86.28206634521484, 857.0177001953125], "obj_id": 3}, {"cam_R_m2c": [-0.7246478199958801, -0.04568227007985115, -0.6876034736633301, 0.688870906829834, -0.07480806112289429, -0.7210135459899902, -0.018500767648220062, -0.9961510300636292, 0.08567874133586884], "cam_t_m2c": [-369.10009765625, -169.24549865722656, 697.6420288085938], "obj_id": 1}, {"cam_R_m2c": [0.34543663263320923, -0.8580722808837891, 0.3799808621406555, 0.5518295764923096, 0.5132347345352173, 0.6573234796524048, -0.7590504288673401, -0.01737889274954796, 0.6507998108863831], "cam_t_m2c": [-421.26654052734375, -214.6845703125, 970.2542114257812], "obj_id": 1}, {"cam_R_m2c": [-0.8320009708404541, 0.5437374114990234, 0.11010773479938507, 0.2075299769639969, 0.4891069233417511, -0.847175121307373, -0.514495313167572, -0.6819999814033508, -0.5197791457176208], "cam_t_m2c": [-343.9437561035156, -354.0195617675781, 962.1788940429688], "obj_id": 1}, {"cam_R_m2c": [0.39128538966178894, -0.8307784199714661, 0.3958573043346405, 0.7016986012458801, -0.008969019167125225, -0.712417483329773, 0.595411479473114, 0.5565310716629028, 0.57944655418396], "cam_t_m2c": [-271.4881591796875, 43.94188690185547, 679.3005981445312], "obj_id": 1}, {"cam_R_m2c": [0.37205150723457336, -0.12663264572620392, 0.9195334911346436, 0.8608132004737854, -0.32352983951568604, -0.39284732937812805, 0.3472438454627991, 0.9377059936523438, -0.011362672783434391], "cam_t_m2c": [-431.1690368652344, -402.7105407714844, 978.6965942382812], "obj_id": 1}, {"cam_R_m2c": [-0.7414479851722717, 0.39618968963623047, 0.5415614247322083, -0.6689692139625549, -0.37354177236557007, -0.6426094174385071, -0.05229942873120308, -0.8387492895126343, 0.5420003533363342], "cam_t_m2c": [-239.86557006835938, -32.94547653198242, 837.0720825195312], "obj_id": 3}, {"cam_R_m2c": [0.2714897394180298, -0.5152433514595032, -0.8129068613052368, 0.3699411451816559, 0.8356083631515503, -0.4060814678668976, 0.8885025382041931, -0.1904807686805725, 0.4174688458442688], "cam_t_m2c": [-213.10244750976562, -169.8291778564453, 891.2494506835938], "obj_id": 3}, {"cam_R_m2c": [0.4850805699825287, -0.037944428622722626, 0.8736458420753479, 0.5879438519477844, -0.7253903746604919, -0.35795357823371887, 0.6473166346549988, 0.6872910261154175, -0.32956355810165405], "cam_t_m2c": [-299.87353515625, -217.10888671875, 718.1484375], "obj_id": 3}, {"cam_R_m2c": [-0.9307675361633301, 0.15360938012599945, -0.3317771255970001, 0.0370572954416275, 0.9424206018447876, 0.33237048983573914, 0.3637288212776184, 0.297064870595932, -0.8828668594360352], "cam_t_m2c": [-191.3152618408203, -161.1875, 650.732666015625], "obj_id": 1}, {"cam_R_m2c": [0.8834913372993469, -0.05649975314736366, -0.4650278091430664, -0.2795090079307556, -0.8602079749107361, -0.42651692032814026, -0.3759225904941559, 0.5068034529685974, -0.7757784128189087], "cam_t_m2c": [-350.18243408203125, -155.14242553710938, 892.0242919921875], "obj_id": 3}, {"cam_R_m2c": [-0.6903353333473206, -0.049841172993183136, -0.7217708826065063, -0.011872396804392338, -0.9967096447944641, 0.08018211275339127, -0.7233922481536865, 0.06392168253660202, 0.6874719858169556], "cam_t_m2c": [-350.7415466308594, -218.32102966308594, 655.3796997070312], "obj_id": 1}, {"cam_R_m2c": [0.9940997362136841, 0.08668908476829529, 0.06519730389118195, -0.10826428979635239, 0.8299576640129089, 0.547219455242157, -0.006673043128103018, -0.5510492920875549, 0.8344460129737854], "cam_t_m2c": [-317.2269287109375, -316.5793151855469, 680.0653076171875], "obj_id": 1}, {"cam_R_m2c": [0.768987238407135, 0.5709478259086609, -0.2875363528728485, -0.5897212028503418, 0.8071988821029663, 0.025667592883110046, 0.24675387144088745, 0.149828240275383, 0.9574257135391235], "cam_t_m2c": [-425.1003723144531, -112.01412963867188, 821.8089599609375], "obj_id": 3}, {"cam_R_m2c": [0.7109346985816956, -0.6196689605712891, -0.3325391113758087, -0.6897064447402954, -0.5219818353652954, -0.5018364787101746, 0.13739311695098877, 0.5861273407936096, -0.7984846830368042], "cam_t_m2c": [-181.2513427734375, -45.51374816894531, 1001.9525146484375], "obj_id": 3}, {"cam_R_m2c": [-0.7418358325958252, 0.5430457592010498, 0.39342185854911804, 0.05853364244103432, 0.636886477470398, -0.7687323689460754, -0.6680219173431396, -0.5472448468208313, -0.5042515993118286], "cam_t_m2c": [-421.5960693359375, -39.90483093261719, 1070.04296875], "obj_id": 3}, {"cam_R_m2c": [0.2684451639652252, 0.9576035141944885, -0.10455972701311111, 0.2750098407268524, 0.02784113399684429, 0.9610382914543152, 0.9232046604156494, -0.28674107789993286, -0.2558766007423401], "cam_t_m2c": [-413.93182373046875, -308.432861328125, 671.2002563476562], "obj_id": 1}, {"cam_R_m2c": [-0.7115058898925781, -0.10409986227750778, 0.6949262619018555, -0.22146588563919067, 0.9717835187911987, -0.08117660880088806, -0.6668674349784851, -0.21166010200977325, -0.7144842743873596], "cam_t_m2c": [-492.5973815917969, -39.16362762451172, 889.5731811523438], "obj_id": 1}, {"cam_R_m2c": [0.547561526298523, -0.5721524953842163, -0.6105881333351135, -0.829407811164856, -0.4676657021045685, -0.30556702613830566, -0.11072024703025818, 0.6737433075904846, -0.7306234836578369], "cam_t_m2c": [-517.8555908203125, -37.57584762573242, 894.5253295898438], "obj_id": 3}, {"cam_R_m2c": [-0.36086443066596985, 0.21525698900222778, -0.907436728477478, 0.6623278856277466, -0.6258583068847656, -0.4118534326553345, -0.6565811038017273, -0.749643862247467, 0.08327921479940414], "cam_t_m2c": [-268.27874755859375, -129.8499755859375, 901.3072509765625], "obj_id": 3}, {"cam_R_m2c": [0.02466764487326145, -0.9909300804138184, 0.13209450244903564, 0.9237831234931946, 0.07310139387845993, 0.3758733868598938, -0.3821205496788025, 0.11275479942560196, 0.9172078371047974], "cam_t_m2c": [-209.6553497314453, 72.36911010742188, 662.2001953125], "obj_id": 3}, {"cam_R_m2c": [0.07736453413963318, 0.03307045251131058, 0.9964541792869568, 0.048887159675359726, -0.9983732104301453, 0.02933855541050434, 0.9958035349845886, 0.046444058418273926, -0.07885526865720749], "cam_t_m2c": [-204.5576171875, 17.691421508789062, 860.43017578125], "obj_id": 3}, {"cam_R_m2c": [-0.740865170955658, 0.28179147839546204, -0.6096822619438171, -0.38507533073425293, 0.5655257701873779, 0.72931307554245, 0.5503052473068237, 0.7750962376594543, -0.3104674220085144], "cam_t_m2c": [-472.9255065917969, -228.0693817138672, 664.4075317382812], "obj_id": 3}, {"cam_R_m2c": [-0.02062920108437538, -0.9945720434188843, -0.10198412090539932, -0.2486020028591156, -0.09369917958974838, 0.9640629887580872, -0.9683859348297119, 0.04524135962128639, -0.24531961977481842], "cam_t_m2c": [-318.1826171875, -88.95550537109375, 749.4685668945312], "obj_id": 3}, {"cam_R_m2c": [0.8346958160400391, 0.5255386233329773, -0.16459664702415466, 0.140086829662323, -0.49166858196258545, -0.859440267086029, -0.5325961112976074, 0.6943133473396301, -0.48401474952697754], "cam_t_m2c": [-378.01220703125, -339.2931823730469, 700.3530883789062], "obj_id": 3}, {"cam_R_m2c": [0.5843448042869568, 0.4709217846393585, -0.660888671875, -0.04859628155827522, 0.8332433700561523, 0.55076664686203, 0.8100491166114807, -0.28972089290618896, 0.5097864866256714], "cam_t_m2c": [-441.5372619628906, 18.432785034179688, 759.7365112304688], "obj_id": 1}, {"cam_R_m2c": [0.10205800086259842, 0.19771572947502136, -0.974932074546814, -0.06397309899330139, -0.9767162799835205, -0.204774409532547, -0.9927192330360413, 0.08326828479766846, -0.08703313767910004], "cam_t_m2c": [-521.8290405273438, -318.70257568359375, 746.599609375], "obj_id": 3}, {"cam_R_m2c": [-0.7596149444580078, -0.4359729588031769, 0.48261013627052307, 0.30756261944770813, 0.4130297899246216, 0.8572115302085876, -0.5730534195899963, 0.7995835542678833, -0.1796545535326004], "cam_t_m2c": [-314.1478271484375, -155.47352600097656, 721.2479858398438], "obj_id": 1}, {"cam_R_m2c": [-0.33368057012557983, 0.3621685206890106, -0.8703398108482361, -0.6734791398048401, -0.7375986576080322, -0.04872594028711319, -0.6596084237098694, 0.5698967576026917, 0.49003514647483826], "cam_t_m2c": [-201.56051635742188, 0.694119393825531, 843.776123046875], "obj_id": 3}, {"cam_R_m2c": [-0.011420493945479393, 0.23377381265163422, 0.9722239375114441, -0.7072445750236511, -0.6892206072807312, 0.15741707384586334, 0.7068766951560974, -0.6858023405075073, 0.17320649325847626], "cam_t_m2c": [-191.7592010498047, -289.0157165527344, 777.20263671875], "obj_id": 3}, {"cam_R_m2c": [0.38972342014312744, -0.8292843699455261, 0.4005035161972046, 0.7961061596870422, 0.5219940543174744, 0.30616527795791626, -0.46295854449272156, 0.19952355325222015, 0.8636317253112793], "cam_t_m2c": [-230.90013122558594, -311.4041442871094, 773.813720703125], "obj_id": 1}, {"cam_R_m2c": [0.9490379095077515, 0.055719390511512756, -0.31019726395606995, 0.19051185250282288, -0.8854897618293762, 0.4238077998161316, -0.25106218457221985, -0.4613059461116791, -0.850