{
  "0": [{"cam_R_m2c": [-0.338314950466156, 0.00028946876409463584, -0.9410329461097717, -0.37514886260032654, 0.9170588254928589, 0.13515353202819824, 0.8630216717720032, 0.3987518846988678, -0.31014612317085266], "cam_t_m2c": [165.3538818359375, -67.46671295166016, 784.9476318359375], "obj_id": 3}, {"cam_R_m2c": [-0.8504750728607178, 0.1579853743314743, -0.5017297267913818, 0.2954638600349426, -0.6456639170646667, -0.7041442394256592, -0.4351933002471924, -0.7471001744270325, 0.5024421215057373], "cam_t_m2c": [333.66583251953125, -70.36015319824219, 537.6600341796875], "obj_id": 3}, {"cam_R_m2c": [-0.40222281217575073, 0.5263376832008362, 0.7491229772567749, 0.28836214542388916, -0.7037538886070251, 0.6492900252342224, 0.8689441084861755, 0.47717803716659546, 0.13129015266895294], "cam_t_m2c": [478.4338684082031, -112.80486297607422, 683.2578125], "obj_id": 3}, {"cam_R_m2c": [-0.25848188996315, 0.2800338864326477, -0.9245366454124451, 0.5516895651817322, -0.7428420782089233, -0.37924158573150635, -0.7929852604866028, -0.6080843806266785, 0.03751952201128006], "cam_t_m2c": [278.9338684082031, -51.57127380371094, 524.203857421875], "obj_id": 3}, {"cam_R_m2c": [0.865812361240387, -0.46231475472450256, 0.19140014052391052, -0.47723403573036194, -0.6480110883712769, 0.5935730934143066, -0.1503881961107254, -0.6052656173706055, -0.781688392162323], "cam_t_m2c": [163.39739990234375, 35.073570251464844, 542.65771484375], "obj_id": 3}, {"cam_R_m2c": [0.7948945760726929, -0.3509763181209564, 0.49493253231048584, -0.4746795892715454, -0.8678003549575806, 0.14697527885437012, 0.3779178261756897, -0.3517642319202423, -0.8564110994338989], "cam_t_m2c": [221.82278442382812, 93.2049331665039, 803.935791015625], "obj_id": 3}, {"cam_R_m2c": [0.07911448180675507, -0.9768847823143005, 0.19858750700950623, 0.5563650727272034, -0.12202895432710648, -0.8219287395477295, 0.8271631002426147, 0.1755136102437973, 0.5338503122329712], "cam_t_m2c": [255.18539428710938, 34.61602020263672, 903.0862426757812], "obj_id": 3}, {"cam_R_m2c": [0.04922102391719818, 0.4732059836387634, 0.8795757293701172, 0.9362179040908813, -0.32865598797798157, 0.1244240328669548, 0.34795600175857544, 0.8173502087593079, -0.4592007100582123], "cam_t_m2c": [158.9314422607422, -53.963706970214844, 824.9871215820312], "obj_id": 3}, {"cam_R_m2c": [-0.08023339509963989, -0.9864605665206909, -0.1430317610502243, 0.7507032155990601, -0.15420161187648773, 0.6423912644386292, -0.6557493805885315, -0.05583314597606659, 0.7529112696647644], "cam_t_m2c": [313.93524169921875, -114.51078796386719, 479.9805908203125], "obj_id": 3}, {"cam_R_m2c": [-0.21975158154964447, 0.9623461961746216, 0.15999673306941986, 0.347005158662796, 0.23038703203201294, -0.9091255068778992, -0.9117546677589417, -0.14426210522651672, -0.384566992521286], "cam_t_m2c": [349.6651306152344, -39.311344146728516, 598.6646728515625], "obj_id": 3}, {"cam_R_m2c": [0.9134382605552673, -0.022091777995228767, -0.40637731552124023, 0.16932271420955658, -0.887371838092804, 0.4288366138935089, -0.3700815737247467, -0.46052467823028564, -0.8068187832832336], "cam_t_m2c": [488.6464538574219, 51.08163070678711, 831.4340209960938], "obj_id": 3}, {"cam_R_m2c": [0.2072400003671646, -0.8208094239234924, 0.5322813987731934, 0.10989443212747574, -0.5211173295974731, -0.8463804721832275, 0.9720981121063232, 0.23389863967895508, -0.017793968319892883], "cam_t_m2c": [272.9020080566406, 61.51765441894531, 811.931884765625], "obj_id": 3}, {"cam_R_m2c": [-0.9425203800201416, -0.26278552412986755, 0.20639465749263763, 0.31510037183761597, -0.904541552066803, 0.28725600242614746, 0.11120586097240448, 0.33577972650527954, 0.9353529810905457], "cam_t_m2c": [171.53834533691406, -8.824911117553711, 952.8184814453125], "obj_id": 3}, {"cam_R_m2c": [0.44577646255493164, 0.23000000417232513, 0.8650914430618286, 0.8896412253379822, -0.22083038091659546, -0.39971494674682617, 0.09910415858030319, 0.9478046298027039, -0.3030584156513214], "cam_t_m2c": [111.3856201171875, -56.550926208496094, 937.2049560546875], "obj_id": 3}, {"cam_R_m2c": [-0.38207119703292847, 0.924018383026123, -0.014546259306371212, -0.8346263766288757, -0.33826521039009094, 0.4347129464149475, 0.39676225185394287, 0.17823201417922974, 0.9004516005516052], "cam_t_m2c": [394.17303466796875, 62.80677032470703, 833.1951293945312], "obj_id": 3}, {"cam_R_m2c": [-0.632735550403595, 0.6001257300376892, -0.4893818199634552, 0.41885173320770264, -0.2663138508796692, -0.8681243658065796, -0.6513130068778992, -0.7542717456817627, -0.08285729587078094], "cam_t_m2c": [323.36474609375, 169.0344696044922, 736.194580078125], "obj_id": 3}, {"cam_R_m2c": [-0.9619779586791992, -0.26679107546806335, -0.05848702788352966, 0.18330787122249603, -0.7893975377082825, 0.5858750939369202, -0.20247577130794525, 0.5528778433799744, 0.8082880973815918], "cam_t_m2c": [378.11212158203125, -203.2412872314453, 638.2337646484375], "obj_id": 3}, {"cam_R_m2c": [0.4546147584915161, 0.5367018580436707, 0.7108280062675476, 0.27316561341285706, 0.675592839717865, -0.684802770614624, -0.8477652668952942, 0.5054952502250671, 0.16052599251270294], "cam_t_m2c": [256.9005126953125, -50.14212417602539, 895.1920166015625], "obj_id": 3}, {"cam_R_m2c": [-0.07365243881940842, 0.9966787695884705, -0.03473447635769844, -0.9358394742012024, -0.08110897243022919, -0.34296587109565735, -0.34464412927627563, 0.007245588582009077, 0.9387054443359375], "cam_t_m2c": [447.17742919921875, -154.39248657226562, 542.3307495117188], "obj_id": 3}, {"cam_R_m2c": [0.7892617583274841, 0.5052168965339661, -0.3490298390388489, 0.5308160781860352, -0.8470936417579651, -0.025823449715971947, -0.3087073564529419, -0.1648891717195511, -0.9367558360099792], "cam_t_m2c": [347.5534362792969, -301.1285400390625, 759.295654296875], "obj_id": 3}, {"cam_R_m2c": [0.6179788112640381, 0.41375967860221863, 0.6685096025466919, 0.7831571102142334, -0.39864906668663025, -0.477225124835968, 0.06904423236846924, 0.8184630870819092, -0.5703955292701721], "cam_t_m2c": [180.14605712890625, -85.82746124267578, 464.8370056152344], "obj_id": 3}, {"cam_R_m2c": [0.8961195349693298, 0.1436043381690979, -0.4199376106262207, -0.26594898104667664, -0.5837516188621521, -0.7671409249305725, -0.3553040325641632, 0.7991319298744202, -0.48491981625556946], "cam_t_m2c": [411.95220947265625, -169.4692840576172, 811.0025024414062], "obj_id": 3}, {"cam_R_m2c": [-0.2745879590511322, -0.45958396792411804, -0.8446207046508789, 0.10355968773365021, -0.887409508228302, 0.44919919967651367, -0.9559690952301025, 0.035876013338565826, 0.2912662625312805], "cam_t_m2c": [256.74029541015625, 30.362815856933594, 940.7703857421875], "obj_id": 3}, {"cam_R_m2c": [0.5702807307243347, 0.6537947058677673, 0.4973251223564148, -0.4640987813472748, 0.7559754848480225, -0.4616420269012451, -0.6777847409248352, 0.032457541674375534, 0.7345436215400696], "cam_t_m2c": [206.16802978515625, 78.26246643066406, 879.7491455078125], "obj_id": 3}, {"cam_R_m2c": [0.877327024936676, 0.44373616576194763, -0.18274441361427307, -0.4716510772705078, 0.7270212769508362, -0.49898427724838257, -0.08855830878019333, 0.523963987827301, 0.8471240401268005], "cam_t_m2c": [232.39730834960938, -21.1910400390625, 911.3563842773438], "obj_id": 3}, {"cam_R_m2c": [0.764167308807373, 0.3433060944080353, -0.5460670590400696, -0.5408604741096497, -0.12023840844631195, -0.8324736952781677, -0.3514516353607178, 0.9314952492713928, 0.09379849582910538], "cam_t_m2c": [152.45425415039062, -180.3333740234375, 588.020751953125], "obj_id": 3}, {"cam_R_m2c": [0.25349923968315125, 0.14809083938598633, -0.9559326767921448, 0.1395234316587448, -0.9834764003753662, -0.11535827815532684, -0.9572206735610962, -0.10413176566362381, -0.26997271180152893], "cam_t_m2c": [340.72955322265625, -149.63160705566406, 834.0346069335938], "obj_id": 3}, {"cam_R_m2c": [0.9417152404785156, 0.2779797911643982, -0.18947194516658783, 0.167282372713089, -0.8755870461463928, -0.4531708061695099, -0.2918715178966522, 0.39506253600120544, -0.8710547685623169], "cam_t_m2c": [511.1404113769531, -208.77284240722656, 658.8119506835938], "obj_id": 3}, {"cam_R_m2c": [-0.798429012298584, 0.06797637045383453, -0.5982393026351929, -0.15002129971981049, -0.984728991985321, 0.0883309468626976, -0.5830991864204407, 0.16027462482452393, 0.7964341640472412], "cam_t_m2c": [515.6521606445312, 57.37508773803711, 883.9163818359375], "obj_id": 1}, {"cam_R_m2c": [0.5134562253952026, 0.3939613103866577, 0.7623366117477417, -0.11217547208070755, -0.8499459028244019, 0.5147896409034729, 0.8507521748542786, -0.34983742237091064, -0.39221715927124023], "cam_t_m2c": [192.83004760742188, -22.026437759399414, 596.6536865234375], "obj_id": 1}, {"cam_R_m2c": [0.40508270263671875, -0.6010308861732483, -0.6889628767967224, 0.8335602879524231, 0.552367091178894, 0.008231448009610176, 0.3756130337715149, -0.5776265263557434, 0.7247498631477356], "cam_t_m2c": [186.2387237548828, -92.65489959716797, 858.6207885742188], "obj_id": 1}, {"cam_R_m2c": [0.0716799721121788, 0.9175728559494019, 0.3910523056983948, -0.8156150579452515, 0.27959874272346497, -0.506553590297699, -0.5741375684738159, -0.28263843059539795, 0.7684279680252075], "cam_t_m2c": [160.8500213623047, -113.6846694946289, 529.1044921875], "obj_id": 1}, {"cam_R_m2c": [-0.2234773188829422, 0.26649877429008484, -0.9375693798065186, -0.7641599178314209, 0.5492197275161743, 0.3382563591003418, 0.6050764918327332, 0.792045533657074, 0.08090953528881073], "cam_t_m2c": [481.2891845703125, 36.229061126708984, 925.8836669921875], "obj_id": 1}, {"cam_R_m2c": [0.45602840185165405, -0.14044280350208282, 0.8788139224052429, -0.8817241787910461, -0.20536915957927704, 0.42471858859062195, 0.12083263695240021, -0.968555212020874, -0.2174859642982483], "cam_t_m2c": [474.5229187011719, -232.0151824951172, 865.35791015625], "obj_id": 1}, {"cam_R_m2c": [-0.9448125958442688, -0.3264434039592743, 0.027639292180538177, 0.26889434456825256, -0.7245165705680847, 0.6346428990364075, -0.18714986741542816, 0.6070505976676941, 0.7723111510276794], "cam_t_m2c": [405.2734069824219, -13.195939064025879, 989.0076904296875], "obj_id": 1}, {"cam_R_m2c": [-0.631314754486084, -0.529670000076294, 0.5664728879928589, 0.4327981472015381, 0.3654853105545044, 0.8240790963172913, -0.6435274481773376, 0.7654216289520264, -0.0014961446868255734], "cam_t_m2c": [354.4888610839844, -24.79959487915039, 588.27880859375], "obj_id": 1}, {"cam_R_m2c": [0.0603586807847023, -0.258287250995636, 0.9641807675361633, 0.10741166770458221, 0.9620137214660645, 0.2509826719760895, -0.9923807978630066, 0.08841527253389359, 0.08580894023180008], "cam_t_m2c": [413.89117431640625, -124.7113265991211, 644.3909912109375], "obj_id": 1}, {"cam_R_m2c": [0.9437885284423828, 0.04521879181265831, 0.32744237780570984, 0.12539035081863403, 0.8675833940505981, -0.4812237620353699, -0.30584391951560974, 0.495231568813324, 0.8131452202796936], "cam_t_m2c": [514.5717163085938, 20.890792846679688, 894.1630249023438], "obj_id": 1}, {"cam_R_m2c": [0.09134915471076965, 0.5650737881660461, -0.8199677467346191, 0.9663285613059998, -0.2492041140794754, -0.06408219039440155, -0.2405504435300827, -0.786504328250885, -0.5688115358352661], "cam_t_m2c": [141.80972290039062, -96.17100524902344, 748.9649047851562], "obj_id": 1}, {"cam_R_m2c": [0.4121004343032837, -0.9071788787841797, -0.08485079556703568, -0.12773624062538147, 0.03468344733119011, -0.9912015199661255, 0.9021400809288025, 0.41931310296058655, -0.10158655047416687], "cam_t_m2c": [291.55908203125, 114.3306655883789, 698.5298461914062], "obj_id": 1}, {"cam_R_m2c": [-0.2382877767086029, 0.965570330619812, -0.10436870157718658, -0.46348682045936584, -0.01862335205078125, 0.8859080672264099, 0.8534628748893738, 0.25947460532188416, 0.45196688175201416], "cam_t_m2c": [478.84857177734375, -45.36750793457031, 1012.552490234375], "obj_id": 1}, {"cam_R_m2c": [-0.22758322954177856, 0.4358249604701996, 0.870782732963562, 0.4802281856536865, -0.7277029752731323, 0.48972374200820923, 0.8471049666404724, 0.5296273231506348, -0.04368250444531441], "cam_t_m2c": [474.6500244140625, -192.40127563476562, 588.82275390625], "obj_id": 1}, {"cam_R_m2c": [0.993193507194519, 0.10463511943817139, -0.051168300211429596, 0.11442724615335464, -0.9585655927658081, 0.26087918877601624, -0.021751053631305695, -0.26495856046676636, -0.9640142321586609], "cam_t_m2c": [202.59413146972656, 120.74266052246094, 813.912109375], "obj_id": 1}, {"cam_R_m2c": [0.259560763835907, 0.683574378490448, 0.6821687817573547, 0.8319740891456604, -0.5169484615325928, 0.20145295560359955, 0.4903542101383209, 0.5152575373649597, -0.7028957009315491], "cam_t_m2c": [216.9075469970703, 66.70850372314453, 685.8260498046875], "obj_id": 1}, {"cam_R_m2c": [0.7756679058074951, -0.629130482673645, -0.05034042149782181, -0.10524328052997589, -0.05028689280152321, -0.9931742548942566, 0.6223046779632568, 0.7756713628768921, -0.10521768033504486], "cam_t_m2c": [235.29977416992188, -63.81836700439453, 885.6195678710938], "obj_id": 1}, {"cam_R_m2c": [-0.9226585030555725, -0.3536631762981415, 0.15369854867458344, 0.3640935719013214, -0.6676697134971619, 0.6493479013442993, -0.12703058123588562, 0.6550871729850769, 0.744797945022583], "cam_t_m2c": [314.47637939453125, 100.1792984008789, 841.9435424804688], "obj_id": 1}, {"cam_R_m2c": [0.7588229179382324, -0.05130210146307945, 0.6492733359336853, -0.4908757209777832, 0.6101391315460205, 0.6219093203544617, -0.4280523657798767, -0.7906315922737122, 0.43780460953712463], "cam_t_m2c": [209.59275817871094, 49.31863784790039, 761.4278564453125], "obj_id": 1}, {"cam_R_m2c": [-0.9997555017471313, -0.020657502114772797, -0.007890879176557064, 0.01810707151889801, -0.5599001049995422, -0.828362226486206, 0.012693791650235653, -0.8283025622367859, 0.5601372122764587], "cam_t_m2c": [355.5030822753906, -114.2268295288086, 481.53436279296875], "obj_id": 1}, {"cam_R_m2c": [0.09868788719177246, -0.9863378405570984, 0.1319020688533783, -0.7626250386238098, 0.010186521336436272, 0.6467605233192444, -0.6392680406570435, -0.16441918909549713, -0.7512006163597107], "cam_t_m2c": [466.1476135253906, -138.8797149658203, 724.404541015625], "obj_id": 1}, {"cam_R_m2c": [0.17564521729946136, -0.6104201078414917, -0.7723575234413147, 0.9704625010490417, 0.2391635626554489, 0.031678181141614914, 0.16538284718990326, -0.7551080584526062, 0.6343976259231567], "cam_t_m2c": [289.59429931640625, -123.04402160644531, 773.69287109375], "obj_id": 1}, {"cam_R_m2c": [0.8729473948478699, -0.4292784333229065, 0.23169556260108948, 0.48571157455444336, 0.8089385628700256, -0.3312138617038727, -0.045244500041007996, 0.4016695022583008, 0.9146663546562195], "cam_t_m2c": [463.15899658203125, -44.337913513183594, 589.1676635742188], "obj_id": 1}, {"cam_R_m2c": [0.6819357872009277, 0.014341522008180618, -0.7312714457511902, -0.44359686970710754, -0.7868257164955139, -0.4291003942489624, -0.581537127494812, 0.617008626461029, -0.5302028059959412], "cam_t_m2c": [278.04791259765625, -88.56990814208984, 553.3228149414062], "obj_id": 1}, {"cam_R_m2c": [0.1147497147321701, -0.9424151182174683, -0.31414374709129333, 0.5973707437515259, -0.1872042864561081, 0.7798094153404236, -0.7937132120132446, -0.2771432101726532, 0.5414896011352539], "cam_t_m2c": [489.1708984375, 2.2624080181121826, 574.6779174804688], "obj_id": 1}, {"cam_R_m2c": [0.6076331734657288, -0.318308562040329, -0.7276411056518555, -0.7655515670776367, 0.009184537455439568, -0.6433088779449463, 0.21145375072956085, 0.9479426145553589, -0.2381007820367813], "cam_t_m2c": [476.6693115234375, -48.56291198730469, 621.1016845703125], "obj_id": 1}, {"cam_R_m2c": [0.6364324688911438, -0.7678858637809753, 0.07283586263656616, -0.6883758902549744, -0.5228452682495117, 0.5027636885643005, -0.3479832410812378, -0.3701135814189911, -0.8613498210906982], "cam_t_m2c": [253.4602508544922, 40.84918975830078, 828.7044067382812], "obj_id": 1}, {"cam_R_m2c": [-0.9067986607551575, 0.269680380821228, -0.3240194618701935, 0.4209277927875519, 0.6214246153831482, -0.6607958674430847, 0.023149996995925903, -0.7355976700782776, -0.6770229935646057], "cam_t_m2c": [352.491943359375, -171.68084716796875, 877.22509765625], "obj_id": 1}, {"cam_R_m2c": [0.37175944447517395, 0.8910180926322937, 0.2605409622192383, -0.8976429104804993, 0.27345994114875793, 0.34562504291534424, 0.23671069741249084, -0.3623621165752411, 0.9014775156974792], "cam_t_m2c": [253.1894989013672, -221.4334259033203, 815.8450317382812], "obj_id": 1}, {"cam_R_m2c": [0.6160844564437866, -0.0014419998042285442, 0.7876787781715393, -0.37914273142814636, 0.8759890794754028, 0.2981508672237396, -0.6904278993606567, -0.4823288023471832, 0.539136528968811], "cam_t_m2c": [420.4769592285156, -93.99181365966797, 714.7836303710938], "obj_id": 1}, {"cam_R_m2c": [0.19852882623672485, 0.11823562532663345, 0.9729370474815369, -0.0007474786834791303, -0.9926779866218567, 0.12078715860843658, 0.9800946712493896, -0.024706972762942314, -0.19698666036128998], "cam_t_m2c": [320.347900390625, -202.91554260253906, 633.4755249023438], "obj_id": 1}, {"cam_R_m2c": [-0.17668357491493225, 0.9814664721488953, -0.0742056667804718, 0.8110500574111938, 0.10246063023805618, -0.5759336948394775, -0.557656466960907, -0.1619425266981125, -0.8141215443611145], "cam_t_m2c": [197.74447631835938, 86.21780395507812, 721.25244140625], "obj_id": 1}, {"cam_R_m2c": [-0.5215681195259094, -0.14884087443351746, 0.8401268720626831, 0.6163350343704224, 0.6151748299598694, 0.491620808839798, -0.5899982452392578, 0.7742133736610413, -0.22911976277828217], "cam_t_m2c": [313.81005859375, 142.3902587890625, 678.8441162109375], "obj_id": 1}, {"cam_R_m2c": [0.6623987555503845, 0.2161339670419693, 0.717296302318573, 0.7490724325180054, -0.1771831214427948, -0.6383545994758606, -0.01087730098515749, 0.9601521492004395, -0.2792658805847168], "cam_t_m2c": [235.66336059570312, -57.91883087158203, 866.3153076171875], "obj_id": 1}, {"cam_R_m2c": [0.09832319617271423, -0.9714173674583435, -0.21605737507343292, -0.6858822107315063, 0.09115664660930634, -0.721980631351471, 0.7210395932197571, 0.21917733550071716, -0.6573150753974915], "cam_t_m2c": [219.43307495117188, -176.4425506591797, 646.939208984375], "obj_id": 1}, {"cam_R_m2c": [0.3032985329627991, -0.9470931887626648, -0.10499771684408188, 0.704121470451355, 0.2969941198825836, -0.6449863910675049, 0.6420459151268005, 0.12169227749109268, 0.7569465041160583], "cam_t_m2c": [495.8746643066406, -162.15428161621094, 641.64990234375], "obj_id": 1}, {"cam_R_m2c": [0.8095809817314148, 0.1405116468667984, -0.5699430704116821, -0.5689389705657959, 0.42686980962753296, -0.7029157876968384, 0.14452365040779114, 0.8933300971984863, 0.42552822828292847], "cam_t_m2c": [273.17401123046875, 71.8001708984375, 851.8838500976562], "obj_id": 1}, {"cam_R_m2c": [-0.19947168231010437, 0.19863663613796234, 0.9595595002174377, -0.1290563941001892, 0.9653833508491516, -0.2266702651977539, -0.9713677763938904, -0.16905160248279572, -0.16693131625652313], "cam_t_m2c": [525.4490356445312, -11.669114112854004, 640.513671875], "obj_id": 1}, {"cam_R_m2c": [0.9133574962615967, -0.251910001039505, -0.3198741674423218, -0.40676793456077576, -0.5301472544670105, -0.7439647912979126, 0.017831753939390182, 0.8096203207969666, -0.5866828560829163], "cam_t_m2c": [318.50677490234375, -74.58368682861328, 472.17437744140625], "obj_id": 1}, {"cam_R_m2c": [0.5292586088180542, -0.1381046026945114, -0.8371453881263733, -0.533456027507782, -0.821414053440094, -0.20175126194953918, -0.6597802639007568, 0.5533588528633118, -0.5084131956100464], "cam_t_m2c": [459.2891540527344, -189.8738555908203, 653.3176879882812], "obj_id": 1}, {"cam_R_m2c": [-0.35194724798202515, 0.6820699572563171, -0.6410253643989563, -0.6195827722549438, 0.34357157349586487, 0.705744743347168, 0.7016053795814514, 0.6455532908439636, 0.3016798198223114], "cam_t_m2c": [321.8898620605469, -63.79756164550781, 874.5630493164062], "obj_id": 1}, {"cam_R_m2c": [0.9539624452590942, -0.27784061431884766, -0.11296123266220093, 0.015754207968711853, -0.32969146966934204, 0.9439573287963867, -0.29951202869415283, -0.9022794961929321, -0.3101361393928528], "cam_t_m2c": [330.01141357421875, -79.60907745361328, 708.5368041992188], "obj_id": 1}, {"cam_R_m2c": [0.8378710150718689, 0.5187547206878662, 0.1698990911245346, 0.33321791887283325, -0.7325890064239502, 0.59353107213974, 0.43236324191093445, -0.4406890273094177, -0.7866734862327576], "cam_t_m2c": [249.10704040527344, -54.463191986083984, 591.6802368164062], "obj_id": 1}, {"cam_R_m2c": [0.7601372003555298, -0.6127236485481262, 0.21624325215816498, 0.23231348395347595, 0.5670890808105469, 0.7902154326438904, -0.6068128943443298, -0.5504359006881714, 0.5734094977378845], "cam_t_m2c": [314.5015869140625, -8.568377494812012, 871.9415283203125], "obj_id": 1}, {"cam_R_m2c": [-0.28870508074760437, -0.07378620654344559, 0.9545705318450928, -0.922859251499176, -0.24401091039180756, -0.29797565937042236, 0.2549121379852295, -0.9669613242149353, 0.0023529173340648413], "cam_t_m2c": [431.6893615722656, -44.00153732299805, 920.6251220703125], "obj_id": 1}, {"cam_R_m2c": [-0.0754949226975441, 0.8927387595176697, -0.44420456886291504, -0.10396826267242432, -0.4500950276851654, -0.8869073390960693, -0.9917110800743103, -0.02077394723892212, 0.12679661810398102], "cam_t_m2c": [306.921875, -99.88919067382812, 569.5900268554688], "obj_id": 1}, {"cam_R_m2c": [-0.10010078549385071, -0.6389166712760925, 0.7627352476119995, -0.10748065263032913, -0.7551560401916504, -0.6466736793518066, 0.9891549348831177, -0.14671191573143005, 0.006920754909515381], "cam_t_m2c": [485.9573669433594, -38.880035400390625, 645.2642822265625], "obj_id": 1}, {"cam_R_m2c": [0.3281141519546509, 0.9173718690872192, -0.22532156109809875, -0.2888849079608917, -0.12965305149555206, -0.9485437870025635, -0.899381160736084, 0.37632253766059875, 0.22247400879859924], "cam_t_m2c": [327.33453369140625, -43.588478088378906, 900.4044799804688], "obj_id": 1}, {"cam_R_m2c": [0.8543999195098877, 0.08638585358858109, -0.512384831905365, 0.18483303487300873, 0.8710635900497437, 0.45506590604782104, 0.4856310486793518, -0.4835139214992523, 0.7282696962356567], "cam_t_m2c": [146.9752197265625, -185.43063354492188, 705.18212890625], "obj_id": 1}, {"cam_R_m2c": [-0.9642428755760193, -0.1453445553779602, 0.22160829603672028, -0.012711784802377224, -0.8098687529563904, -0.5864729881286621, 0.2647143602371216, -0.56831955909729, 0.7790629863739014], "cam_t_m2c": [319.58154296875, -95.00982666015625, 503.3379211425781], "obj_id": 1}, {"cam_R_m2c": [-0.7496426701545715, -0.6599301099777222, -0.050281211733818054, 0.657815158367157, -0.7512960433959961, 0.0532318614423275, -0.07290538400411606, 0.00682913139462471, 0.9973154664039612], "cam_t_m2c": [315.22393798828125, -33.03433609008789, 498.4888916015625], "obj_id": 1}, {"cam_R_m2c": [-0.12141310423612595, 0.36954423785209656, 0.9212468862533569, -0.6769984364509583, 0.6479095220565796, -0.34912222623825073, -0.7259007096290588, -0.6660707592964172, 0.17151619493961334], "cam_t_m2c": [161.19476318359375, -176.9003448486328, 562.8734741210938], "obj_id": 1}, {"cam_R_m2c": [-0.6036355495452881, -0.6812408566474915, -0.4141680598258972, -0.6726436018943787, 0.15629637241363525, 0.7232717871665955, -0.42798930406570435, 0.715179979801178, -0.5525783896446228], "cam_t_m2c": [243.85086059570312, -51.7796516418457, 596.8843383789062], "obj_id": 1}, {"cam_R_m2c": [0.9737907648086548, -0.22714385390281677, 0.011713078245520592, 0.20160837471485138, 0.8858644366264343, 0.41784948110580444, -0.10528815537691116, -0.40453651547431946, 0.9084407687187195], "cam_t_m2c": [277.2749328613281, 32.57057571411133, 674.91015625], "obj_id": 1}, {"cam_R_m2c": [0.8176838755607605, -0.5753404498100281, 0.019402600824832916, -0.35771846771240234, -0.48141080141067505, 0.8001756072044373, -0.4510327875614166, -0.6612313389778137, -0.5994517207145691], "cam_t_m2c": [189.8638153076172, 70.87540435791016, 883.33837890625], "obj_id": 3}, {"cam_R_m2c": [-0.27394571900367737, 0.9348572492599487, 0.22582167387008667, 0.9614840149879456, 0.27168506383895874, 0.04166040197014809, -0.022405829280614853, 0.22853663563728333, -0.9732772707939148], "cam_t_m2c": [449.2435607910156, 102.18211364746094, 773.9815063476562], "obj_id": 1}, {"cam_R_m2c": [-0.6348309516906738, -0.536690354347229, -0.5558356046676636, 0.018776966258883476, 0.7084589004516602, -0.7055022716522217, 0.7724229097366333, -0.4583115577697754, -0.4396742284297943], "cam_t_m2c": [194.40550231933594, -254.40769958496094, 695.0848999023438], "obj_id": 1}, {"cam_R_m2c": [0.19652017951011658, 0.2565790116786957, 0.9463334679603577, 0.9301778078079224, 0.2564397156238556, -0.2626936733722687, -0.3100791871547699, 0.9318829774856567, -0.18826855719089508], "cam_t_m2c": [403.6732177734375, -144.4401092529297, 914.2879638671875], "obj_id": 1}, {"cam_R_m2c": [0.09324058890342712, 0.415596067905426, -0.9047574996948242, -0.6140926480293274, 0.7392882108688354, 0.27630266547203064, 0.7837068438529968, 0.5298423171043396, 0.3241461515426636], "cam_t_m2c": [177.40817260742188, -237.02662658691406, 662.963134765625], "obj_id": 1}, {"cam_R_m2c": [0.9041444063186646, 0.2085694819688797, 0.37285614013671875, -0.1727571189403534, -0.619713306427002, 0.76557856798172, 0.39074018597602844, -0.7566071152687073, -0.524278461933136], "cam_t_m2c": [285.23382568359375, 99.39183807373047, 859.363525390625], "obj_id": 3}, {"cam_R_m2c": [-0.30289503931999207, 0.7255975604057312, 0.61786949634552, -0.4117240011692047, -0.6843308806419373, 0.6018094420433044, 0.8594986200332642, -0.07210660725831985, 0.5060263872146606], "cam_t_m2c": [285.75958251953125, -194.4903564453125, 810.7636108398438], "obj_id": 1}, {"cam_R_m2c": [-0.922979474067688, -0.13059145212173462, -0.3620144724845886, -0.029913263395428658, 0.9621648192405701, -0.27082109451293945, 0.38368451595306396, -0.2391333132982254, -0.8919647336006165], "cam_t_m2c": [497.130615234375, -194.54718017578125, 869.5225219726562], "obj_id": 1}, {"cam_R_m2c": [-0.5297788977622986, -0.23453472554683685, 0.8150629997253418, 0.8316581845283508, -0.33216357231140137, 0.4449853301048279, 0.1663697510957718, 0.9135977029800415, 0.37102603912353516], "cam_t_m2c": [210.17355346679688, 161.33462524414062, 776.1730346679688], "obj_id": 1}, {"cam_R_m2c": [-0.10191470384597778, -0.8243966102600098, -0.556761622428894, 0.6204589605331421, 0.38479843735694885, -0.6833452582359314, 0.7775885462760925, -0.4150907099246979, 0.47228771448135376], "cam_t_m2c": [507.2460632324219, -16.969270706176758, 576.7889404296875], "obj_id": 3}, {"cam_R_m2c": [-0.9467937350273132, 0.3043408989906311, -0.10468150675296783, -0.10941150784492493, 0.0015206646639853716, 0.9939953684806824, 0.3026726245880127, 0.9525619745254517, 0.03185863047838211], "cam_t_m2c": [407.1352233886719, -189.79039001464844, 648.3753662109375], "obj_id": 1}, {"cam_R_m2c": [0.5664811134338379, 0.024448810145258904, -0.8237119317054749, 0.7439939975738525, 0.41464874148368835, 0.5239649415016174, 0.3543613851070404, -0.9096530079841614, 0.2167009562253952], "cam_t_m2c": [224.8863983154297, 220.927734375, 677.112060546875], "obj_id": 1}, {"cam_R_m2c": [0.9137570261955261, 0.37191855907440186, 0.1634768694639206, 0.3613872230052948, -0.9279494285583496, 0.09115368872880936, 0.18560002744197845, -0.024213870987296104, -0.9823269248008728], "cam_t_m2c": [354.4361877441406, 100.01422882080078, 746.4327392578125], "obj_id": 3}, {"cam_R_m2c": [-0.43564295768737793, -0.8360264301300049, -0.3335791528224945, -0.8385834097862244, 0.5116328001022339, -0.18710888922214508, 0.32709801197052, 0.19822126626968384, -0.9239671230316162], "cam_t_m2c": [238.597900390625, -275.1272277832031, 730.9290771484375], "obj_id": 1}, {"cam_R_m2c": [0.0722927674651146, 0.46923065185546875, -0.880111575126648, -0.5438833236694336, 0.7582216858863831, 0.35957035422325134, 0.8360410928726196, 0.4526836574077606, 0.31002065539360046], "cam_t_m2c": [356.02911376953125, -228.81393432617188, 748.699951171875], "obj_id": 3}, {"cam_R_m2c": [0.40785619616508484, -0.8142369985580444, 0.41312363743782043, 0.4900147020816803, -0.1865842193365097, -0.8515111804008484, 0.7704145908355713, 0.5497307181358337, 0.3228888511657715], "cam_t_m2c": [225.17660522460938, 20.138521194458008, 907.6463012695312], "obj_id": 3}, {"cam_R_m2c": [-0.8346612453460693, -0.1684529036283493, -0.5243701338768005, -0.2561046779155731, 0.9615926146507263, 0.09874248504638672, 0.48759695887565613, 0.2167101800441742, -0.8457456231117249], "cam_t_m2c": [295.2462463378906, -19.04911994934082, 766.0404663085938], "obj_id": 3}, {"cam_R_m2c": [-0.37284520268440247, 0.1452532410621643, -0.9164538383483887, 0.8985975384712219, -0.18969854712486267, -0.3956470489501953, -0.2313191294670105, -0.9710384011268616, -0.0597958117723465], "cam_t_m2c": [183.8065948486328, 64.19673919677734, 883.5930786132812], "obj_id": 3}, {"cam_R_m2c": [0.29199981689453125, 0.9377637505531311, -0.18797624111175537, 0.7755924463272095, -0.11716999858617783, 0.6202638745307922, 0.5596358776092529, -0.3269098699092865, -0.7615361213684082], "cam_t_m2c": [230.135986328125, -47.16925048828125, 623.7455444335938], "obj_id": 1}, {"cam_R_m2c": [-0.9776409268379211, 0.0040281047113239765, 0.21024340391159058, 0.07948323339223862, -0.918563723564148, 0.38719943165779114, 0.19468161463737488, 0.3952527642250061, 0.8977050185203552], "cam_t_m2c": [332.4963073730469, 182.1082763671875, 713.2617797851562], "obj_id": 3}, {"cam_R_m2c": [0.41723376512527466, 0.9007859826087952, -0.12041796743869781, 0.6648760437965393, -0.21222443878650665, 0.7161707282066345, 0.619560956954956, -0.3788735866546631, -0.6874582171440125], "cam_t_m2c": [447.1922607421875, -61.34806823730469, 783.16015625], "obj_id": 3}, {"cam_R_m2c": [-0.5070796608924866, -0.7642130851745605, -0.39855727553367615, 0.27588629722595215, 0.2941727340221405, -0.9150676727294922, 0.8165514469146729, -0.5739690661430359, 0.06166718900203705], "cam_t_m2c": [306.2203369140625, 98.03182220458984, 633.9266967773438], "obj_id": 3}, {"cam_R_m2c": [-0.7630217671394348, 0.42024141550064087, 0.49111613631248474, 0.6423923373222351, 0.40883269906044006, 0.6482190489768982, 0.07162415236234665, 0.81009441614151, -0.5819081664085388], "cam_t_m2c": [172.79776000976562, -163.36622619628906, 668.5242919921875], "obj_id": 1}, {"cam_R_m2c": [-0.3445597290992737, 0.9018303155899048, -0.26073068380355835, 0.13554303348064423, 0.32261979579925537, 0.936773419380188, 0.9289276003837585, 0.28743425011634827, -0.23339854180812836], "cam_t_m2c": [178.0189208984375, -32.985233306884766, 494.9692687988281], "obj_id": 3}, {"cam_R_m2c": [0.984258234500885, -0.11771880835294724, -0.13182564079761505, 0.08884114027023315, 0.9743492603302002, -0.20676256716251373, 0.152784064412117, 0.191796213388443, 0.9694695472717285], "cam_t_m2c": [255.72586059570312, -25.934043884277344, 843.97265625], "obj_id": 3}, {"cam_R_m2c": [0.5168147087097168, 0.8523163199424744, 0.0803709328174591, 0.854801595211029, -0.5085902810096741, -0.10320010036230087, -0.047083254903554916, 0.12203652411699295, -0.9914082884788513], "cam_t_m2c": [435.262451171875, -90.07200622558594, 725.0721435546875], "obj_id": 1}, {"cam_R_m2c": [0.6138820648193359, 0.5372428297996521, -0.5783761143684387, -0.1602797955274582, 0.8022474050521851, 0.5750734806060791, 0.7729548215866089, -0.26032528281211853, 0.5785945057868958], "cam_t_m2c": [216.87960815429688, 36.8536376953125, 601.3698120117188], "obj_id": 1}, {"cam_R_m2c": [0.8767931461334229, 0.44061559438705444, 0.192592054605484, 0.3345639109611511, -0.27128586173057556, -0.9024804830551147, -0.3453994393348694, 0.8557230234146118, -0.385275661945343], "cam_t_m2c": [154.8680419921875, -105.36724853515625, 564.14013671875], "obj_id": 1}, {"cam_R_m2c": [-0.5261022448539734, -0.08671307563781738, -0.8459887504577637, 0.573560357093811, 0.6982992887496948, -0.428259938955307, 0.627889096736908, -0.7105342149734497, -0.31764158606529236], "cam_t_m2c": [455.08441162109375, -0.6723496913909912, 941.701171875], "obj_id": 1}, {"cam_R_m2c": [-0.2684378921985626, -0.8151071667671204, -0.5133627653121948, 0.5756396055221558, 0.29157131910324097, -0.763953685760498, 0.7723859548568726, -0.5005860924720764, 0.39093920588493347], "cam_t_m2c": [170.27410888671875, -85.73943328857422, 466.01116943359375], "obj_id": 1}, {"cam_R_m2c": [0.23532046377658844, 0.4411505162715912, -0.8660314083099365, -0.10492222011089325, -0.8743160367012024, -0.473880410194397, -0.9662378430366516, 0.20237968862056732, -0.15945789217948914], "cam_t_m2c": [287.8714904785156, 4.838993072509766, 879.9520874023438], "obj_id": 3}, {"cam_R_m2c": [-0.7973158359527588, 0.5995243787765503, -0.0696958601474762, 0.5450817942619324, 0.764832079410553, 0.34339138865470886, 0.25917714834213257, 0.23580151796340942, -0.9366025924682617], "cam_t_m2c": [197.1106414794922, -79.1028060913086, 795.6618041992188], "obj_id": 3}, {"cam_R_m2c": [-0.6409266591072083, -0.7375546097755432, -0.21266356110572815, 0.4695363938808441, -0.15753109753131866, -0.8687458038330078, 0.6072463989257812, -0.6566557884216309, 0.44727492332458496], "cam_t_m2c": [374.135009765625, -150.1154022216797, 737.79833984375], "obj_id": 3}, {"cam_R_m2c": [0.13514892756938934, -0.1041930615901947, 0.985331654548645, 0.6901693344116211, 0.7234197854995728, -0.018166756257414818, -0.7109155058860779, 0.682500958442688, 0.16968028247356415], "cam_t_m2c": [393.77459716796875, -200.40904235839844, 866.4133911132812], "obj_id": 1}, {"cam_R_m2c": [-0.1594136357307434, -0.6067237257957458, 0.7787643671035767, -0.8412476778030396, -0.3293241560459137, -0.4287753403186798, 0.5166139006614685, -0.7234861850738525, -0.4579062759876251], "cam_t_m2c": [264.1424560546875, 3.5698814392089844, 708.0307006835938], "obj_id": 3}, {"cam_R_m2c": [0.9369049072265625, -0.26462069153785706, -0.22844046354293823, 0.005604887846857309, -0.6420085430145264, 0.7666768431663513, -0.3495393395423889, -0.7195836901664734, -0.600017786026001], "cam_t_m2c": [451.154052734375, -154.50083923339844, 713.7615356445312], "obj_id": 1}, {"cam_R_m2c": [-0.4856260120868683, 0.6231702566146851, -0.6130465269088745, -0.6012791991233826, 0.2709272801876068, 0.7517058253288269, 0.6345317363739014, 0.733660101890564, 0.24313004314899445], "cam_t_m2c": [391.39752197265625, -229.11485290527344, 666.335693359375], "obj_id": 1}, {"cam_R_m2c": [-0.7087706327438354, -0.20608337223529816, -0.6746655702590942, -0.6985437273979187, 0.3384226858615875, 0.6304813027381897, 0.09839040040969849, 0.9181501269340515, -0.3838222622871399], "cam_t_m2c": [369.16571044921875, 39.32343292236328, 698.2962646484375], "obj_id": 3}, {"cam_R_m2c": [-0.6118447780609131, -0.3310730755329132, 0.718356728553772, -0.7908815741539001, 0.24190424382686615, -0.5621286034584045, 0.012332146055996418, -0.912070631980896, -0.4098473787307739], "cam_t_m2c": [117.02313995361328, 44.70685958862305, 879.2147827148438], "obj_id": 3}, {"cam_R_m2c": [0.9303810000419617, 0.3607935309410095, 0.06495553255081177, 0.10871819406747818, -0.10233523696660995, -0.9887911081314087, -0.3501022160053253, 0.9270142912864685, -0.13443557918071747], "cam_t_m2c": [172.99542236328125, 207.69606018066406, 698.2866821289062], "obj_id": 3}, {"cam_R_m2c": [-0.8476886749267578, -0.19809211790561676, 0.49212145805358887, 0.49683067202568054, -0.6216450333595276, 0.6055715084075928, 0.185965895652771, 0.7578371167182922, 0.6253796219825745], "cam_t_m2c": [446.1831359863281, -176.88156127929688, 604.9595947265625], "obj_id": 1}, {"cam_R_m2c": [0.8495752215385437, 0.4567640721797943, 0.26379647850990295, -0.10302051901817322, 0.634177029132843, -0.7662938833236694, -0.5173091888427734, 0.6238478422164917, 0.5858371257781982], "cam_t_m2c": [360.15606689453125, 158.52626037597656, 685.4693603515625], "obj_id": 1}, {"cam_R_m2c": [-0.35668301582336426, -0.41524121165275574, 0.8368703126907349, -0.9226299524307251, 0.2972676455974579, -0.24573542177677155, -0.14673498272895813, -0.8597713112831116, -0.4891442656517029], "cam_t_m2c": [368.14910888671875, 175.29310607910156, 667.58056640625], "obj_id": 3}, {"cam_R_m2c": [0.8835473656654358, 0.3909427225589752, 0.2578912079334259, 0.33757537603378296, -0.9132874011993408, 0.227922722697258, 0.32463356852531433, -0.11432278156280518, -0.9389052987098694], "cam_t_m2c": [223.77346801757812, -17.237022399902344, 781.3212280273438], "obj_id": 3}, {"cam_R_m2c": [0.5303458571434021, 0.38555052876472473, -0.7550390958786011, 0.4507230818271637, 0.6260833144187927, 0.6362926959991455, 0.718040406703949, -0.6777687668800354, 0.1582641899585724], "cam_t_m2c": [447.3283386230469, -21.455076217651367, 1008.2725219726562], "obj_id": 3}, {"cam_R_m2c": [-0.8729435801506042, -0.28898584842681885, -0.39300960302352905, 0.4736035466194153, -0.6951473355293274, -0.5408046841621399, -0.11691470444202423, -0.6582227945327759, 0.743689239025116], "cam_t_m2c": [263.292724609375, 33.063865661621094, 934.3173828125], "obj_id": 3}, {"cam_R_m2c": [-0.21167905628681183, -0.6597278714179993, 0.721076488494873, 0.38430818915367126, 0.6221758127212524, 0.6820590496063232, -0.8986096978187561, 0.42149314284324646, 0.12183719873428345], "cam_t_m2c": [498.44927978515625, -92.81074523925781, 618.56201171875], "obj_id": 3}, {"cam_R_m2c": [0.7762044668197632, 0.4056762754917145, 0.4826316833496094, -0.6302489638328552, 0.47847869992256165, 0.6114280819892883, 0.017112931236624718, -0.7787713408470154, 0.6270743608474731], "cam_t_m2c": [386.0684814453125, -35.5289421081543, 804.6337890625], "obj_id": 3}, {"cam_R_m2c": [0.09521330147981644, -0.9528812766075134, 0.2880132496356964, -0.5968673229217529, -0.28619810938835144, -0.7495598196983337, 0.7966704368591309, -0.10053765028715134, -0.5959935188293457], "cam_t_m2c": [397.2867126464844, -203.33938598632812, 603.699462890625], "obj_id": 3}, {"cam_R_m2c": [-0.9752012491226196, 0.2212708741426468, 0.004622845444828272, 0.04942468926310539, 0.19737300276756287, 0.9790816903114319, 0.21572986245155334, 0.9550303816795349, -0.20341452956199646], "cam_t_m2c": [460.3025207519531, 109.52208709716797, 787.210693359375], "obj_id": 1}, {"cam_R_m2c": [0.7826852202415466, -0.39244571328163147, 0.48310476541519165, -0.5769360065460205, -0.7486885190010071, 0.3265123665332794, 0.2335566282272339, -0.5342769622802734, -0.8124035000801086], "cam_t_m2c": [430.13067626953125, -91.07156372070312, 505.9075927734375], "obj_id": 3}, {"cam_R_m2c": [0.9161784052848816, -0.3798934817314148, 0.12766383588314056, 0.33847373723983765, 0.9040279388427734, 0.2610919177532196, -0.21459878981113434, -0.19599591195583344, 0.9568348526954651], "cam_t_m2c": [392.6272888183594, -97.89909362792969, 768.5191650390625], "obj_id": 1}, {"cam_R_m2c": [0.5603918433189392, -0.8279651403427124, -0.02085046097636223, -0.6149676442146301, -0.43282777070999146, 0.6591470837593079, -0.5547754764556885, -0.35655826330184937, -0.751724898815155], "cam_t_m2c": [272.08978271484375, 11.542569160461426, 928.4273681640625], "obj_id": 3}, {"cam_R_m2c": [-0.7624161243438721, 0.3130427896976471, -0.5663264393806458, -0.14929692447185516, -0.9366792440414429, -0.3167683780193329, -0.6296283602714539, -0.15695853531360626, 0.7608758807182312], "cam_t_m2c": [256.31536865234375, -228.86676025390625, 754.0299682617188], "obj_id": 3}, {"cam_R_m2c": [0.3981761634349823, 0.34106385707855225, -0.8515463471412659, 0.13048028945922852, 0.8978116512298584, 0.42060568928718567, 0.9079816341400146, -0.27858516573905945, 0.3129850924015045], "cam_t_m2c": [272.3015441894531, -225.6429443359375, 711.8543090820312], "obj_id": 1}, {"cam_R_m2c": [-0.18635018169879913, 0.15930438041687012, 0.9694821834564209, -0.4858681261539459, -0.8726012110710144, 0.04999326914548874, 0.8539354801177979, -0.4617242217063904, 0.24001029133796692], "cam_t_m2c": [140.87474060058594, -146.34193420410156, 559.3626708984375], "obj_id": 1}, {"cam_R_m2c": [-0.