{
  "0": [{"cam_R_m2c": [-0.9912070035934448, -0.06652865558862686, 0.11437807977199554, -0.09295466542243958, -0.2650793790817261, -0.9597354531288147, 0.09416919201612473, -0.9619286060333252, 0.25656455755233765], "cam_t_m2c": [-414.06304931640625, -50.69084548950195, 821.5380859375], "obj_id": 2}, {"cam_R_m2c": [-0.0576123483479023, -0.9147725105285645, 0.3998400866985321, -0.49868080019950867, 0.3733299672603607, 0.7822673916816711, -0.8648689389228821, -0.15432432293891907, -0.47768789529800415], "cam_t_m2c": [-411.46484375, -38.690582275390625, 869.4638671875], "obj_id": 2}, {"cam_R_m2c": [0.6699835658073425, -0.4223197102546692, -0.6105473041534424, -0.7269532084465027, -0.20645174384117126, -0.6549171805381775, 0.15053583681583405, 0.8826230764389038, -0.44532591104507446], "cam_t_m2c": [-323.9078369140625, -106.34388732910156, 906.2142333984375], "obj_id": 0}, {"cam_R_m2c": [0.40811997652053833, -0.8795629739761353, 0.24455466866493225, -0.8024605512619019, -0.2178923636674881, 0.5554996132850647, -0.43531033396720886, -0.4229559600353241, -0.7947407960891724], "cam_t_m2c": [-114.26913452148438, -23.042430877685547, 641.2654418945312], "obj_id": 1}],
  "1": [{"cam_R_m2c": [0.9731805920600891, 0.1278173327445984, -0.1912647783756256, 0.18713131546974182, -0.9234329462051392, 0.3350425064563751, -0.13379596173763275, -0.36184850335121155, -0.922585666179657], "cam_t_m2c": [403.7143859863281, 104.11978912353516, 920.1896362304688], "obj_id": 2}, {"cam_R_m2c": [0.09731002897024155, 0.9447150826454163, -0.3131200969219208, -0.8059309720993042, -0.10979904234409332, -0.5817383527755737, -0.5839572548866272, 0.3089621663093567, 0.7506905794143677], "cam_t_m2c": [397.97125244140625, 150.45249938964844, 936.9075927734375], "obj_id": 2}, {"cam_R_m2c": [-0.7217861413955688, 0.33703893423080444, 0.6045075058937073, 0.16032569110393524, 0.931083083152771, -0.3276888430118561, -0.6732906103134155, -0.13960318267345428, -0.7260788083076477], "cam_t_m2c": [303.9024963378906, 185.56948852539062, 877.8165893554688], "obj_id": 0}, {"cam_R_m2c": [-0.41861262917518616, 0.8962616324424744, -0.1465553641319275, -0.39119160175323486, -0.32359036803245544, -0.861544132232666, -0.8195928931236267, -0.30332207679748535, 0.48606911301612854], "cam_t_m2c": [121.53715515136719, -102.73324584960938, 945.351318359375], "obj_id": 1}]
}