{
  "0": [{"cam_R_m2c": [0.5108166933059692, -0.11456034332513809, -0.8520224690437317, 0.7661588788032532, 0.5102217197418213, 0.3907356560230255, 0.38995757699012756, -0.8523788452148438, 0.34840118885040283], "cam_t_m2c": [123.86334991455078, -21.1203670501709, 317.3017883300781], "obj_id": 2}, {"cam_R_m2c": [-0.5480890274047852, -0.021027585491538048, 0.8361555337905884, -0.5441583395004272, 0.7681617140769958, -0.3373710513114929, -0.6352086067199707, -0.6399104595184326, -0.4324633479118347], "cam_t_m2c": [-48.92204666137695, 193.18740844726562, 116.62142944335938], "obj_id": 0}, {"cam_R_m2c": [0.8248457312583923, -0.1746571660041809, -0.5377029776573181, -0.5646275877952576, -0.2061649113893509, -0.7991819977760315, 0.02872742898762226, 0.9628037810325623, -0.2686704993247986], "cam_t_m2c": [38.89537811279297, 115.91051483154297, 91.06986236572266], "obj_id": 3}, {"cam_R_m2c": [0.6101859211921692, -0.33802399039268494, -0.7165283560752869, 0.727981686592102, 0.5960666537284851, 0.3387434780597687, 0.3125952482223511, -0.728316068649292, 0.6097867488861084], "cam_t_m2c": [-141.61351013183594, 63.70161437988281, 475.4981689453125], "obj_id": 1}, {"cam_R_m2c": [0.8031837344169617, 0.05890708789229393, 0.5928117632865906, -0.5870587229728699, -0.09091456234455109, 0.8044230341911316, 0.10128151625394821, -0.9941148161888123, -0.038439150899648666], "cam_t_m2c": [26.25231170654297, 51.16764831542969, 192.18031311035156], "obj_id": 3}, {"cam_R_m2c": [0.5108166933059692, 0.848048210144043, -0.14099831879138947, 0.7661588788032532, -0.3746814429759979, 0.5221248269081116, 0.38995757699012756, -0.3747371733188629, -0.841133177280426], "cam_t_m2c": [46.00027084350586, 134.0657501220703, 114.3990478515625], "obj_id": 2}, {"cam_R_m2c": [0.7840563058853149, 0.5932140946388245, -0.18262739479541779, 0.21664603054523468, 0.014174542389810085, 0.9761473536491394, 0.5816529989242554, -0.8049200177192688, -0.11740383505821228], "cam_t_m2c": [-75.84317779541016, 81.61221313476562, 405.4336853027344], "obj_id": 1}, {"cam_R_m2c": [0.8595682978630066, 0.4125792384147644, -0.3015305995941162, -0.4478810131549835, 0.32412317395210266, -0.8332747220993042, -0.24605879187583923, 0.8513063788414001, 0.4633924067020416], "cam_t_m2c": [-2.774312973022461, 33.69659423828125, 266.36236572265625], "obj_id": 3}, {"cam_R_m2c": [0.01639823243021965, 0.275568425655365, 0.9611414670944214, -0.46220576763153076, -0.8503081202507019, 0.2516772150993347, 0.8866209387779236, -0.4483722150325775, 0.11342603713274002], "cam_t_m2c": [-34.51310348510742, -10.482423782348633, 409.7855529785156], "obj_id": 3}, {"cam_R_m2c": [0.9490761160850525, -0.30354607105255127, -0.08434615284204483, 0.2555403709411621, 0.5851236581802368, 0.7696294188499451, -0.18426504731178284, -0.751990795135498, 0.6328951716423035], "cam_t_m2c": [-25.145681381225586, 100.98695373535156, 314.6813659667969], "obj_id": 1}, {"cam_R_m2c": [0.47169315814971924, 0.8596899509429932, 0.19605785608291626, 0.5342566967010498, -0.4555300772190094, 0.7120829224586487, 0.7014808058738708, -0.2311394214630127, -0.6741655468940735], "cam_t_m2c": [10.927266120910645, 63.55715560913086, 305.05059814453125], "obj_id": 1}, {"cam_R_m2c": [-0.6144307851791382, -0.7303060293197632, 0.298542857170105, 0.28498774766921997, 0.1474084109067917, 0.9471286535263062, -0.7357015609741211, 0.6670261025428772, 0.11755602806806564], "cam_t_m2c": [-42.01188278198242, 56.44905471801758, 385.4443054199219], "obj_id": 1}, {"cam_R_m2c": [0.3982202410697937, 0.8311988115310669, -0.3879809081554413, 0.5909504294395447, -0.5559644103050232, -0.5845351219177246, -0.7015684247016907, 0.003496261779218912, -0.7125935554504395], "cam_t_m2c": [-33.36103820800781, 80.15946960449219, 129.01113891601562], "obj_id": 1}, {"cam_R_m2c": [-0.6767182350158691, 0.697645902633667, -0.23524980247020721, 0.6380969882011414, 0.3963685631752014, -0.6600940823554993, -0.36726632714271545, -0.5968099236488342, -0.7133955359458923], "cam_t_m2c": [-14.989035606384277, 43.5317268371582, 288.3490905761719], "obj_id": 3}, {"cam_R_m2c": [-0.3331381380558014, 0.5975179672241211, -0.729377269744873, -0.9291324019432068, -0.3396439850330353, 0.14613299071788788, -0.1604115217924118, 0.7263705730438232, 0.6683217287063599], "cam_t_m2c": [-12.719639778137207, 30.82770538330078, 388.1907653808594], "obj_id": 0}, {"cam_R_m2c": [0.9153071045875549, -0.3633838891983032, 0.17368076741695404, 0.08925312757492065, 0.6035164594650269, 0.7923393845558167, -0.3927425742149353, -0.7097322940826416, 0.5848360657691956], "cam_t_m2c": [-70.14837646484375, 166.54644775390625, 249.14125061035156], "obj_id": 1}, {"cam_R_m2c": [-0.7434499859809875, -0.6222704648971558, 0.24507400393486023, 0.30051231384277344, 0.01654445007443428, 0.9536343216896057, -0.59747314453125, 0.7826273441314697, 0.17470014095306396], "cam_t_m2c": [-15.620691299438477, 2.597738027572632, 456.66595458984375], "obj_id": 1}, {"cam_R_m2c": [0.14856025576591492, 0.9873740077018738, 0.054976686835289, 0.36810335516929626, -0.003615081775933504, -0.9297778606414795, -0.917839765548706, 0.1583651453256607, -0.36399275064468384], "cam_t_m2c": [27.080503463745117, 16.74448013305664, 277.4964904785156], "obj_id": 3}, {"cam_R_m2c": [-0.15760274231433868, 0.6246896982192993, -0.764803409576416, 0.9760307669639587, -0.019168658182024956, -0.21678708493709564, -0.15008488297462463, -0.780637800693512, -0.6066953539848328], "cam_t_m2c": [-62.65495681762695, 48.34465789794922, 259.7279052734375], "obj_id": 1}, {"cam_R_m2c": [-0.5491511821746826, -0.25885045528411865, -0.7946252226829529, -0.058205608278512955, 0.960361123085022, -0.27261433005332947, 0.8336935043334961, -0.10345485061407089, -0.542449951171875], "cam_t_m2c": [132.0009765625, -50.44025421142578, 272.0663146972656], "obj_id": 3}, {"cam_R_m2c": [-0.23462846875190735, -0.10849440097808838, -0.966011643409729, 0.5606217384338379, -0.8269396424293518, -0.043290890753269196, -0.7941364645957947, -0.5517244338989258, 0.254847913980484], "cam_t_m2c": [-32.289737701416016, 137.833984375, 164.68389892578125], "obj_id": 3}, {"cam_R_m2c": [-0.2784227132797241, 0.7549675703048706, -0.5937210917472839, -0.9346110224723816, -0.35540929436683655, -0.013652091845870018, -0.22132089734077454, 0.5510972738265991, 0.8045550584793091], "cam_t_m2c": [-94.45821380615234, 42.93165969848633, 471.4814758300781], "obj_id": 0}, {"cam_R_m2c": [0.6311759352684021, 0.644420325756073, 0.4316703975200653, -0.5351800322532654, -0.04100695624947548, 0.8437420725822449, 0.561426043510437, -0.7635710835456848, 0.3189983069896698], "cam_t_m2c": [-48.93436813354492, 167.01792907714844, 215.06625366210938], "obj_id": 1}, {"cam_R_m2c": [0.05458691716194153, 0.6611072421073914, 0.7483030557632446, 0.42377591133117676, 0.6632394790649414, -0.6168690323829651, -0.904120683670044, 0.3507857918739319, -0.24395710229873657], "cam_t_m2c": [43.62892150878906, 6.039852142333984, 237.13467407226562], "obj_id": 3}, {"cam_R_m2c": [-0.7469839453697205, 0.42301324009895325, -0.5129080414772034, 0.1710251420736313, 0.8677724003791809, 0.46660634875297546, 0.6424680948257446, 0.26082733273506165, -0.7205579280853271], "cam_t_m2c": [47.624141693115234, -29.046077728271484, 300.834716796875], "obj_id": 3}, {"cam_R_m2c": [-0.6259009838104248, -0.6795169115066528, -0.382759153842926, -0.7240981459617615, 0.3240105211734772, 0.6088505983352661, -0.2897063195705414, 0.6582354307174683, -0.6948354244232178], "cam_t_m2c": [12.274200439453125, -16.742624282836914, 296.89306640625], "obj_id": 2}, {"cam_R_m2c": [0.430721253156662, -0.45456409454345703, -0.7796477675437927, -0.620644748210907, 0.477979451417923, -0.6215591430664062, 0.655194103717804, 0.7516030669212341, -0.07624693214893341], "cam_t_m2c": [7.298252582550049, 28.345226287841797, 289.0032653808594], "obj_id": 3}, {"cam_R_m2c": [0.14558526873588562, 0.7278500199317932, -0.6701039671897888, -0.5241579413414001, 0.6311942934989929, 0.571709930896759, 0.8390848636627197, 0.268007755279541, 0.47340095043182373], "cam_t_m2c": [-120.34103393554688, 111.37140655517578, 229.75308227539062], "obj_id": 3}, {"cam_R_m2c": [-0.6888840198516846, -0.4261806011199951, -0.5863520503044128, -0.7159781455993652, 0.2737312912940979, 0.6422199010848999, -0.11319879442453384, 0.8622303605079651, -0.4937050938606262], "cam_t_m2c": [-128.6165771484375, 149.1160888671875, 307.6035461425781], "obj_id": 0}, {"cam_R_m2c": [0.5108166933059692, -0.22258563339710236, -0.830374538898468, 0.7661588191986084, 0.5560035705566406, 0.32227420806884766, 0.38995760679244995, -0.800821840763092, 0.4545518755912781], "cam_t_m2c": [-66.13431549072266, 145.5495147705078, 238.72499084472656], "obj_id": 2}, {"cam_R_m2c": [0.6025742292404175, -0.789024293422699, 0.11977065354585648, 0.4792196452617645, 0.23772744834423065, -0.8448870778083801, 0.6381636261940002, 0.566503643989563, 0.5213643908500671], "cam_t_m2c": [-26.165401458740234, -5.084138870239258, 388.3671875], "obj_id": 1}, {"cam_R_m2c": [-0.9314377307891846, -0.31922611594200134, 0.1746947467327118, -0.23939815163612366, 0.1759853959083557, -0.9548390507698059, 0.27406585216522217, -0.9311947822570801, -0.24034151434898376], "cam_t_m2c": [-150.26840209960938, 102.25924682617188, 199.8963623046875], "obj_id": 1}, {"cam_R_m2c": [-0.9261637330055237, 0.35659560561180115, 0.12271945923566818, -0.19592460989952087, -0.1769292950630188, -0.9645254611968994, -0.3222328722476959, -0.9173524379730225, 0.23373150825500488], "cam_t_m2c": [164.57208251953125, -155.06112670898438, 306.7425537109375], "obj_id": 1}, {"cam_R_m2c": [-0.29976770281791687, 0.9496939182281494, 0.09066731482744217, -0.6678786277770996, -0.1410457193851471, -0.730783224105835, -0.6812321543693542, -0.2796200215816498, 0.6765614151954651], "cam_t_m2c": [112.09481811523438, -124.61222076416016, 281.2115173339844], "obj_id": 2}, {"cam_R_m2c": [0.7382748126983643, 0.6738231778144836, -0.030208734795451164, 0.5459546446800232, -0.5706754922866821, 0.6134027242660522, 0.39608561992645264, -0.4693523645401001, -0.789192259311676], "cam_t_m2c": [36.863895416259766, -81.8155288696289, 384.305419921875], "obj_id": 0}, {"cam_R_m2c": [0.3758002519607544, -0.5664212703704834, 0.7334446310997009, 0.2886762022972107, 0.8236305117607117, 0.48815855383872986, -0.8805907964706421, 0.02827794849872589, 0.4730329215526581], "cam_t_m2c": [145.81324768066406, -105.77955627441406, 328.357177734375], "obj_id": 3}, {"cam_R_m2c": [-0.5245002508163452, -0.549018144607544, -0.6507521867752075, 0.6556975841522217, 0.22708001732826233, -0.7200661301612854, 0.5431022047996521, -0.8043715953826904, 0.24088644981384277], "cam_t_m2c": [-104.4296875, 4.980016708374023, 369.8270263671875], "obj_id": 1}, {"cam_R_m2c": [-0.384480357170105, 0.44977477192878723, -0.8061498999595642, -0.915241539478302, -0.2996710240840912, 0.26931455731391907, -0.12044884264469147, 0.8413679599761963, 0.52687007188797], "cam_t_m2c": [-303.8172912597656, 139.0548858642578, 556.8713989257812], "obj_id": 0}, {"cam_R_m2c": [-0.8586151003837585, -0.32341957092285156, 0.39771851897239685, -0.48674049973487854, 0.2709572911262512, -0.8304612040519714, 0.16082265973091125, -0.9066321849822998, -0.39006945490837097], "cam_t_m2c": [-86.68199157714844, 58.69916915893555, 215.88287353515625], "obj_id": 1}, {"cam_R_m2c": [0.8538579344749451, 0.003472168231382966, -0.5204945802688599, -0.39940768480300903, -0.6368497610092163, -0.6594663858413696, -0.3337666094303131, 0.7709801197052002, -0.5423924326896667], "cam_t_m2c": [94.79733276367188, 27.140043258666992, 205.0148162841797], "obj_id": 3}, {"cam_R_m2c": [0.26222431659698486, -0.8368269801139832, 0.48058193922042847, 0.43478697538375854, 0.5470500588417053, 0.715329647064209, -0.8615095019340515, 0.021373968571424484, 0.507291316986084], "cam_t_m2c": [-10.179607391357422, 201.20030212402344, 97.13127899169922], "obj_id": 1}],
  "1": [{"cam_R_m2c": [0.5108166933059692, -0.11456034332513809, -0.8520224690437317, 0.7661588788032532, 0.5102217197418213, 0.3907356560230255, 0.38995757699012756, -0.8523788452148438, 0.34840118885040283], "cam_t_m2c": [123.86334991455078, -21.1203670501709, 317.3017883300781], "obj_id": 2}, {"cam_R_m2c": [-0.5480890274047852, -0.021027585491538048, 0.8361555337905884, -0.5441583395004272, 0.7681617140769958, -0.3373710513114929, -0.6352086067199707, -0.6399104595184326, -0.4324633479118347], "cam_t_m2c": [-48.92204666137695, 193.18740844726562, 116.62142944335938], "obj_id": 0}, {"cam_R_m2c": [0.8248457312583923, -0.1746571660041809, -0.5377029776573181, -0.5646275877952576, -0.2061649113893509, -0.7991819977760315, 0.02872742898762226, 0.9628037810325623, -0.2686704993247986], "cam_t_m2c": [38.89537811279297, 115.91051483154297, 91.06986236572266], "obj_id": 3}, {"cam_R_m2c": [0.6101859211921692, -0.33802399039268494, -0.7165283560752869, 0.727981686592102, 0.5960666537284851, 0.3387434780597687, 0.3125952482223511, -0.728316068649292, 0.6097867488861084], "cam_t_m2c": [-141.61351013183594, 63.70161437988281, 475.4981689453125], "obj_id": 1}, {"cam_R_m2c": [0.8031837344169617, 0.05890708789229393, 0.5928117632865906, -0.5870587229728699, -0.09091456234455109, 0.8044230341911316, 0.10128151625394821, -0.9941148161888123, -0.038439150899648666], "cam_t_m2c": [26.25231170654297, 51.16764831542969, 192.18031311035156], "obj_id": 3}, {"cam_R_m2c": [0.5108166933059692, 0.848048210144043, -0.14099831879138947, 0.7661588788032532, -0.3746814429759979, 0.5221248269081116, 0.38995757699012756, -0.3747371733188629, -0.841133177280426], "cam_t_m2c": [46.00027084350586, 134.0657501220703, 114.3990478515625], "obj_id": 2}, {"cam_R_m2c": [0.7840563058853149, 0.5932140946388245, -0.18262739479541779, 0.21664603054523468, 0.014174542389810085, 0.9761473536491394, 0.5816529989242554, -0.8049200177192688, -0.11740383505821228], "cam_t_m2c": [-75.84317779541016, 81.61221313476562, 405.4336853027344], "obj_id": 1}, {"cam_R_m2c": [0.8595682978630066, 0.4125792384147644, -0.3015305995941162, -0.4478810131549835, 0.32412317395210266, -0.8332747220993042, -0.24605879187583923, 0.8513063788414001, 0.4633924067020416], "cam_t_m2c": [-2.774312973022461, 33.69659423828125, 266.36236572265625], "obj_id": 3}, {"cam_R_m2c": [0.01639823243021965, 0.275568425655365, 0.9611414670944214, -0.46220576763153076, -0.8503081202507019, 0.2516772150993347, 0.8866209387779236, -0.4483722150325775, 0.11342603713274002], "cam_t_m2c": [-34.51310348510742, -10.482423782348633, 409.7855529785156], "obj_id": 3}, {"cam_R_m2c": [0.9490761160850525, -0.30354607105255127, -0.08434615284204483, 0.2555403709411621, 0.5851236581802368, 0.7696294188499451, -0.18426504731178284, -0.751990795135498, 0.6328951716423035], "cam_t_m2c": [-25.145681381225586, 100.98695373535156, 314.6813659667969], "obj_id": 1}, {"cam_R_m2c": [0.47169315814971924, 0.8596899509429932, 0.19605785608291626, 0.5342566967010498, -0.4555300772190094, 0.7120829224586487, 0.7014808058738708, -0.2311394214630127, -0.6741655468940735], "cam_t_m2c": [10.927266120910645, 63.55715560913086, 305.05059814453125], "obj_id": 1}, {"cam_R_m2c": [-0.6144307851791382, -0.7303060293197632, 0.298542857170105, 0.28498774766921997, 0.1474084109067917, 0.9471286535263062, -0.7357015609741211, 0.6670261025428772, 0.11755602806806564], "cam_t_m2c": [-42.01188278198242, 56.44905471801758, 385.4443054199219], "obj_id": 1}, {"cam_R_m2c": [0.3982202410697937, 0.8311988115310669, -0.3879809081554413, 0.5909504294395447, -0.5559644103050232, -0.5845351219177246, -0.7015684247016907, 0.003496261779218912, -0.7125935554504395], "cam_t_m2c": [-33.36103820800781, 80.15946960449219, 129.01113891601562], "obj_id": 1}, {"cam_R_m2c": [-0.6767182350158691, 0.697645902633667, -0.23524980247020721, 0.6380969882011414, 0.3963685631752014, -0.6600940823554993, -0.36726632714271545, -0.5968099236488342, -0.7133955359458923], "cam_t_m2c": [-14.989035606384277, 43.5317268371582, 288.3490905761719], "obj_id": 3}, {"cam_R_m2c": [-0.3331381380558014, 0.5975179672241211, -0.729377269744873, -0.9291324019432068, -0.3396439850330353, 0.14613299071788788, -0.1604115217924118, 0.7263705730438232, 0.6683217287063599], "cam_t_m2c": [-12.719639778137207, 30.82770538330078, 388.1907653808594], "obj_id": 0}, {"cam_R_m2c": [0.9153071045875549, -0.3633838891983032, 0.17368076741695404, 0.08925312757492065, 0.6035164594650269, 0.7923393845558167, -0.3927425742149353, -0.7097322940826416, 0.5848360657691956], "cam_t_m2c": [-70.14837646484375, 166.54644775390625, 249.14125061035156], "obj_id": 1}, {"cam_R_m2c": [-0.7434499859809875, -0.6222704648971558, 0.24507400393486023, 0.30051231384277344, 0.01654445007443428, 0.9536343216896057, -0.59747314453125, 0.7826273441314697, 0.17470014095306396], "cam_t_m2c": [-15.620691299438477, 2.597738027572632, 456.66595458984375], "obj_id": 1}, {"cam_R_m2c": [0.14856025576591492, 0.9873740077018738, 0.054976686835289, 0.36810335516929626, -0.003615081775933504, -0.9297778606414795, -0.917839765548706, 0.1583651453256607, -0.36399275064468384], "cam_t_m2c": [27.080503463745117, 16.74448013305664, 277.4964904785156], "obj_id": 3}, {"cam_R_m2c": [-0.15760274231433868, 0.6246896982192993, -0.764803409576416, 0.9760307669639587, -0.019168658182024956, -0.21678708493709564, -0.15008488297462463, -0.780637800693512, -0.6066953539848328], "cam_t_m2c": [-62.65495681762695, 48.34465789794922, 259.7279052734375], "obj_id": 1}, {"cam_R_m2c": [-0.5491511821746826, -0.25885045528411865, -0.7946252226829529, -0.058205608278512955, 0.960361123085022, -0.27261433005332947, 0.8336935043334961, -0.10345485061407089, -0.542449951171875], "cam_t_m2c": [132.0009765625, -50.44025421142578, 272.0663146972656], "obj_id": 3}, {"cam_R_m2c": [-0.23462846875190735, -0.10849440097808838, -0.966011643409729, 0.5606217384338379, -0.8269396424293518, -0.043290890753269196, -0.7941364645957947, -0.5517244338989258, 0.254847913980484], "cam_t_m2c": [-32.289737701416016, 137.833984375, 164.68389892578125], "obj_id": 3}, {"cam_R_m2c": [-0.2784227132797241, 0.7549675703048706, -0.5937210917472839, -0.9346110224723816, -0.35540929436683655, -0.013652091845870018, -0.22132089734077454, 0.5510972738265991, 0.8045550584793091], "cam_t_m2c": [-94.45821380615234, 42.93165969848633, 471.4814758300781], "obj_id": 0}, {"cam_R_m2c": [0.6311759352684021, 0.644420325756073, 0.4316703975200653, -0.5351800322532654, -0.04100695624947548, 0.8437420725822449, 0.561426043510437, -0.7635710835456848, 0.3189983069896698], "cam_t_m2c": [-48.93436813354492, 167.01792907714844, 215.06625366210938], "obj_id": 1}, {"cam_R_m2c": [0.05458691716194153, 0.6611072421073914, 0.7483030557632446, 0.42377591133117676, 0.6632394790649414, -0.6168690323829651, -0.904120683670044, 0.3507857918739319, -0.24395710229873657], "cam_t_m2c": [43.62892150878906, 6.039852142333984, 237.13467407226562], "obj_id": 3}, {"cam_R_m2c": [-0.7469839453697205, 0.42301324009895325, -0.5129080414772034, 0.1710251420736313, 0.8677724003791809, 0.46660634875297546, 0.6424680948257446, 0.26082733273506165, -0.7205579280853271], "cam_t_m2c": [47.624141693115234, -29.046077728271484, 300.834716796875], "obj_id": 3}, {"cam_R_m2c": [-0.6259009838104248, -0.6795169115066528, -0.382759153842926, -0.7240981459617615, 0.3240105211734772, 0.6088505983352661, -0.2897063195705414, 0.6582354307174683, -0.6948354244232178], "cam_t_m2c": [12.274200439453125, -16.742624282836914, 296.89306640625], "obj_id": 2}, {"cam_R_m2c": [0.430721253156662, -0.45456409454345703, -0.7796477675437927, -0.620644748210907, 0.477979451417923, -0.6215591430664062, 0.655194103717804, 0.7516030669212341, -0.07624693214893341], "cam_t_m2c": [7.298252582550049, 28.345226287841797, 289.0032653808594], "obj_id": 3}, {"cam_R_m2c": [0.14558526873588562, 0.7278500199317932, -0.6701039671897888, -0.5241579413414001, 0.6311942934989929, 0.571709930896759, 0.8390848636627197, 0.268007755279541, 0.47340095043182373], "cam_t_m2c": [-120.34103393554688, 111.37140655517578, 229.75308227539062], "obj_id": 3}, {"cam_R_m2c": [-0.6888840198516846, -0.4261806011199951, -0.5863520503044128, -0.7159781455993652, 0.2737312912940979, 0.6422199010848999, -0.11319879442453384, 0.8622303605079651, -0.4937050938606262], "cam_t_m2c": [-128.6165771484375, 149.1160888671875, 307.6035461425781], "obj_id": 0}, {"cam_R_m2c": [0.5108166933059692, -0.22258563339710236, -0.830374538898468, 0.7661588191986084, 0.5560035705566406, 0.32227420806884766, 0.38995760679244995, -0.800821840763092, 0.4545518755912781], "cam_t_m2c": [-66.13431549072266, 145.5495147705078, 238.72499084472656], "obj_id": 2}, {"cam_R_m2c": [0.6025742292404175, -0.789024293422699, 0.11977065354585648, 0.4792196452617645, 0.23772744834423065, -0.8448870778083801, 0.6381636261940002, 0.566503643989563, 0.5213643908500671], "cam_t_m2c": [-26.165401458740234, -5.084138870239258, 388.3671875], "obj_id": 1}, {"cam_R_m2c": [-0.9314377307891846, -0.31922611594200134, 0.1746947467327118, -0.23939815163612366, 0.1759853959083557, -0.9548390507698059, 0.27406585216522217, -0.9311947822570801, -0.24034151434898376], "cam_t_m2c": [-150.26840209960938, 102.25924682617188, 199.8963623046875], "obj_id": 1}, {"cam_R_m2c": [-0.9261637330055237, 0.35659560561180115, 0.12271945923566818, -0.19592460989952087, -0.1769292950630188, -0.9645254611968994, -0.3222328722476959, -0.9173524379730225, 0.23373150825500488], "cam_t_m2c": [164.57208251953125, -155.06112670898438, 306.7425537109375], "obj_id": 1}, {"cam_R_m2c": [-0.29976770281791687, 0.9496939182281494, 0.09066731482744217, -0.6678786277770996, -0.1410457193851471, -0.730783224105835, -0.6812321543693542, -0.2796200215816498, 0.6765614151954651], "cam_t_m2c": [112.09481811523438, -124.61222076416016, 281.2115173339844], "obj_id": 2}, {"cam_R_m2c": [0.7382748126983643, 0.6738231778144836, -0.030208734795451164, 0.5459546446800232, -0.5706754922866821, 0.6134027242660522, 0.39608561992645264, -0.4693523645401001, -0.789192259311676], "cam_t_m2c": [36.863895416259766, -81.8155288696289, 384.305419921875], "obj_id": 0}, {"cam_R_m2c": [0.3758002519607544, -0.5664212703704834, 0.7334446310997009, 0.2886762022972107, 0.8236305117607117, 0.48815855383872986, -0.8805907964706421, 0.02827794849872589, 0.4730329215526581], "cam_t_m2c": [145.81324768066406, -105.77955627441406, 328.357177734375], "obj_id": 3}, {"cam_R_m2c": [-0.5245002508163452, -0.549018144607544, -0.6507521867752075, 0.6556975841522217, 0.22708001732826233, -0.7200661301612854, 0.5431022047996521, -0.8043715953826904, 0.24088644981384277], "cam_t_m2c": [-104.4296875, 4.980016708374023, 369.8270263671875], "obj_id": 1}, {"cam_R_m2c": [-0.384480357170105, 0.44977477192878723, -0.8061498999595642, -0.915241539478302, -0.2996710240840912, 0.26931455731391907, -0.12044884264469147, 0.8413679599761963, 0.52687007188797], "cam_t_m2c": [-303.8172912597656, 139.0548858642578, 556.8713989257812], "obj_id": 0}, {"cam_R_m2c": [-0.8586151003837585, -0.32341957092285156, 0.39771851897239685, -0.48674049973487854, 0.2709572911262512, -0.8304612040519714, 0.16082265973091125, -0.9066321849822998, -0.39006945490837097], "cam_t_m2c": [-86.68199157714844, 58.69916915893555, 215.88287353515625], "obj_id": 1}, {"cam_R_m2c": [0.8538579344749451, 0.003472168231382966, -0.5204945802688599, -0.39940768480300903, -0.6368497610092163, -0.6594663858413696, -0.3337666094303131, 0.7709801197052002, -0.5423924326896667], "cam_t_m2c": [94.79733276367188, 27.140043258666992, 205.0148162841797], "obj_id": 3}, {"cam_R_m2c": [0.26222431659698486, -0.8368269801139832, 0.48058193922042847, 0.43478697538375854, 0.5470500588417053, 0.715329647064209, -0.8615095019340515, 0.021373968571424484, 0.507291316986084], "cam_t_m2c": [-10.179607391357422, 201.20030212402344, 97.13127899169922], "obj_id": 1}],
  "2": [{"cam_R_m2c": [0.5108166933059692, -0.11456034332513809, -0.8520224690437317, 0.7661588788032532, 0.5102217197418213, 0.3907356560230255, 0.38995757699012756, -0.8523788452148438, 0.34840118885040283], "cam_t_m2c": [123.86334991455078, -21.1203670501709, 317.3017883300781], "obj_id": 2}, {"cam_R_m2c": [-0.5480890274047852, -0.021027585491538048, 0.8361555337905884, -0.5441583395004272, 0.7681617140769958, -0.3373710513114929, -0.6352086067199707, -0.6399104595184326, -0.4324633479118347], "cam_t_m2c": [-48.92204666137695, 193.18740844726562, 116.62142944335938], "obj_id": 0}, {"cam_R_m2c": [0.8248457312583923, -0.1746571660041809, -0.5377029776573181, -0.5646275877952576, -0.2061649113893509, -0.7991819977760315, 0.02872742898762226, 0.9628037810325623, -0.2686704993247986], "cam_t_m2c": [38.89537811279297, 115.91051483154297, 91.06986236572266], "obj_id": 3}, {"cam_R_m2c": [0.6101859211921692, -0.33802399039268494, -0.7165283560752869, 0.727981686592102, 0.5960666537284851, 0.3387434780597687, 0.3125952482223511, -0.728316068649292, 0.6097867488861084], "cam_t_m2c": [-141.61351013183594, 63.70161437988281, 475.4981689453125], "obj_id": 1}, {"cam_R_m2c": [0.8031837344169617, 0.05890708789229393, 0.5928117632865906, -0.5870587229728699, -0.09091456234455109, 0.8044230341911316, 0.10128151625394821, -0.9941148161888123, -0.038439150899648666], "cam_t_m2c": [26.25231170654297, 51.16764831542969, 192.18031311035156], "obj_id": 3}, {"cam_R_m2c": [0.5108166933059692, 0.848048210144043, -0.14099831879138947, 0.7661588788032532, -0.3746814429759979, 0.5221248269081116, 0.38995757699012756, -0.3747371733188629, -0.841133177280426], "cam_t_m2c": [46.00027084350586, 134.0657501220703, 114.3990478515625], "obj_id": 2}, {"cam_R_m2c": [0.7840563058853149, 0.5932140946388245, -0.18262739479541779, 0.21664603054523468, 0.014174542389810085, 0.9761473536491394, 0.5816529989242554, -0.8049200177192688, -0.11740383505821228], "cam_t_m2c": [-75.84317779541016, 81.61221313476562, 405.4336853027344], "obj_id": 1}, {"cam_R_m2c": [0.8595682978630066, 0.4125792384147644, -0.3015305995941162, -0.4478810131549835, 0.32412317395210266, -0.8332747220993042, -0.24605879187583923, 0.8513063788414001, 0.4633924067020416], "cam_t_m2c": [-2.774312973022461, 33.69659423828125, 266.36236572265625], "obj_id": 3}, {"cam_R_m2c": [0.01639823243021965, 0.275568425655365, 0.9611414670944214, -0.46220576763153076, -0.8503081202507019, 0.2516772150993347, 0.8866209387779236, -0.4483722150325775, 0.11342603713274002], "cam_t_m2c": [-34.51310348510742, -10.482423782348633, 409.7855529785156], "obj_id": 3}, {"cam_R_m2c": [0.9490761160850525, -0.30354607105255127, -0.08434615284204483, 0.2555403709411621, 0.5851236581802368, 0.7696294188499451, -0.18426504731178284, -0.751990795135498, 0.6328951716423035], "cam_t_m2c": [-25.145681381225586, 100.98695373535156, 314.6813659667969], "obj_id": 1}, {"cam_R_m2c": [0.47169315814971924, 0.8596899509429932, 0.19605785608291626, 0.5342566967010498, -0.4555300772190094, 0.7120829224586487, 0.7014808058738708, -0.2311394214630127, -0.6741655468940735], "cam_t_m2c": [10.927266120910645, 63.55715560913086, 305.05059814453125], "obj_id": 1}, {"cam_R_m2c": [-0.6144307851791382, -0.7303060293197632, 0.298542857170105, 0.28498774766921997, 0.1474084109067917, 0.9471286535263062, -0.7357015609741211, 0.6670261025428772, 0.11755602806806564], "cam_t_m2c": [-42.01188278198242, 56.44905471801758, 385.4443054199219], "obj_id": 1}, {"cam_R_m2c": [0.3982202410697937, 0.8311988115310669, -0.3879809081554413, 0.5909504294395447, -0.5559644103050232, -0.5845351219177246, -0.7015684247016907, 0.003496261779218912, -0.7125935554504395], "cam_t_m2c": [-33.36103820800781, 80.15946960449219, 129.01113891601562], "obj_id": 1}, {"cam_R_m2c": [-0.6767182350158691, 0.697645902633667, -0.23524980247020721, 0.6380969882011414, 0.3963685631752014, -0.6600940823554993, -0.36726632714271545, -0.5968099236488342, -0.7133955359458923], "cam_t_m2c": [-14.989035606384277, 43.5317268371582, 288.3490905761719], "obj_id": 3}, {"cam_R_m2c": [-0.3331381380558014, 0.5975179672241211, -0.729377269744873, -0.9291324019432068, -0.3396439850330353, 0.14613299071788788, -0.1604115217924118, 0.7263705730438232, 0.6683217287063599], "cam_t_m2c": [-12.719639778137207, 30.82770538330078, 388.1907653808594], "obj_id": 0}, {"cam_R_m2c": [0.9153071045875549, -0.3633838891983032, 0.17368076741695404, 0.08925312757492065, 0.6035164594650269, 0.7923393845558167, -0.3927425742149353, -0.7097322940826416, 0.5848360657691956], "cam_t_m2c": [-70.14837646484375, 166.54644775390625, 249.14125061035156], "obj_id": 1}, {"cam_R_m2c": [-0.7434499859809875, -0.6222704648971558, 0.24507400393486023, 0.30051231384277344, 0.01654445007443428, 0.9536343216896057, -0.59747314453125, 0.7826273441314697, 0.17470014095306396], "cam_t_m2c": [-15.620691299438477, 2.597738027572632, 456.66595458984375], "obj_id": 1}, {"cam_R_m2c": [0.14856025576591492, 0.9873740077018738, 0.054976686835289, 0.36810335516929626, -0.003615081775933504, -0.9297778606414795, -0.917839765548706, 0.1583651453256607, -0.36399275064468384], "cam_t_m2c": [27.080503463745117, 16.74448013305664, 277.4964904785156], "obj_id": 3}, {"cam_R_m2c": [-0.15760274231433868, 0.6246896982192993, -0.764803409576416, 0.9760307669639587, -0.019168658182024956, -0.21678708493709564, -0.15008488297462463, -0.780637800693512, -0.6066953539848328], "cam_t_m2c": [-62.65495681762695, 48.34465789794922, 259.7279052734375], "obj_id": 1}, {"cam_R_m2c": [-0.5491511821746826, -0.25885045528411865, -0.7946252226829529, -0.058205608278512955, 0.960361123085022, -0.27261433005332947, 0.8336935043334961, -0.10345485061407089, -0.542449951171875], "cam_t_m2c": [132.0009765625, -50.44025421142578, 272.0663146972656], "obj_id": 3}, {"cam_R_m2c": [-0.23462846875190735, -0.10849440097808838, -0.966011643409729, 0.5606217384338379, -0.8269396424293518, -0.043290890753269196, -0.7941364645957947, -0.5517244338989258, 0.254847913980484], "cam_t_m2c": [-32.289737701416016, 137.833984375, 164.68389892578125], "obj_id": 3}, {"cam_R_m2c": [-0.2784227132797241, 0.7549675703048706, -0.5937210917472839, -0.9346110224723816, -0.35540929436683655, -0.013652091845870018, -0.22132089734077454, 0.5510972738265991, 0.8045550584793091], "cam_t_m2c": [-94.45821380615234, 42.93165969848633, 471.4814758300781], "obj_id": 0}, {"cam_R_m2c": [0.6311759352684021, 0.644420325756073, 0.4316703975200653, -0.5351800322532654, -0.04100695624947548, 0.8437420725822449, 0.561426043510437, -0.7635710835456848, 0.3189983069896698], "cam_t_m2c": [-48.93436813354492, 167.01792907714844, 215.06625366210938], "obj_id": 1}, {"cam_R_m2c": [0.05458691716194153, 0.6611072421073914, 0.7483030557632446, 0.42377591133117676, 0.6632394790649414, -0.6168690323829651, -0.904120683670044, 0.3507857918739319, -0.24395710229873657], "cam_t_m2c": [43.62892150878906, 6.039852142333984, 237.13467407226562], "obj_id": 3}, {"cam_R_m2c": [-0.7469839453697205, 0.42301324009895325, -0.5129080414772034, 0.1710251420736313, 0.8677724003791809, 0.46660634875297546, 0.6424680948257446, 0.26082733273506165, -0.7205579280853271], "cam_t_m2c": [47.624141693115234, -29.046077728271484, 300.834716796875], "obj_id": 3}, {"cam_R_m2c": [-0.6259009838104248, -0.6795169115066528, -0.382759153842926, -0.7240981459617615, 0.3240105211734772, 0.6088505983352661, -0.2897063195705414, 0.6582354307174683, -0.6948354244232178], "cam_t_m2c": [12.274200439453125, -16.742624282836914, 296.89306640625], "obj_id": 2}, {"cam_R_m2c": [0.430721253156662, -0.45456409454345703, -0.7796477675437927, -0.620644748210907, 0.477979451417923, -0.6215591430664062, 0.655194103717804, 0.7516030669212341, -0.07624693214893341], "cam_t_m2c": [7.298252582550049, 28.345226287841797, 289.0032653808594], "obj_id": 3}, {"cam_R_m2c": [0.14558526873588562, 0.7278500199317932, -0.6701039671897888, -0.5241579413414001, 0.6311942934989929, 0.571709930896759, 0.8390848636627197, 0.268007755279541, 0.47340095043182373], "cam_t_m2c": [-120.34103393554688, 111.37140655517578, 229.75308227539062], "obj_id": 3}, {"cam_R_m2c": [-0.6888840198516846, -0.4261806011199951, -0.5863520503044128, -0.7159781455993652, 0.2737312912940979, 0.6422199010848999, -0.11319879442453384, 0.8622303605079651, -0.4937050938606262], "cam_t_m2c": [-128.6165771484375, 149.1160888671875, 307.6035461425781], "obj_id": 0}, {"cam_R_m2c": [0.5108166933059692, -0.22258563339710236, -0.830374538898468, 0.7661588191986084, 0.5560035705566406, 0.32227420806884766, 0.38995760679244995, -0.800821840763092, 0.4545518755912781], "cam_t_m2c": [-66.13431549072266, 145.5495147705078, 238.72499084472656], "obj_id": 2}, {"cam_R_m2c": [0.6025742292404175, -0.789024293422699, 0.11977065354585648, 0.4792196452617645, 0.23772744834423065, -0.8448870778083801, 0.6381636261940002, 0.566503643989563, 0.5213643908500671], "cam_t_m2c": [-26.165401458740234, -5.084138870239258, 388.3671875], "obj_id": 1}, {"cam_R_m2c": [-0.9314377307891846, -0.31922611594200134, 0.1746947467327118, -0.23939815163612366, 0.1759853959083557, -0.9548390507698059, 0.27406585216522217, -0.9311947822570801, -0.24034151434898376], "cam_t_m2c": [-150.26840209960938, 102.25924682617188, 199.8963623046875], "obj_id": 1}, {"cam_R_m2c": [-0.9261637330055237, 0.35659560561180115, 0.12271945923566818, -0.19592460989952087, -0.1769292950630188, -0.9645254611968994, -0.3222328722476959, -0.9173524379730225, 0.23373150825500488], "cam_t_m2c": [164.57208251953125, -155.06112670898438, 306.7425537109375], "obj_id": 1}, {"cam_R_m2c": [-0.29976770281791687, 0.9496939182281494, 0.09066731482744217, -0.6678786277770996, -0.1410457193851471, -0.730783224105835, -0.6812321543693542, -0.2796200215816498, 0.6765614151954651], "cam_t_m2c": [112.09481811523438, -124.61222076416016, 281.2115173339844], "obj_id": 2}, {"cam_R_m2c": [0.7382748126983643, 0.6738231778144836, -0.030208734795451164, 0.5459546446800232, -0.5706754922866821, 0.6134027242660522, 0.39608561992645264, -0.4693523645401001, -0.789192259311676], "cam_t_m2c": [36.863895416259766, -81.8155288696289, 384.305419921875], "obj_id": 0}, {"cam_R_m2c": [0.3758002519607544, -0.5664212703704834, 0.7334446310997009, 0.2886762022972107, 0.8236305117607117, 0.48815855383872986, -0.8805907964706421, 0.02827794849872589, 0.4730329215526581], "cam_t_m2c": [145.81324768066406, -105.77955627441406, 328.357177734375], "obj_id": 3}, {"cam_R_m2c": [-0.5245002508163452, -0.549018144607544, -0.6507521867752075, 0.6556975841522217, 0.22708001732826233, -0.7200661301612854, 0.5431022047996521, -0.8043715953826904, 0.24088644981384277], "cam_t_m2c": [-104.4296875, 4.980016708374023, 369.8270263671875], "obj_id": 1}, {"cam_R_m2c": [-0.384480357170105, 0.44977477192878723, -0.8061498999595642, -0.915241539478302, -0.2996710240840912, 0.26931455731391907, -0.12044884264469147, 0.8413679599761963, 0.52687007188797], "cam_t_m2c": [-303.8172912597656, 139.0548858642578, 556.8713989257812], "obj_id": 0}, {"cam_R_m2c": [-0.8586151003837585, -0.32341957092285156, 0.39771851897239685, -0.48674049973487854, 0.2709572911262512, -0.8304612040519714, 0.16082265973091125, -0.9066321849822998, -0.39006945490837097], "cam_t_m2c": [-86.68199157714844, 58.69916915893555, 215.88287353515625], "obj_id": 1}, {"cam_R_m2c": [0.8538579344749451, 0.003472168231382966, -0.5204945802688599, -0.39940768480300903, -0.6368497610092163, -0.6594663858413696, -0.3337666094303131, 0.7709801197052002, -0.5423924326896667], "cam_t_m2c": [94.79733276367188, 27.140043258666992, 205.0148162841797], "obj_id": 3}, {"cam_R_m2c": [0.26222431659698486, -0.8368269801139832, 0.48058193922042847, 0.43478697538375854, 0.5470500588417053, 0.715329647064209, -0.8615095019340515, 0.021373968571424484, 0.507291316986084], "cam_t_m2c": [-10.179607391357422, 201.20030212402344, 97.13127899169922], "obj_id": 1}]
}