{
  "0": [{"cam_R_m2c": [0.07796718180179596, -0.9419974684715271, 0.32643818855285645, 0.9815473556518555, 0.015185040421783924, -0.19061559438705444, 0.1746024191379547, 0.3352763056755066, 0.9257990121841431], "cam_t_m2c": [37.37942123413086, 284.24322509765625, 303.0205078125], "obj_id": 1}, {"cam_R_m2c": [0.5926387310028076, 0.5939279198646545, -0.5440853834152222, 0.7779375910758972, -0.2469615638256073, 0.5777741074562073, 0.20878799259662628, -0.7656757831573486, -0.6083978414535522], "cam_t_m2c": [1.5977295637130737, 177.41465759277344, 406.48297119140625], "obj_id": 2}, {"cam_R_m2c": [0.8562324047088623, 0.41415348649024963, -0.30877649784088135, -0.5152983069419861, 0.642473042011261, -0.5671825408935547, -0.03652006387710571, 0.6447520852088928, 0.7635188698768616], "cam_t_m2c": [-111.14202880859375, 238.86611938476562, 331.8654479980469], "obj_id": 3}, {"cam_R_m2c": [0.9837414622306824, 0.012478633783757687, -0.1791563779115677, 0.16524428129196167, -0.45358994603157043, 0.8757570385932922, -0.0703352838754654, -0.8911231160163879, -0.4482772648334503], "cam_t_m2c": [160.1858673095703, 214.52992248535156, 391.5609436035156], "obj_id": 4}, {"cam_R_m2c": [-0.2899383008480072, -0.7722610831260681, -0.5652861595153809, -0.9204124808311462, 0.06314865499734879, 0.3858146667480469, -0.2622526288032532, 0.6321589946746826, -0.7291079163551331], "cam_t_m2c": [156.91419982910156, 151.0736846923828, 310.62835693359375], "obj_id": 1}, {"cam_R_m2c": [-0.86275315284729, 0.20158067345619202, -0.4637046754360199, -0.49530795216560364, -0.5212584733963013, 0.6949529051780701, -0.10162094235420227, 0.8292495012283325, 0.5495620369911194], "cam_t_m2c": [57.568626403808594, 247.45277404785156, 240.98565673828125], "obj_id": 2}, {"cam_R_m2c": [0.8397470116615295, -0.4616481363773346, 0.28584250807762146, -0.20004209876060486, -0.7524427771568298, -0.627545177936554, 0.5047852396965027, 0.46979862451553345, -0.7242106199264526], "cam_t_m2c": [-50.77568817138672, 282.48052978515625, 216.2459716796875], "obj_id": 3}, {"cam_R_m2c": [-0.18485908210277557, -0.20624791085720062, 0.9608792066574097, -0.17291836440563202, -0.9556506872177124, -0.23839259147644043, 0.9674328565597534, -0.21022270619869232, 0.14099666476249695], "cam_t_m2c": [-37.75197219848633, 343.54193115234375, 328.22149658203125], "obj_id": 4}, {"cam_R_m2c": [0.9885848760604858, 0.08543248474597931, 0.12410149723291397, -0.15057779848575592, 0.5322468280792236, 0.8330904245376587, 0.005120360758155584, -0.8422675132751465, 0.5390353798866272], "cam_t_m2c": [29.86443519592285, 133.5430450439453, 342.803955078125], "obj_id": 1}, {"cam_R_m2c": [-0.7611713409423828, 0.5546002388000488, 0.33620932698249817, 0.6324827671051025, 0.5201010704040527, 0.5739864110946655, 0.14347019791603088, 0.6495486497879028, -0.7466611266136169], "cam_t_m2c": [-110.89453887939453, 337.8644714355469, 428.03509521484375], "obj_id": 2}, {"cam_R_m2c": [0.3375309109687805, -0.07413466274738312, -0.9383906126022339, 0.34026050567626953, 0.939095139503479, 0.04819842427968979, 0.8776649236679077, -0.3355657160282135, 0.3421987295150757], "cam_t_m2c": [160.82046508789062, 132.43226623535156, 411.2549743652344], "obj_id": 3}, {"cam_R_m2c": [-0.8343743085861206, 0.1305972933769226, -0.5355035066604614, 0.28415584564208984, -0.730562150478363, -0.6209142804145813, -0.47230827808380127, -0.6702412962913513, 0.572452187538147], "cam_t_m2c": [-276.5975036621094, 217.94664001464844, 396.75146484375], "obj_id": 4}, {"cam_R_m2c": [0.6114099025726318, 0.4685524106025696, -0.6376806497573853, -0.7772598266601562, 0.20439425110816956, -0.5950548052787781, -0.14847606420516968, 0.8594659566879272, 0.4891555905342102], "cam_t_m2c": [-1.934222936630249, 156.47866821289062, 602.627685546875], "obj_id": 1}, {"cam_R_m2c": [-0.839114785194397, 0.4553723633289337, 0.2975277602672577, 0.23493385314941406, 0.7967202067375183, -0.5568150877952576, -0.49060457944869995, -0.3973323404788971, -0.7755221128463745], "cam_t_m2c": [-56.5804328918457, 203.57174682617188, 310.8932189941406], "obj_id": 2}, {"cam_R_m2c": [0.9557924866676331, 0.27110740542411804, 0.11384853720664978, 0.2931017279624939, -0.8474855422973633, -0.44256067276000977, -0.023496491834521294, 0.4563653767108917, -0.8894823789596558], "cam_t_m2c": [-36.69258499145508, 183.26744079589844, 277.23663330078125], "obj_id": 3}, {"cam_R_m2c": [0.11315493285655975, -0.6584964394569397, -0.7440284490585327, 0.611823558807373, -0.5438443422317505, 0.574373722076416, -0.7828587889671326, -0.5202073454856873, 0.3413449823856354], "cam_t_m2c": [40.08811950683594, 162.880615234375, 201.19952392578125], "obj_id": 4}],
  "1": [{"cam_R_m2c": [0.1789761483669281, -0.4421727657318115, -0.8788918256759644, 0.9575995206832886, 0.28328195214271545, 0.05248419567942619, 0.2257671356201172, -0.8510197401046753, 0.47412508726119995], "cam_t_m2c": [190.6877899169922, 230.45323181152344, 477.7989807128906], "obj_id": 1}, {"cam_R_m2c": [0.1525426059961319, 0.7147710919380188, 0.6825195550918579, 0.6879088282585144, -0.5726357698440552, 0.44594791531562805, 0.7095859050750732, 0.4014852046966553, -0.5790486335754395], "cam_t_m2c": [53.31350326538086, 169.0676727294922, 450.2803955078125], "obj_id": 2}, {"cam_R_m2c": [-0.016469471156597137, -0.32440832257270813, -0.9457737803459167, -0.6426439881324768, 0.7280822992324829, -0.23854750394821167, 0.7659879922866821, 0.6038670539855957, -0.22047017514705658], "cam_t_m2c": [127.24937438964844, 223.02450561523438, 333.3340148925781], "obj_id": 3}, {"cam_R_m2c": [0.2623041570186615, 0.6785115599632263, 0.6861622929573059, -0.03969293460249901, -0.7028717398643494, 0.7102083563804626, 0.9641686081886292, -0.21352644264698029, -0.1574341356754303], "cam_t_m2c": [102.45946502685547, 171.342529296875, 606.2609252929688], "obj_id": 4}, {"cam_R_m2c": [-0.10726487636566162, -0.6779656410217285, 0.7272254824638367, -0.8906176686286926, 0.39063844084739685, 0.23281292617321014, -0.4419214129447937, -0.622707188129425, -0.6457099318504333], "cam_t_m2c": [155.95950317382812, 87.48160552978516, 579.9441528320312], "obj_id": 1}, {"cam_R_m2c": [-0.19596055150032043, -0.9182198643684387, -0.34419742226600647, -0.3432794213294983, -0.26455849409103394, 0.9012037515640259, -0.9185634851455688, 0.2947562038898468, -0.2633630335330963], "cam_t_m2c": [238.94129943847656, 173.27001953125, 481.136474609375], "obj_id": 2}, {"cam_R_m2c": [-0.4165366291999817, -0.7567018866539001, 0.5038843750953674, -0.17701761424541473, -0.4761396646499634, -0.8613685369491577, 0.8917185068130493, -0.44798797369003296, 0.06438010185956955], "cam_t_m2c": [258.19683837890625, 217.27200317382812, 374.97369384765625], "obj_id": 3}, {"cam_R_m2c": [-0.9850946664810181, -0.15552927553653717, -0.07347980886697769, 0.17146185040473938, -0.9220194220542908, -0.3471040427684784, -0.013764969073235989, -0.3545292913913727, 0.9349436163902283], "cam_t_m2c": [176.40011596679688, 306.8355712890625, 416.4984130859375], "obj_id": 4}, {"cam_R_m2c": [0.08650371432304382, 0.9752411842346191, -0.20352372527122498, -0.312141090631485, 0.22053463757038116, 0.9240847229957581, 0.9460894465446472, -0.016408728435635567, 0.32348981499671936], "cam_t_m2c": [101.87421417236328, 103.34405517578125, 460.33056640625], "obj_id": 1}, {"cam_R_m2c": [-0.029986649751663208, -0.3498843014240265, 0.9363128542900085, 0.7687161564826965, 0.590663731098175, 0.24534019827842712, -0.6388866901397705, 0.7271157503128052, 0.2512497007846832], "cam_t_m2c": [71.09392547607422, 345.3543395996094, 363.8512268066406], "obj_id": 2}, {"cam_R_m2c": [-0.6538674831390381, 0.6176552772521973, -0.43698883056640625, 0.5315423607826233, 0.7860227227210999, 0.3156437873840332, 0.5384421944618225, -0.02588886022567749, -0.8422646522521973], "cam_t_m2c": [56.596778869628906, 100.65390014648438, 600.9683227539062], "obj_id": 3}, {"cam_R_m2c": [0.415385901927948, 0.3967025578022003, -0.818585216999054, 0.264751136302948, -0.9136613011360168, -0.3084319233894348, -0.8702651858329773, -0.08860305696725845, -0.48454955220222473], "cam_t_m2c": [36.066795349121094, 252.60946655273438, 182.22544860839844], "obj_id": 4}, {"cam_R_m2c": [-0.03557268902659416, -0.6638361215591431, -0.7470316290855408, -0.8793095946311951, 0.3760206699371338, -0.2922723889350891, 0.4749203026294708, 0.6464751362800598, -0.5970935225486755], "cam_t_m2c": [-136.7858428955078, 211.082275390625, 482.2266845703125], "obj_id": 1}, {"cam_R_m2c": [0.41517046093940735, 0.7032570242881775, 0.5771161913871765, 0.21391057968139648, 0.5411234498023987, -0.8132820725440979, -0.8842374086380005, 0.4611019790172577, 0.07422435283660889], "cam_t_m2c": [142.725341796875, 173.98269653320312, 378.2550048828125], "obj_id": 2}, {"cam_R_m2c": [0.25772231817245483, -0.6709745526313782, 0.6952499747276306, 0.09920349717140198, -0.6973794102668762, -0.7098033428192139, 0.961112916469574, 0.2519034147262573, -0.11316730827093124], "cam_t_m2c": [170.0719757080078, 141.07302856445312, 388.7273864746094], "obj_id": 3}, {"cam_R_m2c": [0.9507076740264893, 0.20660297572612762, -0.23123598098754883, 0.30848681926727295, -0.5544624924659729, 0.7729210257530212, 0.031476084142923355, -0.806155264377594, -0.5908660292625427], "cam_t_m2c": [245.00193786621094, 84.95632934570312, 446.4245300292969], "obj_id": 4}],
  "2": [{"cam_R_m2c": [0.1789761483669281, -0.4421727657318115, -0.8788918256759644, 0.9575995206832886, 0.28328195214271545, 0.05248419567942619, 0.2257671356201172, -0.8510197401046753, 0.47412508726119995], "cam_t_m2c": [190.6877899169922, 230.45323181152344, 477.7989807128906], "obj_id": 1}, {"cam_R_m2c": [0.1525426059961319, 0.7147710919380188, 0.6825195550918579, 0.6879088282585144, -0.5726357698440552, 0.44594791531562805, 0.7095859050750732, 0.4014852046966553, -0.5790486335754395], "cam_t_m2c": [53.31350326538086, 169.0676727294922, 450.2803955078125], "obj_id": 2}, {"cam_R_m2c": [-0.016469471156597137, -0.32440832257270813, -0.9457737803459167, -0.6426439881324768, 0.7280822992324829, -0.23854750394821167, 0.7659879922866821, 0.6038670539855957, -0.22047017514705658], "cam_t_m2c": [127.24937438964844, 223.02450561523438, 333.3340148925781], "obj_id": 3}, {"cam_R_m2c": [0.2623041570186615, 0.6785115599632263, 0.6861622929573059, -0.03969293460249901, -0.7028717398643494, 0.7102083563804626, 0.9641686081886292, -0.21352644264698029, -0.1574341356754303], "cam_t_m2c": [102.45946502685547, 171.342529296875, 606.2609252929688], "obj_id": 4}, {"cam_R_m2c": [-0.10726487636566162, -0.6779656410217285, 0.7272254824638367, -0.8906176686286926, 0.39063844084739685, 0.23281292617321014, -0.4419214129447937, -0.622707188129425, -0.6457099318504333], "cam_t_m2c": [155.95950317382812, 87.48160552978516, 579.9441528320312], "obj_id": 1}, {"cam_R_m2c": [-0.19596055150032043, -0.9182198643684387, -0.34419742226600647, -0.3432794213294983, -0.26455849409103394, 0.9012037515640259, -0.9185634851455688, 0.2947562038898468, -0.2633630335330963], "cam_t_m2c": [238.94129943847656, 173.27001953125, 481.136474609375], "obj_id": 2}, {"cam_R_m2c": [-0.4165366291999817, -0.7567018866539001, 0.5038843750953674, -0.17701761424541473, -0.4761396646499634, -0.8613685369491577, 0.8917185068130493, -0.44798797369003296, 0.06438010185956955], "cam_t_m2c": [258.19683837890625, 217.27200317382812, 374.97369384765625], "obj_id": 3}, {"cam_R_m2c": [-0.9850946664810181, -0.15552927553653717, -0.07347980886697769, 0.17146185040473938, -0.9220194220542908, -0.3471040427684784, -0.013764969073235989, -0.3545292913913727, 0.9349436163902283], "cam_t_m2c": [176.40011596679688, 306.8355712890625, 416.4984130859375], "obj_id": 4}, {"cam_R_m2c": [0.08650371432304382, 0.9752411842346191, -0.20352372527122498, -0.312141090631485, 0.22053463757038116, 0.9240847229957581, 0.9460894465446472, -0.016408728435635567, 0.32348981499671936], "cam_t_m2c": [101.87421417236328, 103.34405517578125, 460.33056640625], "obj_id": 1}, {"cam_R_m2c": [-0.029986649751663208, -0.3498843014240265, 0.9363128542900085, 0.7687161564826965, 0.590663731098175, 0.24534019827842712, -0.6388866901397705, 0.7271157503128052, 0.2512497007846832], "cam_t_m2c": [71.09392547607422, 345.3543395996094, 363.8512268066406], "obj_id": 2}, {"cam_R_m2c": [-0.6538674831390381, 0.6176552772521973, -0.43698883056640625, 0.5315423607826233, 0.7860227227210999, 0.3156437873840332, 0.5384421944618225, -0.02588886022567749, -0.8422646522521973], "cam_t_m2c": [56.596778869628906, 100.65390014648438, 600.9683227539062], "obj_id": 3}, {"cam_R_m2c": [0.415385901927948, 0.3967025578022003, -0.818585216999054, 0.264751136302948, -0.9136613011360168, -0.3084319233894348, -0.8702651858329773, -0.08860305696725845, -0.48454955220222473], "cam_t_m2c": [36.066795349121094, 252.60946655273438, 182.22544860839844], "obj_id": 4}, {"cam_R_m2c": [-0.03557268902659416, -0.6638361215591431, -0.7470316290855408, -0.8793095946311951, 0.3760206699371338, -0.2922723889350891, 0.4749203026294708, 0.6464751362800598, -0.5970935225486755], "cam_t_m2c": [-136.7858428955078, 211.082275390625, 482.2266845703125], "obj_id": 1}, {"cam_R_m2c": [0.41517046093940735, 0.7032570242881775, 0.5771161913871765, 0.21391057968139648, 0.5411234498023987, -0.8132820725440979, -0.8842374086380005, 0.4611019790172577, 0.07422435283660889], "cam_t_m2c": [142.725341796875, 173.98269653320312, 378.2550048828125], "obj_id": 2}, {"cam_R_m2c": [0.25772231817245483, -0.6709745526313782, 0.6952499747276306, 0.09920349717140198, -0.6973794102668762, -0.7098033428192139, 0.961112916469574, 0.2519034147262573, -0.11316730827093124], "cam_t_m2c": [170.0719757080078, 141.07302856445312, 388.7273864746094], "obj_id": 3}, {"cam_R_m2c": [0.9507076740264893, 0.20660297572612762, -0.23123598098754883, 0.30848681926727295, -0.5544624924659729, 0.7729210257530212, 0.031476084142923355, -0.806155264377594, -0.5908660292625427], "cam_t_m2c": [245.00193786621094, 84.95632934570312, 446.4245300292969], "obj_id": 4}]
}