{
  "0": [{"cam_R_m2c": [0.9730063080787659, 0.1603822261095047, -0.16594059765338898, 0.12247737497091293, 0.2505593001842499, 0.960322380065918, 0.1955966204404831, -0.9547237157821655, 0.2241525799036026], "cam_t_m2c": [-34.344261169433594, 16.4997501373291, 429.0143127441406], "obj_id": 0}, {"cam_R_m2c": [-0.01877612993121147, 0.9890363216400146, -0.14647357165813446, -0.9744634628295898, 0.01468400377780199, 0.22406542301177979, 0.22375966608524323, 0.1469402313232422, 0.9635041356086731], "cam_t_m2c": [-2.647122859954834, -168.88824462890625, 585.2098388671875], "obj_id": 1}, {"cam_R_m2c": [-0.011308547109365463, 0.7591469883918762, 0.6508209705352783, -0.6292017698287964, 0.5004542469978333, -0.5946853756904602, -0.7771597504615784, -0.4162227511405945, 0.4719972312450409], "cam_t_m2c": [20.533504486083984, -114.10133361816406, 251.79087829589844], "obj_id": 2}, {"cam_R_m2c": [-0.7709163427352905, -0.3662368059158325, -0.5211127400398254, 0.6165928244590759, -0.22399157285690308, -0.754745602607727, 0.1596907377243042, -0.9031601548194885, 0.3984978497028351], "cam_t_m2c": [222.9401092529297, 114.15151977539062, 273.4761047363281], "obj_id": 3}, {"cam_R_m2c": [-0.7451515793800354, 0.5599477291107178, -0.3622259795665741, 0.07633877545595169, -0.4679645597934723, -0.8804439306259155, -0.6625115275382996, -0.6837160587310791, 0.3059588074684143], "cam_t_m2c": [39.706947326660156, -48.65956115722656, 578.0318603515625], "obj_id": 0}, {"cam_R_m2c": [0.21334482729434967, -0.9762662649154663, 0.03725627809762955, -0.8647207021713257, -0.2064414918422699, -0.457864373922348, 0.4546888470649719, 0.06546668708324432, -0.8882408738136292], "cam_t_m2c": [35.27796936035156, -100.67735290527344, 593.1610717773438], "obj_id": 1}, {"cam_R_m2c": [0.34488001465797424, -0.22167648375034332, 0.9120950102806091, -0.5385202765464783, 0.7491539716720581, 0.385699599981308, -0.7688001394271851, -0.624201774597168, 0.13899093866348267], "cam_t_m2c": [0.14397862553596497, -234.0794219970703, 551.6550903320312], "obj_id": 2}, {"cam_R_m2c": [-0.6555619239807129, -0.29099613428115845, 0.6968211531639099, -0.3459811508655548, -0.7044743895530701, -0.6196876168251038, 0.6712194085121155, -0.647330641746521, 0.36114752292633057], "cam_t_m2c": [110.84745025634766, 26.336626052856445, 570.7050170898438], "obj_id": 3}, {"cam_R_m2c": [-0.19037804007530212, 0.981584906578064, -0.01572585664689541, -0.38718339800834656, -0.08979515731334686, -0.9176196455955505, -0.9021337032318115, -0.16860584914684296, 0.39714840054512024], "cam_t_m2c": [-19.32891082763672, 51.0316276550293, 351.9237365722656], "obj_id": 0}, {"cam_R_m2c": [0.9371861815452576, 0.2561072111129761, 0.2368358075618744, 0.16520050168037415, 0.2721177935600281, -0.9479771256446838, -0.30723100900650024, 0.9275563955307007, 0.2127159982919693], "cam_t_m2c": [-58.72601318359375, -111.92588806152344, 459.6206970214844], "obj_id": 1}, {"cam_R_m2c": [-0.6804723739624023, -0.5635334253311157, -0.468388170003891, -0.014649434015154839, 0.6495330929756165, -0.7601922154426575, 0.7326273322105408, -0.5104281902313232, -0.4502447545528412], "cam_t_m2c": [-74.87184143066406, -154.2256317138672, 450.5052795410156], "obj_id": 2}, {"cam_R_m2c": [-0.36032167077064514, -0.9077575206756592, -0.21481254696846008, -0.9060171246528625, 0.3953731656074524, -0.15103968977928162, 0.22203852236270905, 0.14020097255706787, -0.964905321598053], "cam_t_m2c": [-3.056791305541992, -62.714935302734375, 538.8453979492188], "obj_id": 3}, {"cam_R_m2c": [0.676218569278717, -0.20438192784786224, 0.7077828049659729, -0.6308152079582214, 0.3356141448020935, 0.6995965242385864, -0.3805268108844757, -0.9195603132247925, 0.09802129119634628], "cam_t_m2c": [27.6351318359375, -35.773468017578125, 370.62384033203125], "obj_id": 0}, {"cam_R_m2c": [-0.7744218111038208, -0.3338872492313385, 0.5373920798301697, 0.6071783304214478, -0.6309099793434143, 0.4829980432987213, 0.17777912318706512, 0.7003369927406311, 0.6913195252418518], "cam_t_m2c": [-33.55064010620117, -68.75527954101562, 491.5135498046875], "obj_id": 1}, {"cam_R_m2c": [0.4820527136325836, -0.7137864828109741, 0.508068859577179, 0.7034037709236145, 0.6610234975814819, 0.26128724217414856, -0.5223487615585327, 0.23142337799072266, 0.8207283020019531], "cam_t_m2c": [-78.12987518310547, -66.24490356445312, 409.4092102050781], "obj_id": 2}, {"cam_R_m2c": [-0.6307207345962524, -0.21335473656654358, -0.746103823184967, 0.5665391087532043, 0.5304393172264099, -0.6306089162826538, 0.5303061604499817, -0.8204351663589478, -0.21368521451950073], "cam_t_m2c": [189.1566162109375, -11.952314376831055, 346.9356384277344], "obj_id": 3}]
}