{
  "0": [{"cam_R_m2c": [-0.7555751204490662, 0.6546844840049744, -0.022233471274375916, 0.40390074253082275, 0.4923286437988281, 0.7710230946540833, 0.5157230496406555, 0.5735858082771301, -0.6364187598228455], "cam_t_m2c": [179.99557495117188, 291.7402648925781, 990.1268310546875], "obj_id": 1}, {"cam_R_m2c": [0.21428810060024261, 0.9720486998558044, 0.09592651575803757, -0.5085943341255188, 0.1948828101158142, -0.8386610746383667, -0.8339138627052307, 0.13092736899852753, 0.5361396074295044], "cam_t_m2c": [275.8992919921875, 617.3265380859375, 1060.4071044921875], "obj_id": 0}, {"cam_R_m2c": [0.38358989357948303, 0.722319483757019, 0.5754243731498718, -0.8721335530281067, 0.07842101901769638, 0.48294198513031006, 0.3037131428718567, -0.6870986223220825, 0.6600407361984253], "cam_t_m2c": [338.3516845703125, 228.52267456054688, 1052.8953857421875], "obj_id": 0}, {"cam_R_m2c": [-0.8845204710960388, 0.45471376180648804, -0.10420659184455872, 0.07582609355449677, -0.08026948571205139, -0.9938849210739136, -0.46029776334762573, -0.8870131373405457, 0.03652077913284302], "cam_t_m2c": [-6222.8623046875, -53234.56640625, -20551.4140625], "obj_id": 1}],
  "1": [{"cam_R_m2c": [-0.6626749038696289, -0.016565963625907898, 0.7487239837646484, 0.7487325668334961, -0.036246318370103836, 0.6618804931640625, 0.01617377996444702, 0.9992055892944336, 0.036422956734895706], "cam_t_m2c": [35.265968322753906, 113.25871276855469, 1423.219970703125], "obj_id": 1}, {"cam_R_m2c": [0.6383568048477173, 0.4103570878505707, -0.6512355208396912, -0.48714157938957214, -0.439688116312027, -0.7545645833015442, -0.5959813594818115, 0.7989253401756287, -0.08077596127986908], "cam_t_m2c": [120.62088012695312, 310.2765197753906, 1695.3990478515625], "obj_id": 0}, {"cam_R_m2c": [-0.33280855417251587, 0.9342029094696045, -0.12846623361110687, -0.9419798851013184, -0.3356688618659973, -0.0006527967634610832, -0.043731946498155594, 0.1207953467965126, 0.9917136430740356], "cam_t_m2c": [39.22083282470703, -35.90756607055664, 1526.616943359375], "obj_id": 0}, {"cam_R_m2c": [-0.014686648733913898, 0.9252099394798279, -0.379171222448349, 0.620397686958313, -0.28895920515060425, -0.7291153073310852, -0.7841498255729675, -0.24594524502754211, -0.5697542428970337], "cam_t_m2c": [-1300.061279296875, -37362.08984375, -42892.66015625], "obj_id": 1}]
}