{
  "0": [{"cam_R_m2c": [-0.8455901145935059, -0.13536584377288818, 0.5163848996162415, -0.5040478706359863, 0.5210474133491516, -0.6887999773025513, -0.17582100629806519, -0.8427251577377319, -0.5088233947753906], "cam_t_m2c": [-295.8235168457031, 10640.4541015625, 13051.5576171875], "obj_id": 1}, {"cam_R_m2c": [-0.05573296919465065, 0.9186693429946899, -0.391075998544693, -0.15243829786777496, -0.3949219882488251, -0.9059796333312988, -0.9867402911186218, 0.009122008457779884, 0.16205060482025146], "cam_t_m2c": [-142.02293395996094, -400.34271240234375, 893.0387573242188], "obj_id": 2}, {"cam_R_m2c": [-0.14908193051815033, 0.3973098695278168, 0.9054940342903137, -0.945123016834259, -0.326480895280838, -0.012354239821434021, 0.29071804881095886, -0.8576450347900391, 0.4241791367530823], "cam_t_m2c": [6890.4501953125, -45875.90234375, -21247.375], "obj_id": 1}, {"cam_R_m2c": [-0.43272674083709717, 0.3681316375732422, -0.8229378461837769, 0.6864066123962402, 0.726325273513794, -0.036021191626787186, 0.5844600200653076, -0.580457329750061, -0.5669883489608765], "cam_t_m2c": [-4230.4267578125, 8882.7353515625, 12458.990234375], "obj_id": 0}],
  "1": [{"cam_R_m2c": [-0.6977346539497375, 0.6162611246109009, 0.36522379517555237, 0.4237901568412781, 0.7661464810371399, -0.4831371009349823, -0.5775535702705383, -0.18232326209545135, -0.795732319355011], "cam_t_m2c": [-2825.658203125, -57.052833557128906, 16941.427734375], "obj_id": 1}, {"cam_R_m2c": [0.47181785106658936, 0.46696901321411133, -0.7478822469711304, 0.42867809534072876, -0.8627206087112427, -0.2682318091392517, -0.7704693675041199, -0.19404417276382446, -0.6072263717651367], "cam_t_m2c": [-287.16473388671875, -122.64990997314453, 714.7754516601562], "obj_id": 2}, {"cam_R_m2c": [-0.6710911989212036, 0.6382519602775574, 0.377188116312027, -0.5217437744140625, -0.04513634368777275, -0.8519073128700256, -0.5267066359519958, -0.7685031294822693, 0.36329466104507446], "cam_t_m2c": [-1657.246826171875, -18198.068359375, -47025.09765625], "obj_id": 1}, {"cam_R_m2c": [-0.3521330952644348, 0.8999773263931274, -0.2569882869720459, 0.3864929676055908, 0.38989290595054626, 0.8358269333839417, 0.8524231910705566, 0.19499821960926056, -0.48512908816337585], "cam_t_m2c": [-5956.109375, 2112.506103515625, 14840.4033203125], "obj_id": 0}]
}