{
  "0": [{"cam_R_m2c": [0.6103307604789734, -0.023768125101923943, -0.7917900085449219, 0.4469588100910187, -0.8149080276489258, 0.36898869276046753, -0.6540062427520752, -0.5791026949882507, -0.4867400527000427], "cam_t_m2c": [-103.28784942626953, -167.0523223876953, 901.0866088867188], "obj_id": 3}, {"cam_R_m2c": [-0.4404822289943695, -0.7437512874603271, 0.5028014183044434, 0.7670004963874817, -0.6028316617012024, -0.21978206932544708, 0.46656784415245056, 0.28883883357048035, 0.8359943628311157], "cam_t_m2c": [-174.44741821289062, -185.52931213378906, 800.1351928710938], "obj_id": 0}, {"cam_R_m2c": [-0.2041591852903366, 0.18887794017791748, 0.9605435132980347, 0.7761453986167908, -0.5667418837547302, 0.27640846371650696, 0.5965878963470459, 0.8019528985023499, -0.030890971422195435], "cam_t_m2c": [-43.706390380859375, -194.15049743652344, 904.0524291992188], "obj_id": 0}, {"cam_R_m2c": [0.4552592933177948, 0.8710660934448242, -0.18434438109397888, -0.828313946723938, 0.49029332399368286, 0.2711244523525238, 0.32655012607574463, 0.02926309034228325, 0.9447267651557922], "cam_t_m2c": [40.235755920410156, -131.48214721679688, 984.6063232421875], "obj_id": 1}, {"cam_R_m2c": [0.6880331039428711, 0.14162664115428925, -0.7117249369621277, -0.7043260335922241, 0.3664977550506592, -0.6079509258270264, 0.17474356293678284, 0.9195767045021057, 0.3519138991832733], "cam_t_m2c": [-99.01615142822266, -170.27940368652344, 976.6795654296875], "obj_id": 0}, {"cam_R_m2c": [0.5539147257804871, 0.4927491843700409, 0.6711010932922363, -0.3416002094745636, 0.8695917129516602, -0.3565382659435272, -0.7592679262161255, -0.031756479293107986, 0.6500028967857361], "cam_t_m2c": [-69.39029693603516, -108.28321075439453, 850.7064819335938], "obj_id": 0}, {"cam_R_m2c": [0.2764943242073059, -0.6511393785476685, -0.7068015933036804, -0.8504146933555603, -0.5083314776420593, 0.1356247216463089, -0.4476000666618347, 0.5635749101638794, -0.6942892670631409], "cam_t_m2c": [-108.63601684570312, -98.31206512451172, 802.2498779296875], "obj_id": 0}],
  "1": [{"cam_R_m2c": [0.6103307604789734, -0.023768125101923943, -0.7917900085449219, 0.4469588100910187, -0.8149080276489258, 0.36898869276046753, -0.6540062427520752, -0.5791026949882507, -0.4867400527000427], "cam_t_m2c": [-103.28784942626953, -167.0523223876953, 901.0866088867188], "obj_id": 3}, {"cam_R_m2c": [-0.4404822289943695, -0.7437512874603271, 0.5028014183044434, 0.7670004963874817, -0.6028316617012024, -0.21978206932544708, 0.46656784415245056, 0.28883883357048035, 0.8359943628311157], "cam_t_m2c": [-174.44741821289062, -185.52931213378906, 800.1351928710938], "obj_id": 0}, {"cam_R_m2c": [-0.2041591852903366, 0.18887794017791748, 0.9605435132980347, 0.7761453986167908, -0.5667418837547302, 0.27640846371650696, 0.5965878963470459, 0.8019528985023499, -0.030890971422195435], "cam_t_m2c": [-43.706390380859375, -194.15049743652344, 904.0524291992188], "obj_id": 0}, {"cam_R_m2c": [0.4552592933177948, 0.8710660934448242, -0.18434438109397888, -0.828313946723938, 0.49029332399368286, 0.2711244523525238, 0.32655012607574463, 0.02926309034228325, 0.9447267651557922], "cam_t_m2c": [40.235755920410156, -131.48214721679688, 984.6063232421875], "obj_id": 1}, {"cam_R_m2c": [0.6880331039428711, 0.14162664115428925, -0.7117249369621277, -0.7043260335922241, 0.3664977550506592, -0.6079509258270264, 0.17474356293678284, 0.9195767045021057, 0.3519138991832733], "cam_t_m2c": [-99.01615142822266, -170.27940368652344, 976.6795654296875], "obj_id": 0}, {"cam_R_m2c": [0.5539147257804871, 0.4927491843700409, 0.6711010932922363, -0.3416002094745636, 0.8695917129516602, -0.3565382659435272, -0.7592679262161255, -0.031756479293107986, 0.6500028967857361], "cam_t_m2c": [-69.39029693603516, -108.28321075439453, 850.7064819335938], "obj_id": 0}, {"cam_R_m2c": [0.2764943242073059, -0.6511393785476685, -0.7068015933036804, -0.8504146933555603, -0.5083314776420593, 0.1356247216463089, -0.4476000666618347, 0.5635749101638794, -0.6942892670631409], "cam_t_m2c": [-108.63601684570312, -98.31206512451172, 802.2498779296875], "obj_id": 0}],
  "2": [{"cam_R_m2c": [0.6103307604789734, -0.023768125101923943, -0.7917900085449219, 0.4469588100910187, -0.8149080276489258, 0.36898869276046753, -0.6540062427520752, -0.5791026949882507, -0.4867400527000427], "cam_t_m2c": [-103.28784942626953, -167.0523223876953, 901.0866088867188], "obj_id": 3}, {"cam_R_m2c": [-0.4404822289943695, -0.7437512874603271, 0.5028014183044434, 0.7670004963874817, -0.6028316617012024, -0.21978206932544708, 0.46656784415245056, 0.28883883357048035, 0.8359943628311157], "cam_t_m2c": [-174.44741821289062, -185.52931213378906, 800.1351928710938], "obj_id": 0}, {"cam_R_m2c": [-0.2041591852903366, 0.18887794017791748, 0.9605435132980347, 0.7761453986167908, -0.5667418837547302, 0.27640846371650696, 0.5965878963470459, 0.8019528985023499, -0.030890971422195435], "cam_t_m2c": [-43.706390380859375, -194.15049743652344, 904.0524291992188], "obj_id": 0}, {"cam_R_m2c": [0.4552592933177948, 0.8710660934448242, -0.18434438109397888, -0.828313946723938, 0.49029332399368286, 0.2711244523525238, 0.32655012607574463, 0.02926309034228325, 0.9447267651557922], "cam_t_m2c": [40.235755920410156, -131.48214721679688, 984.6063232421875], "obj_id": 1}, {"cam_R_m2c": [0.6880331039428711, 0.14162664115428925, -0.7117249369621277, -0.7043260335922241, 0.3664977550506592, -0.6079509258270264, 0.17474356293678284, 0.9195767045021057, 0.3519138991832733], "cam_t_m2c": [-99.01615142822266, -170.27940368652344, 976.6795654296875], "obj_id": 0}, {"cam_R_m2c": [0.5539147257804871, 0.4927491843700409, 0.6711010932922363, -0.3416002094745636, 0.8695917129516602, -0.3565382659435272, -0.7592679262161255, -0.031756479293107986, 0.6500028967857361], "cam_t_m2c": [-69.39029693603516, -108.28321075439453, 850.7064819335938], "obj_id": 0}, {"cam_R_m2c": [0.2764943242073059, -0.6511393785476685, -0.7068015933036804, -0.8504146933555603, -0.5083314776420593, 0.1356247216463089, -0.4476000666618347, 0.5635749101638794, -0.6942892670631409], "cam_t_m2c": [-108.63601684570312, -98.31206512451172, 802.2498779296875], "obj_id": 0}],
  "3": [{"cam_R_m2c": [-0.5659767985343933, -0.09998797625303268, 0.818335235118866, -0.12438034266233444, -0.9708998799324036, -0.20465293526649475, 0.8149845004081726, -0.21761363744735718, 0.5370703339576721], "cam_t_m2c": [8.802648544311523, -32.133975982666016, 529.0740966796875], "obj_id": 3}, {"cam_R_m2c": [0.550466001033783, 0.6670010685920715, -0.5020923614501953, 0.8049411773681641, -0.2644753158092499, 0.531152069568634, 0.22148796916007996, -0.6965360045433044, -0.6824812889099121], "cam_t_m2c": [73.90933227539062, -127.12944793701172, 577.3779296875], "obj_id": 0}, {"cam_R_m2c": [0.32132840156555176, -0.2372722029685974, -0.9167605638504028, 0.9334174990653992, 0.24254627525806427, 0.26439186930656433, 0.15962398052215576, -0.9406769871711731, 0.2994110584259033], "cam_t_m2c": [-53.690223693847656, -41.31024932861328, 511.65301513671875], "obj_id": 0}, {"cam_R_m2c": [-0.5495227575302124, -0.7983933687210083, 0.24615520238876343, -0.25434720516204834, 0.4405101537704468, 0.8609635233879089, -0.795821487903595, 0.4105103313922882, -0.4451393485069275], "cam_t_m2c": [-126.30550384521484, 69.09160614013672, 510.6629638671875], "obj_id": 1}, {"cam_R_m2c": [-0.7685410976409912, -0.06518878787755966, 0.6364705562591553, -0.25990819931030273, 0.9408244490623474, -0.217478945851326, -0.5846298933029175, -0.33256545662879944, -0.7400053143501282], "cam_t_m2c": [6.396409034729004, 22.383729934692383, 476.4909973144531], "obj_id": 0}, {"cam_R_m2c": [-0.616081178188324, -0.3758070766925812, -0.6922520399093628, -0.7292900085449219, 0.604215145111084, 0.3210298418998718, 0.2976238429546356, 0.7026329636573792, -0.6463178992271423], "cam_t_m2c": [-18.62074089050293, -27.082477569580078, 608.8453369140625], "obj_id": 0}, {"cam_R_m2c": [-0.398271769285202, 0.5957217216491699, 0.6974921226501465, -0.8638131618499756, 0.012203163467347622, -0.5036645531654358, -0.308555543422699, -0.803098201751709, 0.5097320675849915], "cam_t_m2c": [20.131874084472656, -60.799869537353516, 645.574951171875], "obj_id": 0}],
  "4": [{"cam_R_m2c": [-0.5659767985343933, -0.09998797625303268, 0.818335235118866, -0.12438034266233444, -0.9708998799324036, -0.20465293526649475, 0.8149845004081726, -0.21761363744735718, 0.5370703339576721], "cam_t_m2c": [8.802648544311523, -32.133975982666016, 529.0740966796875], "obj_id": 3}, {"cam_R_m2c": [0.550466001033783, 0.6670010685920715, -0.5020923614501953, 0.8049411773681641, -0.2644753158092499, 0.531152069568634, 0.22148796916007996, -0.6965360045433044, -0.6824812889099121], "cam_t_m2c": [73.90933227539062, -127.12944793701172, 577.3779296875], "obj_id": 0}, {"cam_R_m2c": [0.32132840156555176, -0.2372722029685974, -0.9167605638504028, 0.9334174990653992, 0.24254627525806427, 0.26439186930656433, 0.15962398052215576, -0.9406769871711731, 0.2994110584259033], "cam_t_m2c": [-53.690223693847656, -41.31024932861328, 511.65301513671875], "obj_id": 0}, {"cam_R_m2c": [-0.5495227575302124, -0.7983933687210083, 0.24615520238876343, -0.25434720516204834, 0.4405101537704468, 0.8609635233879089, -0.795821487903595, 0.4105103313922882, -0.4451393485069275], "cam_t_m2c": [-126.30550384521484, 69.09160614013672, 510.6629638671875], "obj_id": 1}, {"cam_R_m2c": [-0.7685410976409912, -0.06518878787755966, 0.6364705562591553, -0.25990819931030273, 0.9408244490623474, -0.217478945851326, -0.5846298933029175, -0.33256545662879944, -0.7400053143501282], "cam_t_m2c": [6.396409034729004, 22.383729934692383, 476.4909973144531], "obj_id": 0}, {"cam_R_m2c": [-0.616081178188324, -0.3758070766925812, -0.6922520399093628, -0.7292900085449219, 0.604215145111084, 0.3210298418998718, 0.2976238429546356, 0.7026329636573792, -0.6463178992271423], "cam_t_m2c": [-18.62074089050293, -27.082477569580078, 608.8453369140625], "obj_id": 0}, {"cam_R_m2c": [-0.398271769285202, 0.5957217216491699, 0.6974921226501465, -0.8638131618499756, 0.012203163467347622, -0.5036645531654358, -0.308555543422699, -0.803098201751709, 0.5097320675849915], "cam_t_m2c": [20.131874084472656, -60.799869537353516, 645.574951171875], "obj_id": 0}]
}