{
  "0": [{"cam_R_m2c": [-0.21040429174900055, 0.9597353339195251, -0.1861136108636856, 0.3306109607219696, -0.10930516570806503, -0.937416136264801, -0.920014500617981, -0.2587674558162689, -0.2943008244037628], "cam_t_m2c": [-222.19686889648438, 57.111061096191406, 425.47052001953125], "obj_id": 3}, {"cam_R_m2c": [-0.21040429174900055, 0.9597353339195251, -0.1861136108636856, 0.3306109607219696, -0.10930516570806503, -0.937416136264801, -0.920014500617981, -0.2587674558162689, -0.2943008244037628], "cam_t_m2c": [-222.19686889648438, 57.111061096191406, 425.47052001953125], "obj_id": 2}, {"cam_R_m2c": [-0.21040429174900055, 0.9597353339195251, -0.1861136108636856, 0.3306109607219696, -0.10930516570806503, -0.937416136264801, -0.920014500617981, -0.2587674558162689, -0.2943008244037628], "cam_t_m2c": [-222.19686889648438, 57.111061096191406, 425.47052001953125], "obj_id": 0}, {"cam_R_m2c": [-0.21040429174900055, 0.9597353339195251, -0.1861136108636856, 0.3306109607219696, -0.10930516570806503, -0.937416136264801, -0.920014500617981, -0.2587674558162689, -0.2943008244037628], "cam_t_m2c": [-222.19686889648438, 57.111061096191406, 425.47052001953125], "obj_id": 2}, {"cam_R_m2c": [-0.21040429174900055, 0.9597353339195251, -0.1861136108636856, 0.3306109607219696, -0.10930516570806503, -0.937416136264801, -0.920014500617981, -0.2587674558162689, -0.2943008244037628], "cam_t_m2c": [-222.19686889648438, 57.111061096191406, 425.47052001953125], "obj_id": 1}, {"cam_R_m2c": [-0.21040429174900055, 0.9597353339195251, -0.1861136108636856, 0.3306109607219696, -0.10930516570806503, -0.937416136264801, -0.920014500617981, -0.2587674558162689, -0.2943008244037628], "cam_t_m2c": [-222.19686889648438, 57.111061096191406, 425.47052001953125], "obj_id": 3}, {"cam_R_m2c": [-0.21040429174900055, 0.9597353339195251, -0.1861136108636856, 0.3306109607219696, -0.10930516570806503, -0.937416136264801, -0.920014500617981, -0.2587674558162689, -0.2943008244037628], "cam_t_m2c": [-222.19686889648438, 57.111061096191406, 425.47052001953125], "obj_id": 0}, {"cam_R_m2c": [-0.21040429174900055, 0.9597353339195251, -0.1861136108636856, 0.3306109607219696, -0.10930516570806503, -0.937416136264801, -0.920014500617981, -0.2587674558162689, -0.2943008244037628], "cam_t_m2c": [-222.19686889648438, 57.111061096191406, 425.47052001953125], "obj_id": 1}, {"cam_R_m2c": [-0.21040429174900055, 0.9597353339195251, -0.1861136108636856, 0.3306109607219696, -0.10930516570806503, -0.937416136264801, -0.920014500617981, -0.2587674558162689, -0.2943008244037628], "cam_t_m2c": [-222.19686889648438, 57.111061096191406, 425.47052001953125], "obj_id": 3}, {"cam_R_m2c": [-0.21040429174900055, 0.9597353339195251, -0.1861136108636856, 0.3306109607219696, -0.10930516570806503, -0.937416136264801, -0.920014500617981, -0.2587674558162689, -0.2943008244037628], "cam_t_m2c": [-222.19686889648438, 57.111061096191406, 425.47052001953125], "obj_id": 3}, {"cam_R_m2c": [-0.21040429174900055, 0.9597353339195251, -0.1861136108636856, 0.3306109607219696, -0.10930516570806503, -0.937416136264801, -0.920014500617981, -0.2587674558162689, -0.2943008244037628], "cam_t_m2c": [-222.19686889648438, 57.111061096191406, 425.47052001953125], "obj_id": 0}, {"cam_R_m2c": [-0.21040429174900055, 0.9597353339195251, -0.1861136108636856, 0.3306109607219696, -0.10930516570806503, -0.937416136264801, -0.920014500617981, -0.2587674558162689, -0.2943008244037628], "cam_t_m2c": [-222.19686889648438, 57.111061096191406, 425.47052001953125], "obj_id": 3}, {"cam_R_m2c": [0.3499666154384613, -0.9159951210021973, 0.1961537003517151, 0.8903782963752747, 0.26018980145454407, -0.3735341727733612, 0.2911182940006256, 0.30537548661231995, 0.9066399335861206], "cam_t_m2c": [-207.71743774414062, 49.603824615478516, 320.232177734375], "obj_id": 1}, {"cam_R_m2c": [-0.14691708981990814, -0.6925413012504578, -0.7062591910362244, -0.9186819195747375, -0.16913489997386932, 0.3569552004337311, -0.3666592538356781, 0.701270341873169, -0.6113764047622681], "cam_t_m2c": [-456.1504821777344, 98.68467712402344, 533.337890625], "obj_id": 2}, {"cam_R_m2c": [-0.3385864198207855, 0.07126238197088242, -0.9382328391075134, 0.2134060561656952, 0.9769595265388489, -0.002809473080560565, 0.9164153337478638, -0.20117582380771637, -0.3459930717945099], "cam_t_m2c": [-463.06884765625, 22.721643447875977, 604.7607421875], "obj_id": 3}],
  "1": [{"cam_R_m2c": [0.7747271656990051, -0.6144092082977295, 0.14932867884635925, -0.30687692761421204, -0.571856677532196, -0.7607930898666382, 0.5528329610824585, 0.5435815453529358, -0.6315809488296509], "cam_t_m2c": [245.99693298339844, 49.46757125854492, 542.7227783203125], "obj_id": 3}, {"cam_R_m2c": [0.7747271656990051, -0.6144092082977295, 0.14932867884635925, -0.30687692761421204, -0.571856677532196, -0.7607930898666382, 0.5528329610824585, 0.5435815453529358, -0.6315809488296509], "cam_t_m2c": [245.99693298339844, 49.46757125854492, 542.7227783203125], "obj_id": 2}, {"cam_R_m2c": [0.7747271656990051, -0.6144092082977295, 0.14932867884635925, -0.30687692761421204, -0.571856677532196, -0.7607930898666382, 0.5528329610824585, 0.5435815453529358, -0.6315809488296509], "cam_t_m2c": [245.99693298339844, 49.46757125854492, 542.7227783203125], "obj_id": 0}, {"cam_R_m2c": [0.7747271656990051, -0.6144092082977295, 0.14932867884635925, -0.30687692761421204, -0.571856677532196, -0.7607930898666382, 0.5528329610824585, 0.5435815453529358, -0.6315809488296509], "cam_t_m2c": [245.99693298339844, 49.46757125854492, 542.7227783203125], "obj_id": 2}, {"cam_R_m2c": [0.7747271656990051, -0.6144092082977295, 0.14932867884635925, -0.30687692761421204, -0.571856677532196, -0.7607930898666382, 0.5528329610824585, 0.5435815453529358, -0.6315809488296509], "cam_t_m2c": [245.99693298339844, 49.46757125854492, 542.7227783203125], "obj_id": 1}, {"cam_R_m2c": [0.7747271656990051, -0.6144092082977295, 0.14932867884635925, -0.30687692761421204, -0.571856677532196, -0.7607930898666382, 0.5528329610824585, 0.5435815453529358, -0.6315809488296509], "cam_t_m2c": [245.99693298339844, 49.46757125854492, 542.7227783203125], "obj_id": 3}, {"cam_R_m2c": [0.7747271656990051, -0.6144092082977295, 0.14932867884635925, -0.30687692761421204, -0.571856677532196, -0.7607930898666382, 0.5528329610824585, 0.5435815453529358, -0.6315809488296509], "cam_t_m2c": [245.99693298339844, 49.46757125854492, 542.7227783203125], "obj_id": 0}, {"cam_R_m2c": [0.7747271656990051, -0.6144092082977295, 0.14932867884635925, -0.30687692761421204, -0.571856677532196, -0.7607930898666382, 0.5528329610824585, 0.5435815453529358, -0.6315809488296509], "cam_t_m2c": [245.99693298339844, 49.46757125854492, 542.7227783203125], "obj_id": 1}, {"cam_R_m2c": [0.7747271656990051, -0.6144092082977295, 0.14932867884635925, -0.30687692761421204, -0.571856677532196, -0.7607930898666382, 0.5528329610824585, 0.5435815453529358, -0.6315809488296509], "cam_t_m2c": [245.99693298339844, 49.46757125854492, 542.7227783203125], "obj_id": 3}, {"cam_R_m2c": [0.7747271656990051, -0.6144092082977295, 0.14932867884635925, -0.30687692761421204, -0.571856677532196, -0.7607930898666382, 0.5528329610824585, 0.5435815453529358, -0.6315809488296509], "cam_t_m2c": [245.99693298339844, 49.46757125854492, 542.7227783203125], "obj_id": 3}, {"cam_R_m2c": [0.7747271656990051, -0.6144092082977295, 0.14932867884635925, -0.30687692761421204, -0.571856677532196, -0.7607930898666382, 0.5528329610824585, 0.5435815453529358, -0.6315809488296509], "cam_t_m2c": [245.99693298339844, 49.46757125854492, 542.7227783203125], "obj_id": 0}, {"cam_R_m2c": [0.7747271656990051, -0.6144092082977295, 0.14932867884635925, -0.30687692761421204, -0.571856677532196, -0.7607930898666382, 0.5528329610824585, 0.5435815453529358, -0.6315809488296509], "cam_t_m2c": [245.99693298339844, 49.46757125854492, 542.7227783203125], "obj_id": 3}, {"cam_R_m2c": [-0.28393107652664185, 0.5800715088844299, -0.7634790539741516, 0.670849621295929, 0.6890908479690552, 0.2740703523159027, 0.6850868463516235, -0.4343625605106354, -0.5847950577735901], "cam_t_m2c": [296.2229919433594, -29.403791427612305, 593.691162109375], "obj_id": 1}, {"cam_R_m2c": [0.1654212772846222, 0.0903405025601387, 0.9820765256881714, -0.8089312314987183, 0.5820555686950684, 0.08271373808383942, -0.5641506910324097, -0.8081150054931641, 0.16936364769935608], "cam_t_m2c": [371.73675537109375, 228.23443603515625, 400.1396789550781], "obj_id": 2}, {"cam_R_m2c": [-0.24438336491584778, 0.24371322989463806, 0.9385523200035095, 0.8594368696212769, 0.5026642680168152, 0.0932566225528717, -0.44904881715774536, 0.8294168710708618, -0.3322989046573639], "cam_t_m2c": [320.52093505859375, 226.11424255371094, 309.0797424316406], "obj_id": 3}],
  "2": [{"cam_R_m2c": [0.7747271656990051, -0.6144092082977295, 0.14932867884635925, -0.30687692761421204, -0.571856677532196, -0.7607930898666382, 0.5528329610824585, 0.5435815453529358, -0.6315809488296509], "cam_t_m2c": [245.99693298339844, 49.46757125854492, 542.7227783203125], "obj_id": 3}, {"cam_R_m2c": [0.7747271656990051, -0.6144092082977295, 0.14932867884635925, -0.30687692761421204, -0.571856677532196, -0.7607930898666382, 0.5528329610824585, 0.5435815453529358, -0.6315809488296509], "cam_t_m2c": [245.99693298339844, 49.46757125854492, 542.7227783203125], "obj_id": 2}, {"cam_R_m2c": [0.7747271656990051, -0.6144092082977295, 0.14932867884635925, -0.30687692761421204, -0.571856677532196, -0.7607930898666382, 0.5528329610824585, 0.5435815453529358, -0.6315809488296509], "cam_t_m2c": [245.99693298339844, 49.46757125854492, 542.7227783203125], "obj_id": 0}, {"cam_R_m2c": [0.7747271656990051, -0.6144092082977295, 0.14932867884635925, -0.30687692761421204, -0.571856677532196, -0.7607930898666382, 0.5528329610824585, 0.5435815453529358, -0.6315809488296509], "cam_t_m2c": [245.99693298339844, 49.46757125854492, 542.7227783203125], "obj_id": 2}, {"cam_R_m2c": [0.7747271656990051, -0.6144092082977295, 0.14932867884635925, -0.30687692761421204, -0.571856677532196, -0.7607930898666382, 0.5528329610824585, 0.5435815453529358, -0.6315809488296509], "cam_t_m2c": [245.99693298339844, 49.46757125854492, 542.7227783203125], "obj_id": 1}, {"cam_R_m2c": [0.7747271656990051, -0.6144092082977295, 0.14932867884635925, -0.30687692761421204, -0.571856677532196, -0.7607930898666382, 0.5528329610824585, 0.5435815453529358, -0.6315809488296509], "cam_t_m2c": [245.99693298339844, 49.46757125854492, 542.7227783203125], "obj_id": 3}, {"cam_R_m2c": [0.7747271656990051, -0.6144092082977295, 0.14932867884635925, -0.30687692761421204, -0.571856677532196, -0.7607930898666382, 0.5528329610824585, 0.5435815453529358, -0.6315809488296509], "cam_t_m2c": [245.99693298339844, 49.46757125854492, 542.7227783203125], "obj_id": 0}, {"cam_R_m2c": [0.7747271656990051, -0.6144092082977295, 0.14932867884635925, -0.30687692761421204, -0.571856677532196, -0.7607930898666382, 0.5528329610824585, 0.5435815453529358, -0.6315809488296509], "cam_t_m2c": [245.99693298339844, 49.46757125854492, 542.7227783203125], "obj_id": 1}, {"cam_R_m2c": [0.7747271656990051, -0.6144092082977295, 0.14932867884635925, -0.30687692761421204, -0.571856677532196, -0.7607930898666382, 0.5528329610824585, 0.5435815453529358, -0.6315809488296509], "cam_t_m2c": [245.99693298339844, 49.46757125854492, 542.7227783203125], "obj_id": 3}, {"cam_R_m2c": [0.7747271656990051, -0.6144092082977295, 0.14932867884635925, -0.30687692761421204, -0.571856677532196, -0.7607930898666382, 0.5528329610824585, 0.5435815453529358, -0.6315809488296509], "cam_t_m2c": [245.99693298339844, 49.46757125854492, 542.7227783203125], "obj_id": 3}, {"cam_R_m2c": [0.7747271656990051, -0.6144092082977295, 0.14932867884635925, -0.30687692761421204, -0.571856677532196, -0.7607930898666382, 0.5528329610824585, 0.5435815453529358, -0.6315809488296509], "cam_t_m2c": [245.99693298339844, 49.46757125854492, 542.7227783203125], "obj_id": 0}, {"cam_R_m2c": [0.7747271656990051, -0.6144092082977295, 0.14932867884635925, -0.30687692761421204, -0.571856677532196, -0.7607930898666382, 0.5528329610824585, 0.5435815453529358, -0.6315809488296509], "cam_t_m2c": [245.99693298339844, 49.46757125854492, 542.7227783203125], "obj_id": 3}, {"cam_R_m2c": [-0.28393107652664185, 0.5800715088844299, -0.7634790539741516, 0.670849621295929, 0.6890908479690552, 0.2740703523159027, 0.6850868463516235, -0.4343625605106354, -0.5847950577735901], "cam_t_m2c": [296.2229919433594, -29.403791427612305, 593.691162109375], "obj_id": 1}, {"cam_R_m2c": [0.1654212772846222, 0.0903405025601387, 0.9820765256881714, -0.8089312314987183, 0.5820555686950684, 0.08271373808383942, -0.5641506910324097, -0.8081150054931641, 0.16936364769935608], "cam_t_m2c": [371.73675537109375, 228.23443603515625, 400.1396789550781], "obj_id": 2}, {"cam_R_m2c": [-0.24438336491584778, 0.24371322989463806, 0.9385523200035095, 0.8594368696212769, 0.5026642680168152, 0.0932566225528717, -0.44904881715774536, 0.8294168710708618, -0.3322989046573639], "cam_t_m2c": [320.52093505859375, 226.11424255371094, 309.0797424316406], "obj_id": 3}],
  "3": [{"cam_R_m2c": [0.026842404156923294, -0.9982787370681763, 0.052141908556222916, -0.16872435808181763, -0.055936601012945175, -0.9840746521949768, 0.9852975606918335, 0.017617173492908478, -0.16993528604507446], "cam_t_m2c": [199.71824645996094, -35.08786392211914, 603.7898559570312], "obj_id": 3}, {"cam_R_m2c": [0.026842404156923294, -0.9982787370681763, 0.052141908556222916, -0.16872435808181763, -0.055936601012945175, -0.9840746521949768, 0.9852975606918335, 0.017617173492908478, -0.16993528604507446], "cam_t_m2c": [199.71824645996094, -35.08786392211914, 603.7898559570312], "obj_id": 2}, {"cam_R_m2c": [0.026842404156923294, -0.9982787370681763, 0.052141908556222916, -0.16872435808181763, -0.055936601012945175, -0.9840746521949768, 0.9852975606918335, 0.017617173492908478, -0.16993528604507446], "cam_t_m2c": [199.71824645996094, -35.08786392211914, 603.7898559570312], "obj_id": 0}, {"cam_R_m2c": [0.026842404156923294, -0.9982787370681763, 0.052141908556222916, -0.16872435808181763, -0.055936601012945175, -0.9840746521949768, 0.9852975606918335, 0.017617173492908478, -0.16993528604507446], "cam_t_m2c": [199.71824645996094, -35.08786392211914, 603.7898559570312], "obj_id": 2}, {"cam_R_m2c": [0.026842404156923294, -0.9982787370681763, 0.052141908556222916, -0.16872435808181763, -0.055936601012945175, -0.9840746521949768, 0.9852975606918335, 0.017617173492908478, -0.16993528604507446], "cam_t_m2c": [199.71824645996094, -35.08786392211914, 603.7898559570312], "obj_id": 1}, {"cam_R_m2c": [0.026842404156923294, -0.9982787370681763, 0.052141908556222916, -0.16872435808181763, -0.055936601012945175, -0.9840746521949768, 0.9852975606918335, 0.017617173492908478, -0.16993528604507446], "cam_t_m2c": [199.71824645996094, -35.08786392211914, 603.7898559570312], "obj_id": 3}, {"cam_R_m2c": [0.026842404156923294, -0.9982787370681763, 0.052141908556222916, -0.16872435808181763, -0.055936601012945175, -0.9840746521949768, 0.9852975606918335, 0.017617173492908478, -0.16993528604507446], "cam_t_m2c": [199.71824645996094, -35.08786392211914, 603.7898559570312], "obj_id": 0}, {"cam_R_m2c": [0.026842404156923294, -0.9982787370681763, 0.052141908556222916, -0.16872435808181763, -0.055936601012945175, -0.9840746521949768, 0.9852975606918335, 0.017617173492908478, -0.16993528604507446], "cam_t_m2c": [199.71824645996094, -35.08786392211914, 603.7898559570312], "obj_id": 1}, {"cam_R_m2c": [0.026842404156923294, -0.9982787370681763, 0.052141908556222916, -0.16872435808181763, -0.055936601012945175, -0.9840746521949768, 0.9852975606918335, 0.017617173492908478, -0.16993528604507446], "cam_t_m2c": [199.71824645996094, -35.08786392211914, 603.7898559570312], "obj_id": 3}, {"cam_R_m2c": [0.026842404156923294, -0.9982787370681763, 0.052141908556222916, -0.16872435808181763, -0.055936601012945175, -0.9840746521949768, 0.9852975606918335, 0.017617173492908478, -0.16993528604507446], "cam_t_m2c": [199.71824645996094, -35.08786392211914, 603.7898559570312], "obj_id": 3}, {"cam_R_m2c": [0.026842404156923294, -0.9982787370681763, 0.052141908556222916, -0.16872435808181763, -0.055936601012945175, -0.9840746521949768, 0.9852975606918335, 0.017617173492908478, -0.16993528604507446], "cam_t_m2c": [199.71824645996094, -35.08786392211914, 603.7898559570312], "obj_id": 0}, {"cam_R_m2c": [0.026842404156923294, -0.9982787370681763, 0.052141908556222916, -0.16872435808181763, -0.055936601012945175, -0.9840746521949768, 0.9852975606918335, 0.017617173492908478, -0.16993528604507446], "cam_t_m2c": [199.71824645996094, -35.08786392211914, 603.7898559570312], "obj_id": 3}, {"cam_R_m2c": [-0.2155877649784088, 0.9763023853302002, -0.018856106325984, 0.9685876965522766, 0.216255322098732, 0.12276610732078552, 0.12393457442522049, 0.008203081786632538, -0.9922564625740051], "cam_t_m2c": [162.13302612304688, -87.58951568603516, 688.4778442382812], "obj_id": 1}, {"cam_R_m2c": [-0.0005131408106535673, 0.8155291676521301, 0.5787155628204346, -0.9944925904273987, 0.06023600324988365, -0.0857667475938797, -0.10480474680662155, -0.5755724310874939, 0.8110069632530212], "cam_t_m2c": [453.875732421875, 12.149458885192871, 568.1437377929688], "obj_id": 2}, {"cam_R_m2c": [0.5443777441978455, -0.04576199874281883, 0.8375909328460693, 0.5513352155685425, 0.7720617055892944, -0.31614893674850464, -0.6322042942047119, 0.6338979005813599, 0.4455234408378601], "cam_t_m2c": [470.95062255859375, -22.488109588623047, 471.04498291015625], "obj_id": 3}],
  "4": [{"cam_R_m2c": [0.026842404156923294, -0.9982787370681763, 0.052141908556222916, -0.16872435808181763, -0.055936601012945175, -0.9840746521949768, 0.9852975606918335, 0.017617173492908478, -0.16993528604507446], "cam_t_m2c": [199.71824645996094, -35.08786392211914, 603.7898559570312], "obj_id": 3}, {"cam_R_m2c": [0.026842404156923294, -0.9982787370681763, 0.052141908556222916, -0.16872435808181763, -0.055936601012945175, -0.9840746521949768, 0.9852975606918335, 0.017617173492908478, -0.16993528604507446], "cam_t_m2c": [199.71824645996094, -35.08786392211914, 603.7898559570312], "obj_id": 2}, {"cam_R_m2c": [0.026842404156923294, -0.9982787370681763, 0.052141908556222916, -0.16872435808181763, -0.055936601012945175, -0.9840746521949768, 0.9852975606918335, 0.017617173492908478, -0.16993528604507446], "cam_t_m2c": [199.71824645996094, -35.08786392211914, 603.7898559570312], "obj_id": 0}, {"cam_R_m2c": [0.026842404156923294, -0.9982787370681763, 0.052141908556222916, -0.16872435808181763, -0.055936601012945175, -0.9840746521949768, 0.9852975606918335, 0.017617173492908478, -0.16993528604507446], "cam_t_m2c": [199.71824645996094, -35.08786392211914, 603.7898559570312], "obj_id": 2}, {"cam_R_m2c": [0.026842404156923294, -0.9982787370681763, 0.052141908556222916, -0.16872435808181763, -0.055936601012945175, -0.9840746521949768, 0.9852975606918335, 0.017617173492908478, -0.16993528604507446], "cam_t_m2c": [199.71824645996094, -35.08786392211914, 603.7898559570312], "obj_id": 1}, {"cam_R_m2c": [0.026842404156923294, -0.9982787370681763, 0.052141908556222916, -0.16872435808181763, -0.055936601012945175, -0.9840746521949768, 0.9852975606918335, 0.017617173492908478, -0.16993528604507446], "cam_t_m2c": [199.71824645996094, -35.08786392211914, 603.7898559570312], "obj_id": 3}, {"cam_R_m2c": [0.026842404156923294, -0.9982787370681763, 0.052141908556222916, -0.16872435808181763, -0.055936601012945175, -0.9840746521949768, 0.9852975606918335, 0.017617173492908478, -0.16993528604507446], "cam_t_m2c": [199.71824645996094, -35.08786392211914, 603.7898559570312], "obj_id": 0}, {"cam_R_m2c": [0.026842404156923294, -0.9982787370681763, 0.052141908556222916, -0.16872435808181763, -0.055936601012945175, -0.9840746521949768, 0.9852975606918335, 0.017617173492908478, -0.16993528604507446], "cam_t_m2c": [199.71824645996094, -35.08786392211914, 603.7898559570312], "obj_id": 1}, {"cam_R_m2c": [0.026842404156923294, -0.9982787370681763, 0.052141908556222916, -0.16872435808181763, -0.055936601012945175, -0.9840746521949768, 0.9852975606918335, 0.017617173492908478, -0.16993528604507446], "cam_t_m2c": [199.71824645996094, -35.08786392211914, 603.7898559570312], "obj_id": 3}, {"cam_R_m2c": [0.026842404156923294, -0.9982787370681763, 0.052141908556222916, -0.16872435808181763, -0.055936601012945175, -0.9840746521949768, 0.9852975606918335, 0.017617173492908478, -0.16993528604507446], "cam_t_m2c": [199.71824645996094, -35.08786392211914, 603.7898559570312], "obj_id": 3}, {"cam_R_m2c": [0.026842404156923294, -0.9982787370681763, 0.052141908556222916, -0.16872435808181763, -0.055936601012945175, -0.9840746521949768, 0.9852975606918335, 0.017617173492908478, -0.16993528604507446], "cam_t_m2c": [199.71824645996094, -35.08786392211914, 603.7898559570312], "obj_id": 0}, {"cam_R_m2c": [0.026842404156923294, -0.9982787370681763, 0.052141908556222916, -0.16872435808181763, -0.055936601012945175, -0.9840746521949768, 0.9852975606918335, 0.017617173492908478, -0.16993528604507446], "cam_t_m2c": [199.71824645996094, -35.08786392211914, 603.7898559570312], "obj_id": 3}, {"cam_R_m2c": [-0.2155877649784088, 0.9763023853302002, -0.018856106325984, 0.9685876965522766, 0.216255322098732, 0.12276610732078552, 0.12393457442522049, 0.008203081786632538, -0.9922564625740051], "cam_t_m2c": [162.13302612304688, -87.58951568603516, 688.4778442382812], "obj_id": 1}, {"cam_R_m2c": [-0.0005131408106535673, 0.8155291676521301, 0.5787155628204346, -0.9944925904273987, 0.06023600324988365, -0.0857667475938797, -0.10480474680662155, -0.5755724310874939, 0.8110069632530212], "cam_t_m2c": [453.875732421875, 12.149458885192871, 568.1437377929688], "obj_id": 2}, {"cam_R_m2c": [0.5443777441978455, -0.04576199874281883, 0.8375909328460693, 0.5513352155685425, 0.7720617055892944, -0.31614893674850464, -0.6322042942047119, 0.6338979005813599, 0.4455234408378601], "cam_t_m2c": [470.95062255859375, -22.488109588623047, 471.04498291015625], "obj_id": 3}],
  "5": [{"cam_R_m2c": [-0.40731099247932434, 0.9109319448471069, 0.06557992845773697, 0.5458235144615173, 0.3003707230091095, -0.7822110056877136, -0.732239305973053, -0.2828081250190735, -0.6195523142814636], "cam_t_m2c": [-240.86898803710938, 10.909185409545898, 388.98297119140625], "obj_id": 3}, {"cam_R_m2c": [-0.40731099247932434, 0.9109319448471069, 0.06557992845773697, 0.5458235144615173, 0.3003707230091095, -0.7822110056877136, -0.732239305973053, -0.2828081250190735, -0.6195523142814636], "cam_t_m2c": [-240.86898803710938, 10.909185409545898, 388.98297119140625], "obj_id": 2}, {"cam_R_m2c": [-0.40731099247932434, 0.9109319448471069, 0.06557992845773697, 0.5458235144615173, 0.3003707230091095, -0.7822110056877136, -0.732239305973053, -0.2828081250190735, -0.6195523142814636], "cam_t_m2c": [-240.86898803710938, 10.909185409545898, 388.98297119140625], "obj_id": 0}, {"cam_R_m2c": [-0.40731099247932434, 0.9109319448471069, 0.06557992845773697, 0.5458235144615173, 0.3003707230091095, -0.7822110056877136, -0.732239305973053, -0.2828081250190735, -0.6195523142814636], "cam_t_m2c": [-240.86898803710938, 10.909185409545898, 388.98297119140625], "obj_id": 2}, {"cam_R_m2c": [-0.40731099247932434, 0.9109319448471069, 0.06557992845773697, 0.5458235144615173, 0.3003707230091095, -0.7822110056877136, -0.732239305973053, -0.2828081250190735, -0.6195523142814636], "cam_t_m2c": [-240.86898803710938, 10.909185409545898, 388.98297119140625], "obj_id": 1}, {"cam_R_m2c": [-0.40731099247932434, 0.9109319448471069, 0.06557992845773697, 0.5458235144615173, 0.3003707230091095, -0.7822110056877136, -0.732239305973053, -0.2828081250190735, -0.6195523142814636], "cam_t_m2c": [-240.86898803710938, 10.909185409545898, 388.98297119140625], "obj_id": 3}, {"cam_R_m2c": [-0.40731099247932434, 0.9109319448471069, 0.06557992845773697, 0.5458235144615173, 0.3003707230091095, -0.7822110056877136, -0.732239305973053, -0.2828081250190735, -0.6195523142814636], "cam_t_m2c": [-240.86898803710938, 10.909185409545898, 388.98297119140625], "obj_id": 0}, {"cam_R_m2c": [-0.40731099247932434, 0.9109319448471069, 0.06557992845773697, 0.5458235144615173, 0.3003707230091095, -0.7822110056877136, -0.732239305973053, -0.2828081250190735, -0.6195523142814636], "cam_t_m2c": [-240.86898803710938, 10.909185409545898, 388.98297119140625], "obj_id": 1}, {"cam_R_m2c": [-0.40731099247932434, 0.9109319448471069, 0.06557992845773697, 0.5458235144615173, 0.3003707230091095, -0.7822110056877136, -0.732239305973053, -0.2828081250190735, -0.6195523142814636], "cam_t_m2c": [-240.86898803710938, 10.909185409545898, 388.98297119140625], "obj_id": 3}, {"cam_R_m2c": [-0.40731099247932434, 0.9109319448471069, 0.06557992845773697, 0.5458235144615173, 0.3003707230091095, -0.7822110056877136, -0.732239305973053, -0.2828081250190735, -0.6195523142814636], "cam_t_m2c": [-240.86898803710938, 10.909185409545898, 388.98297119140625], "obj_id": 3}, {"cam_R_m2c": [-0.40731099247932434, 0.9109319448471069, 0.06557992845773697, 0.5458235144615173, 0.3003707230091095, -0.7822110056877136, -0.732239305973053, -0.2828081250190735, -0.6195523142814636], "cam_t_m2c": [-240.86898803710938, 10.909185409545898, 388.98297119140625], "obj_id": 0}, {"cam_R_m2c": [-0.40731099247932434, 0.9109319448471069, 0.06557992845773697, 0.5458235144615173, 0.3003707230091095, -0.7822110056877136, -0.732239305973053, -0.2828081250190735, -0.6195523142814636], "cam_t_m2c": [-240.86898803710938, 10.909185409545898, 388.98297119140625], "obj_id": 3}, {"cam_R_m2c": [0.10324002057313919, -0.9085153937339783, 0.40489670634269714, 0.7941605448722839, -0.1698037087917328, -0.583503007888794, 0.5988743901252747, 0.3817938268184662, 0.7039765119552612], "cam_t_m2c": [-237.5244903564453, 45.71574783325195, 288.39251708984375], "obj_id": 1}, {"cam_R_m2c": [0.08852654695510864, -0.522389829158783, -0.8480989933013916, -0.7279015183448792, -0.6151418089866638, 0.302918940782547, -0.6799429655075073, 0.5905161499977112, -0.4347047209739685], "cam_t_m2c": [-461.9786376953125, -64.8233871459961, 505.0567321777344], "obj_id": 2}, {"cam_R_m2c": [-0.2742941677570343, -0.24543780088424683, -0.9297972321510315, -0.24048617482185364, 0.9536665678024292, -0.1807941049337387, 0.931090235710144, 0.17401261627674103, -0.32060956954956055], "cam_t_m2c": [-437.5225524902344, -158.92037963867188, 543.35986328125], "obj_id": 3}],
  "6": [{"cam_R_m2c": [-0.40731099247932434, 0.9109319448471069, 0.06557992845773697, 0.5458235144615173, 0.3003707230091095, -0.7822110056877136, -0.732239305973053, -0.2828081250190735, -0.6195523142814636], "cam_t_m2c": [-240.86898803710938, 10.909185409545898, 388.98297119140625], "obj_id": 3}, {"cam_R_m2c": [-0.40731099247932434, 0.9109319448471069, 0.06557992845773697, 0.5458235144615173, 0.3003707230091095, -0.7822110056877136, -0.732239305973053, -0.2828081250190735, -0.6195523142814636], "cam_t_m2c": [-240.86898803710938, 10.909185409545898, 388.98297119140625], "obj_id": 2}, {"cam_R_m2c": [-0.40731099247932434, 0.9109319448471069, 0.06557992845773697, 0.5458235144615173, 0.3003707230091095, -0.7822110056877136, -0.732239305973053, -0.2828081250190735, -0.6195523142814636], "cam_t_m2c": [-240.86898803710938, 10.909185409545898, 388.98297119140625], "obj_id": 0}, {"cam_R_m2c": [-0.40731099247932434, 0.9109319448471069, 0.06557992845773697, 0.5458235144615173, 0.3003707230091095, -0.7822110056877136, -0.732239305973053, -0.2828081250190735, -0.6195523142814636], "cam_t_m2c": [-240.86898803710938, 10.909185409545898, 388.98297119140625], "obj_id": 2}, {"cam_R_m2c": [-0.40731099247932434, 0.9109319448471069, 0.06557992845773697, 0.5458235144615173, 0.3003707230091095, -0.7822110056877136, -0.732239305973053, -0.2828081250190735, -0.6195523142814636], "cam_t_m2c": [-240.86898803710938, 10.909185409545898, 388.98297119140625], "obj_id": 1}, {"cam_R_m2c": [-0.40731099247932434, 0.9109319448471069, 0.06557992845773697, 0.5458235144615173, 0.3003707230091095, -0.7822110056877136, -0.732239305973053, -0.2828081250190735, -0.6195523142814636], "cam_t_m2c": [-240.86898803710938, 10.909185409545898, 388.98297119140625], "obj_id": 3}, {"cam_R_m2c": [-0.40731099247932434, 0.9109319448471069, 0.06557992845773697, 0.5458235144615173, 0.3003707230091095, -0.7822110056877136, -0.732239305973053, -0.2828081250190735, -0.6195523142814636], "cam_t_m2c": [-240.86898803710938, 10.909185409545898, 388.98297119140625], "obj_id": 0}, {"cam_R_m2c": [-0.40731099247932434, 0.9109319448471069, 0.06557992845773697, 0.5458235144615173, 0.3003707230091095, -0.7822110056877136, -0.732239305973053, -0.2828081250190735, -0.6195523142814636], "cam_t_m2c": [-240.86898803710938, 10.909185409545898, 388.98297119140625], "obj_id": 1}, {"cam_R_m2c": [-0.40731099247932434, 0.9109319448471069, 0.06557992845773697, 0.5458235144615173, 0.3003707230091095, -0.7822110056877136, -0.732239305973053, -0.2828081250190735, -0.6195523142814636], "cam_t_m2c": [-240.86898803710938, 10.909185409545898, 388.98297119140625], "obj_id": 3}, {"cam_R_m2c": [-0.40731099247932434, 0.9109319448471069, 0.06557992845773697, 0.5458235144615173, 0.3003707230091095, -0.7822110056877136, -0.732239305973053, -0.2828081250190735, -0.6195523142814636], "cam_t_m2c": [-240.86898803710938, 10.909185409545898, 388.98297119140625], "obj_id": 3}, {"cam_R_m2c": [-0.40731099247932434, 0.9109319448471069, 0.06557992845773697, 0.5458235144615173, 0.3003707230091095, -0.7822110056877136, -0.732239305973053, -0.2828081250190735, -0.6195523142814636], "cam_t_m2c": [-240.86898803710938, 10.909185409545898, 388.98297119140625], "obj_id": 0}, {"cam_R_m2c": [-0.40731099247932434, 0.9109319448471069, 0.06557992845773697, 0.5458235144615173, 0.3003707230091095, -0.7822110056877136, -0.732239305973053, -0.2828081250190735, -0.6195523142814636], "cam_t_m2c": [-240.86898803710938, 10.909185409545898, 388.98297119140625], "obj_id": 3}, {"cam_R_m2c": [0.10324002057313919, -0.9085153937339783, 0.40489670634269714, 0.7941605448722839, -0.1698037087917328, -0.583503007888794, 0.5988743901252747, 0.3817938268184662, 0.7039765119552612], "cam_t_m2c": [-237.5244903564453, 45.71574783325195, 288.39251708984375], "obj_id": 1}, {"cam_R_m2c": [0.08852654695510864, -0.522389829158783, -0.8480989933013916, -0.7279015183448792, -0.6151418089866638, 0.302918940782547, -0.6799429655075073, 0.5905161499977112, -0.4347047209739685], "cam_t_m2c": [-461.9786376953125, -64.8233871459961, 505.0567321777344], "obj_id": 2}, {"cam_R_m2c": [-0.2742941677570343, -0.24543780088424683, -0.9297972321510315, -0.24048617482185364, 0.9536665678024292, -0.1807941049337387, 0.931090235710144, 0.17401261627674103, -0.32060956954956055], "cam_t_m2c": [-437.5225524902344, -158.92037963867188, 543.35986328125], "obj_id": 3}],
  "7": [{"cam_R_m2c": [0.6961163282394409, -0.7179015874862671, -0.006274734623730183, -0.09758144617080688, -0.08595413714647293, -0.9915088415145874, 0.7112664580345154, 0.6908178329467773, -0.12988796830177307], "cam_t_m2c": [250.36117553710938, -23.47708511352539, 523.810546875], "obj_id": 3}, {"cam_R_m2c": [0.6961163282394409, -0.7179015874862671, -0.006274734623730183, -0.09758144617080688, -0.08595413714647293, -0.9915088415145874, 0.7112664580345154, 0.6908178329467773, -0.12988796830177307], "cam_t_m2c": [250.36117553710938, -23.47708511352539, 523.810546875], "obj_id": 2}, {"cam_R_m2c": [0.6961163282394409, -0.7179015874862671, -0.006274734623730183, -0.09758144617080688, -0.08595413714647293, -0.9915088415145874, 0.7112664580345154, 0.6908178329467773, -0.12988796830177307], "cam_t_m2c": [250.36117553710938, -23.47708511352539, 523.810546875], "obj_id": 0}, {"cam_R_m2c": [0.6961163282394409, -0.7179015874862671, -0.006274734623730183, -0.09758144617080688, -0.08595413714647293, -0.9915088415145874, 0.7112664580345154, 0.6908178329467773, -0.12988796830177307], "cam_t_m2c": [250.36117553710938, -23.47708511352539, 523.810546875], "obj_id": 2}, {"cam_R_m2c": [0.6961163282394409, -0.7179015874862671, -0.006274734623730183, -0.09758144617080688, -0.08595413714647293, -0.9915088415145874, 0.7112664580345154, 0.6908178329467773, -0.12988796830177307], "cam_t_m2c": [250.36117553710938, -23.47708511352539, 523.810546875], "obj_id": 1}, {"cam_R_m2c": [0.6961163282394409, -0.7179015874862671, -0.006274734623730183, -0.09758144617080688, -0.08595413714647293, -0.9915088415145874, 0.7112664580345154, 0.6908178329467773, -0.12988796830177307], "cam_t_m2c": [250.36117553710938, -23.47708511352539, 523.810546875], "obj_id": 3}, {"cam_R_m2c": [0.6961163282394409, -0.7179015874862671, -0.006274734623730183, -0.09758144617080688, -0.08595413714647293, -0.9915088415145874, 0.7112664580345154, 0.6908178329467773, -0.12988796830177307], "cam_t_m2c": [250.36117553710938, -23.47708511352539, 523.810546875], "obj_id": 0}, {"cam_R_m2c": [0.6961163282394409, -0.7179015874862671, -0.006274734623730183, -0.09758144617080688, -0.08595413714647293, -0.9915088415145874, 0.7112664580345154, 0.6908178329467773, -0.12988796830177307], "cam_t_m2c": [250.36117553710938, -23.47708511352539, 523.810546875], "obj_id": 1}, {"cam_R_m2c": [0.6961163282394409, -0.7179015874862671, -0.006274734623730183, -0.09758144617080688, -0.08595413714647293, -0.9915088415145874, 0.7112664580345154, 0.6908178329467773, -0.12988796830177307], "cam_t_m2c": [250.36117553710938, -23.47708511352539, 523.810546875], "obj_id": 3}, {"cam_R_m2c": [0.6961163282394409, -0.7179015874862671, -0.006274734623730183, -0.09758144617080688, -0.08595413714647293, -0.9915088415145874, 0.7112664580345154, 0.6908178329467773, -0.12988796830177307], "cam_t_m2c": [250.36117553710938, -23.47708511352539, 523.810546875], "obj_id": 3}, {"cam_R_m2c": [0.6961163282394409, -0.7179015874862671, -0.006274734623730183, -0.09758144617080688, -0.08595413714647293, -0.9915088415145874, 0.7112664580345154, 0.6908178329467773, -0.12988796830177307], "cam_t_m2c": [250.36117553710938, -23.47708511352539, 523.810546875], "obj_id": 0}, {"cam_R_m2c": [0.6961163282394409, -0.7179015874862671, -0.006274734623730183, -0.09758144617080688, -0.08595413714647293, -0.9915088415145874, 0.7112664580345154, 0.6908178329467773, -0.12988796830177307], "cam_t_m2c": [250.36117553710938, -23.47708511352539, 523.810546875], "obj_id": 3}, {"cam_R_m2c": [-0.14377884566783905, 0.7077570557594299, -0.6916700601577759, 0.9676634073257446, 0.24692727625370026, 0.05152006819844246, 0.20725587010383606, -0.6618963479995728, -0.7203735113143921], "cam_t_m2c": [283.5741882324219, -71.00567626953125, 613.1361083984375], "obj_id": 1}, {"cam_R_m2c": [-0.00031889532692730427, 0.20704081654548645, 0.9783322215080261, -0.9989400506019592, 0.0449652336537838, -0.009841479361057281, -0.04602847620844841, -0.977298378944397, 0.20680707693099976], "cam_t_m2c": [409.7773132324219, 29.096094131469727, 324.0091857910156], "obj_id": 2}, {"cam_R_m2c": [-0.06537599116563797, 0.3388926684856415, 0.9385508298873901, 0.5220377445220947, 0.8131976127624512, -0.2572667896747589, -0.8504131436347961, 0.4731398820877075, -0.23007835447788239], "cam_t_m2c": [359.31744384765625, -11.777237892150879, 242.13949584960938], "obj_id": 3}],
  "8": [{"cam_R_m2c": [0.6961163282394409, -0.7179015874862671, -0.006274734623730183, -0.09758144617080688, -0.08595413714647293, -0.9915088415145874, 0.7112664580345154, 0.6908178329467773, -0.12988796830177307], "cam_t_m2c": [250.36117553710938, -23.47708511352539, 523.810546875], "obj_id": 3}, {"cam_R_m2c": [0.6961163282394409, -0.7179015874862671, -0.006274734623730183, -0.09758144617080688, -0.08595413714647293, -0.9915088415145874, 0.7112664580345154, 0.6908178329467773, -0.12988796830177307], "cam_t_m2c": [250.36117553710938, -23.47708511352539, 523.810546875], "obj_id": 2}, {"cam_R_m2c": [0.6961163282394409, -0.7179015874862671, -0.006274734623730183, -0.09758144617080688, -0.08595413714647293, -0.9915088415145874, 0.7112664580345154, 0.6908178329467773, -0.12988796830177307], "cam_t_m2c": [250.36117553710938, -23.47708511352539, 523.810546875], "obj_id": 0}, {"cam_R_m2c": [0.6961163282394409, -0.7179015874862671, -0.006274734623730183, -0.09758144617080688, -0.08595413714647293, -0.9915088415145874, 0.7112664580345154, 0.6908178329467773, -0.12988796830177307], "cam_t_m2c": [250.36117553710938, -23.47708511352539, 523.810546875], "obj_id": 2}, {"cam_R_m2c": [0.6961163282394409, -0.7179015874862671, -0.006274734623730183, -0.09758144617080688, -0.08595413714647293, -0.9915088415145874, 0.7112664580345154, 0.6908178329467773, -0.12988796830177307], "cam_t_m2c": [250.36117553710938, -23.47708511352539, 523.810546875], "obj_id": 1}, {"cam_R_m2c": [0.6961163282394409, -0.7179015874862671, -0.006274734623730183, -0.09758144617080688, -0.08595413714647293, -0.9915088415145874, 0.7112664580345154, 0.6908178329467773, -0.12988796830177307], "cam_t_m2c": [250.36117553710938, -23.47708511352539, 523.810546875], "obj_id": 3}, {"cam_R_m2c": [0.6961163282394409, -0.7179015874862671, -0.006274734623730183, -0.09758144617080688, -0.08595413714647293, -0.9915088415145874, 0.7112664580345154, 0.6908178329467773, -0.12988796830177307], "cam_t_m2c": [250.36117553710938, -23.47708511352539, 523.810546875], "obj_id": 0}, {"cam_R_m2c": [0.6961163282394409, -0.7179015874862671, -0.006274734623730183, -0.09758144617080688, -0.08595413714647293, -0.9915088415145874, 0.7112664580345154, 0.6908178329467773, -0.12988796830177307], "cam_t_m2c": [250.36117553710938, -23.47708511352539, 523.810546875], "obj_id": 1}, {"cam_R_m2c": [0.6961163282394409, -0.7179015874862671, -0.006274734623730183, -0.09758144617080688, -0.08595413714647293, -0.9915088415145874, 0.7112664580345154, 0.6908178329467773, -0.12988796830177307], "cam_t_m2c": [250.36117553710938, -23.47708511352539, 523.810546875], "obj_id": 3}, {"cam_R_m2c": [0.6961163282394409, -0.7179015874862671, -0.006274734623730183, -0.09758144617080688, -0.08595413714647293, -0.9915088415145874, 0.7112664580345154, 0.6908178329467773, -0.12988796830177307], "cam_t_m2c": [250.36117553710938, -23.47708511352539, 523.810546875], "obj_id": 3}, {"cam_R_m2c": [0.6961163282394409, -0.7179015874862671, -0.006274734623730183, -0.09758144617080688, -0.08595413714647293, -0.9915088415145874, 0.7112664580345154, 0.6908178329467773, -0.12988796830177307], "cam_t_m2c": [250.36117553710938, -23.47708511352539, 523.810546875], "obj_id": 0}, {"cam_R_m2c": [0.6961163282394409, -0.7179015874862671, -0.006274734623730183, -0.09758144617080688, -0.08595413714647293, -0.9915088415145874, 0.7112664580345154, 0.6908178329467773, -0.12988796830177307], "cam_t_m2c": [250.36117553710938, -23.47708511352539, 523.810546875], "obj_id": 3}, {"cam_R_m2c": [-0.14377884566783905, 0.7077570557594299, -0.6916700601577759, 0.9676634073257446, 0.24692727625370026, 0.05152006819844246, 0.20725587010383606, -0.6618963479995728, -0.7203735113143921], "cam_t_m2c": [283.5741882324219, -71.00567626953125, 613.1361083984375], "obj_id": 1}, {"cam_R_m2c": [-0.00031889532692730427, 0.20704081654548645, 0.9783322215080261, -0.9989400506019592, 0.0449652336537838, -0.009841479361057281, -0.04602847620844841, -0.977298378944397, 0.20680707693099976], "cam_t_m2c": [409.7773132324219, 29.096094131469727, 324.0091857910156], "obj_id": 2}, {"cam_R_m2c": [-0.06537599116563797, 0.3388926684856415, 0.9385508298873901, 0.5220377445220947, 0.8131976127624512, -0.2572667896747589, -0.8504131436347961, 0.4731398820877075, -0.23007835447788239], "cam_t_m2c": [359.31744384765625, -11.777237892150879, 242.13949584960938], "obj_id": 3}],
