{
  "0": [{"cam_R_m2c": [-0.7551701664924622, 0.5775825381278992, -0.3100259304046631, -0.653260350227356, -0.7023829221725464, 0.28268158435821533, -0.05448498949408531, 0.4160003960132599, 0.9077306985855103], "cam_t_m2c": [-35.288089752197266, 58.518798828125, 917.605712890625], "obj_id": 1}, {"cam_R_m2c": [-0.9989868998527527, 0.0446256659924984, -0.005823139101266861, -0.024493424221873283, -0.6476777791976929, -0.7615206837654114, -0.037754882127046585, -0.7606064677238464, 0.6481145024299622], "cam_t_m2c": [28.230379104614258, 92.66765594482422, 843.4939575195312], "obj_id": 1}, {"cam_R_m2c": [0.8784152269363403, -0.19486312568187714, 0.4363657832145691, 0.1134888306260109, 0.9720305800437927, 0.20561330020427704, -0.4642273485660553, -0.13109120726585388, 0.8759612441062927], "cam_t_m2c": [-0.00013170100282877684, 0.00019191065803170204, 1016.886474609375], "obj_id": 1}, {"cam_R_m2c": [0.9676986932754517, -0.23851868510246277, -0.08165813237428665, -0.056693945080041885, -0.5214865207672119, 0.8513740301132202, -0.2456522285938263, -0.8192440271377563, -0.5181643962860107], "cam_t_m2c": [36.93315505981445, 74.23240661621094, 1009.251953125], "obj_id": 3}, {"cam_R_m2c": [0.789187490940094, 0.0999198853969574, 0.6059695482254028, 0.614035427570343, -0.10912201553583145, -0.7816987633705139, -0.01198266725987196, 0.9889937043190002, -0.1474720984697342], "cam_t_m2c": [93.72488403320312, 109.6024398803711, 965.16162109375], "obj_id": 2}, {"cam_R_m2c": [-0.38729870319366455, -0.6446148157119751, 0.6591445803642273, -0.30966031551361084, -0.5824575424194336, -0.7515676617622375, 0.8683952689170837, -0.4951920211315155, 0.025973306968808174], "cam_t_m2c": [54.7050666809082, 69.6573715209961, 1056.576904296875], "obj_id": 3}, {"cam_R_m2c": [-0.4953160285949707, -0.7666692137718201, -0.40850943326950073, 0.2565903067588806, 0.3201506435871124, -0.9119565486907959, 0.8299536108970642, -0.5565264821052551, 0.0381443053483963], "cam_t_m2c": [-26.10232162475586, 26.353389739990234, 995.0013427734375], "obj_id": 2}, {"cam_R_m2c": [0.8158360719680786, 0.5771137475967407, 0.03675830364227295, 0.5782776474952698, -0.813899576663971, -0.056232549250125885, -0.002535006031394005, 0.06713304668664932, -0.997740626335144], "cam_t_m2c": [0.3634260594844818, 33.79983139038086, 1014.1290283203125], "obj_id": 2}, {"cam_R_m2c": [-0.6356749534606934, -0.599319577217102, -0.48655253648757935, 0.15602469444274902, 0.5175293684005737, -0.8413201570510864, 0.7560248970985413, -0.6107203960418701, -0.23547179996967316], "cam_t_m2c": [42.15031433105469, 57.14042663574219, 876.759521484375], "obj_id": 2}, {"cam_R_m2c": [0.5594275593757629, 0.3327474892139435, -0.7591573596000671, -0.567663311958313, 0.8211883902549744, -0.058378007262945175, 0.6039860844612122, 0.46360403299331665, 0.6482839584350586], "cam_t_m2c": [89.81391906738281, 67.25431823730469, 980.3258056640625], "obj_id": 2}]
}