{
  "0": [{"cam_R_m2c": [0.00038554673665203154, 0.07741405069828033, 0.9969990253448486, 0.9969857335090637, 0.07732214778661728, -0.006389455404132605, -0.07758481055498123, 0.9939962029457092, -0.07715095579624176], "cam_t_m2c": [186.92340087890625, 265.5455322265625, 1180.5216064453125], "obj_id": 3}, {"cam_R_m2c": [0.9797511100769043, -0.07328271120786667, 0.18632611632347107, -0.19681404531002045, -0.5234054923057556, 0.8290420770645142, 0.03676967695355415, -0.8489264845848083, -0.5272302031517029], "cam_t_m2c": [97.14732360839844, -10.215749740600586, 1107.142333984375], "obj_id": 3}, {"cam_R_m2c": [0.19512046873569489, -0.7712228894233704, -0.6059234738349915, 0.821756899356842, 0.4657990336418152, -0.3282482326030731, 0.535391092300415, -0.4338738024234772, 0.724644660949707], "cam_t_m2c": [-87.89488983154297, 84.7829818725586, 1133.454833984375], "obj_id": 3}, {"cam_R_m2c": [0.5764240026473999, -0.24643062055110931, 0.7791067361831665, -0.7903954386711121, -0.410122275352478, 0.45505475997924805, 0.20738959312438965, -0.8781068921089172, -0.43118196725845337], "cam_t_m2c": [156.10772705078125, -9.816007614135742, 1114.4398193359375], "obj_id": 3}, {"cam_R_m2c": [-0.8687138557434082, 0.46884095668792725, 0.159762442111969, -0.2760748565196991, -0.19051998853683472, -0.9420639872550964, -0.41124027967453003, -0.8624905943870544, 0.29494279623031616], "cam_t_m2c": [277.20098876953125, 18.60260581970215, 1190.10595703125], "obj_id": 3}, {"cam_R_m2c": [-0.9485217928886414, 0.24870535731315613, -0.19609194993972778, 0.21854175627231598, 0.0658441111445427, -0.9736036658287048, -0.2292289435863495, -0.966338574886322, -0.11680710315704346], "cam_t_m2c": [161.69342041015625, 214.9609832763672, 1342.2906494140625], "obj_id": 3}, {"cam_R_m2c": [-0.1898103803396225, 0.8427435159683228, -0.5037413239479065, 0.5435231924057007, 0.5174712538719177, 0.6609129905700684, 0.8176518082618713, -0.1483469158411026, -0.556272029876709], "cam_t_m2c": [90.77671813964844, 310.2830505371094, 1326.1295166015625], "obj_id": 3}, {"cam_R_m2c": [0.049561627209186554, -0.7388221025466919, -0.6720755696296692, 0.009916604496538639, 0.6732333302497864, -0.7393636107444763, 0.9987218976020813, 0.029979383572936058, 0.04069313406944275], "cam_t_m2c": [184.59445190429688, 299.3326110839844, 1206.593017578125], "obj_id": 3}, {"cam_R_m2c": [0.4119336009025574, 0.9094316363334656, 0.05696290358901024, -0.7873528003692627, 0.32377609610557556, 0.5246375203132629, 0.4586787521839142, -0.2609657347202301, 0.8494178652763367], "cam_t_m2c": [122.6198959350586, -41.7803840637207, 1043.736083984375], "obj_id": 3}, {"cam_R_m2c": [0.5310200452804565, -0.8155118823051453, -0.23012599349021912, -0.8470954895019531, -0.5176780223846436, -0.12015983462333679, -0.021139422431588173, 0.2587459981441498, -0.9657138586044312], "cam_t_m2c": [71.56016540527344, 29.537559509277344, 1159.165771484375], "obj_id": 3}, {"cam_R_m2c": [-0.7193947434425354, -0.03367946669459343, 0.6937845945358276, -0.6846246719360352, -0.13430155813694, -0.7164162397384644, 0.11730483174324036, -0.9903680682182312, 0.07355794310569763], "cam_t_m2c": [-104.97808837890625, 163.9390869140625, 1339.273193359375], "obj_id": 3}, {"cam_R_m2c": [-0.4421193301677704, 0.5980122685432434, -0.6685144305229187, 0.7662559747695923, 0.6392332315444946, 0.06505854427814484, 0.4662424325942993, -0.4834895730018616, -0.7408478260040283], "cam_t_m2c": [105.02566528320312, 214.81468200683594, 1320.7032470703125], "obj_id": 3}, {"cam_R_m2c": [0.9182497262954712, -0.03274592384696007, -0.3946455419063568, 0.3157705068588257, 0.6619361042976379, 0.6798011064529419, 0.23896943032741547, -0.7488446235656738, 0.6181628704071045], "cam_t_m2c": [146.50685119628906, 395.61810302734375, 1294.99853515625], "obj_id": 3}, {"cam_R_m2c": [-0.26292458176612854, -0.5247172713279724, -0.809655487537384, -0.3295712172985077, 0.8375483751296997, -0.4357700049877167, 0.9067817330360413, 0.15226446092128754, -0.39314377307891846], "cam_t_m2c": [197.4773406982422, 416.1062927246094, 1239.1219482421875], "obj_id": 3}, {"cam_R_m2c": [0.07660243660211563, -0.9861190319061279, -0.14731304347515106, 0.734670102596283, -0.04406385123729706, 0.6769919395446777, -0.6740858554840088, -0.16008567810058594, 0.721096932888031], "cam_t_m2c": [-14.409927368164062, 193.24395751953125, 1341.4378662109375], "obj_id": 3}, {"cam_R_m2c": [0.8608949780464172, -0.40816354751586914, 0.3037472069263458, -0.49949443340301514, -0.7915867567062378, 0.3519877791404724, 0.09677372127771378, -0.4547445476055145, -0.8853484988212585], "cam_t_m2c": [100.83740997314453, 97.76412200927734, 1398.9617919921875], "obj_id": 3}, {"cam_R_m2c": [0.9966186881065369, -0.0656704306602478, -0.04938175901770592, 0.08208610862493515, 0.8221818804740906, 0.5632750391960144, 0.0036102724261581898, -0.5654240250587463, 0.8247925043106079], "cam_t_m2c": [0.1624836027622223, 105.28850555419922, 1023.4717407226562], "obj_id": 3}, {"cam_R_m2c": [-0.13472051918506622, -0.5052312612533569, -0.8524032831192017, -0.9908834099769592, 0.06837628036737442, 0.11607970297336578, -0.0003630627179518342, 0.8602707386016846, -0.5098368525505066], "cam_t_m2c": [73.93611145019531, 328.42767333984375, 1244.6656494140625], "obj_id": 3}, {"cam_R_m2c": [-0.027480313554406166, -0.9538906216621399, -0.2988935112953186, 0.0010197276715189219, -0.29903295636177063, 0.9542421698570251, -0.9996217489242554, 0.025918150320649147, 0.00919031910598278], "cam_t_m2c": [-27.938766479492188, -18.10287857055664, 1041.8765869140625], "obj_id": 3}, {"cam_R_m2c": [-0.5456188917160034, -0.6023715734481812, 0.5826219916343689, -0.6985522508621216, -0.057149551808834076, -0.7132731080055237, 0.4629520773887634, -0.7961673140525818, -0.3896060883998871], "cam_t_m2c": [-24.946748733520508, 253.30465698242188, 972.1609497070312], "obj_id": 3}, {"cam_R_m2c": [-0.43804076313972473, -0.697742223739624, -0.5668122172355652, -0.38109731674194336, 0.7151957750320435, -0.5858838558197021, 0.8141775727272034, -0.040630366653203964, -0.579192578792572], "cam_t_m2c": [258.263916015625, -19.70762062072754, 1051.80419921875], "obj_id": 3}, {"cam_R_m2c": [-0.7967427372932434, -0.47693321108818054, 0.37112727761268616, -0.5333771705627441, 0.843686044216156, -0.060848597437143326, -0.2840941846370697, -0.24643152952194214, -0.9265860319137573], "cam_t_m2c": [-72.67829132080078, 238.1365966796875, 1119.28857421875], "obj_id": 3}, {"cam_R_m2c": [0.5447142124176025, 0.23881296813488007, 0.8038997054100037, -0.7944236397743225, 0.4540356397628784, 0.4034137725830078, -0.26865866780281067, -0.8583821654319763, 0.4370383322238922], "cam_t_m2c": [77.96659088134766, 344.7214050292969, 1335.6414794921875], "obj_id": 3}, {"cam_R_m2c": [-0.44208812713623047, -0.4670642912387848, -0.7657737731933594, -0.6532584428787231, -0.41738009452819824, 0.631702184677124, -0.6146640777587891, 0.7795160412788391, -0.12059516459703445], "cam_t_m2c": [152.233154296875, 292.40869140625, 1353.6260986328125], "obj_id": 3}, {"cam_R_m2c": [-0.895560085773468, -0.41256117820739746, -0.16662922501564026, -0.22635771334171295, 0.10003591328859329, 0.9688937067985535, -0.383059024810791, 0.9054203629493713, -0.18297454714775085], "cam_t_m2c": [98.38622283935547, 342.18280029296875, 1274.8790283203125], "obj_id": 3}, {"cam_R_m2c": [-0.730521559715271, -0.6058188676834106, 0.31515294313430786, -0.402660071849823, 0.7548691630363464, 0.5177232027053833, -0.5515457391738892, 0.25130853056907654, -0.7953872680664062], "cam_t_m2c": [230.56951904296875, 128.2249755859375, 1004.6708374023438], "obj_id": 3}, {"cam_R_m2c": [0.05694316700100899, -0.3122054934501648, 0.9483065009117126, -0.9814077615737915, 0.15687915682792664, 0.11057921499013901, -0.183292955160141, -0.9369720816612244, -0.2974676787853241], "cam_t_m2c": [-8.174177169799805, 276.27264404296875, 1138.8193359375], "obj_id": 3}, {"cam_R_m2c": [-0.7680903673171997, -0.5506836175918579, 0.32677939534187317, -0.6235116124153137, 0.526954174041748, -0.5775400996208191, 0.14584408700466156, -0.6473537087440491, -0.748106062412262], "cam_t_m2c": [-131.51992797851562, 81.28590393066406, 1038.786865234375], "obj_id": 3}, {"cam_R_m2c": [0.8804450035095215, -0.3107987642288208, 0.3580791652202606, -0.2107541710138321, 0.4199756979942322, 0.8827247619628906, -0.42473432421684265, -0.8526573181152344, 0.3042633831501007], "cam_t_m2c": [-143.61489868164062, 199.95950317382812, 1366.349609375], "obj_id": 1}, {"cam_R_m2c": [-0.7413679957389832, -0.44714704155921936, -0.5004326105117798, 0.6239317655563354, -0.18463009595870972, -0.7593554854393005, 0.24714861810207367, -0.8751977682113647, 0.41586825251579285], "cam_t_m2c": [222.83267211914062, 74.44066619873047, 1158.98583984375], "obj_id": 1}, {"cam_R_m2c": [-0.3131442070007324, 0.8381101489067078, 0.4466675817966461, -0.05205671116709709, -0.48476266860961914, 0.8730951547622681, 0.9482777118682861, 0.25015270709991455, 0.1954299807548523], "cam_t_m2c": [141.6660614013672, 332.0911560058594, 1185.192138671875], "obj_id": 1}, {"cam_R_m2c": [-0.07532797008752823, -0.7249122262001038, -0.6847100853919983, -0.28865939378738403, -0.6414080262184143, 0.7108244299888611, -0.9544638991355896, 0.25119298696517944, -0.16093671321868896], "cam_t_m2c": [252.77500915527344, 52.558658599853516, 1046.6849365234375], "obj_id": 1}, {"cam_R_m2c": [-0.11563573777675629, -0.3573419153690338, 0.9267874956130981, 0.8467878103256226, 0.45225396752357483, 0.28002992272377014, -0.5192097425460815, 0.8171738386154175, 0.25029605627059937], "cam_t_m2c": [-127.38655853271484, 255.2570037841797, 1358.1004638671875], "obj_id": 1}, {"cam_R_m2c": [-0.6427716612815857, 0.3588281571865082, -0.6768211722373962, 0.22488775849342346, -0.7561970353126526, -0.6144847273826599, -0.732304573059082, -0.5471822023391724, 0.40536603331565857], "cam_t_m2c": [-159.3607635498047, 284.97369384765625, 1086.514892578125], "obj_id": 1}, {"cam_R_m2c": [0.9938474893569946, -0.011419077403843403, -0.11016695946455002, 0.06407354772090912, 0.8706092238426208, 0.4877849221229553, 0.09034232050180435, -0.4918425977230072, 0.8659844994544983], "cam_t_m2c": [-83.77062225341797, 351.846435546875, 1326.891357421875], "obj_id": 1}, {"cam_R_m2c": [0.8602644205093384, 0.35934314131736755, -0.36168718338012695, -0.4972500205039978, 0.7480618953704834, -0.439483642578125, 0.11263896524906158, 0.5579211115837097, 0.8222144246101379], "cam_t_m2c": [72.9037094116211, 14.251781463623047, 1169.4735107421875], "obj_id": 1}, {"cam_R_m2c": [0.24134336411952972, 0.4155612885951996, -0.876961886882782, -0.9390730261802673, -0.1278899908065796, -0.31903913617134094, -0.2447350025177002, 0.9005292057991028, 0.35937702655792236], "cam_t_m2c": [-18.97488021850586, 75.0666732788086, 1102.247314453125], "obj_id": 1}, {"cam_R_m2c": [-0.7747640609741211, -0.0017384615493938327, -0.6322481036186218, -0.6239449977874756, 0.16365700960159302, 0.7641394138336182, 0.10214340686798096, 0.9865157604217529, -0.1278802901506424], "cam_t_m2c": [-152.95082092285156, 220.56027221679688, 1335.924072265625], "obj_id": 1}, {"cam_R_m2c": [0.1798355132341385, -0.3627948760986328, 0.914351761341095, -0.5388656854629517, -0.813967764377594, -0.21698009967803955, 0.8229720592498779, -0.4536920189857483, -0.34187808632850647], "cam_t_m2c": [213.11744689941406, 249.92910766601562, 1138.7720947265625], "obj_id": 1}, {"cam_R_m2c": [-0.6637502312660217, 0.7417771816253662, -0.0959283635020256, 0.7081381678581238, 0.6645143628120422, 0.2386651337146759, 0.24078212678432465, 0.09048350155353546, -0.9663522839546204], "cam_t_m2c": [129.90533447265625, 91.28536224365234, 1331.6126708984375], "obj_id": 1}, {"cam_R_m2c": [-0.1089761033654213, -0.9819772243499756, 0.15441767871379852, 0.982164740562439, -0.08242234587669373, 0.16899371147155762, -0.1532205194234848, 0.17007988691329956, 0.9734455943107605], "cam_t_m2c": [-165.9675750732422, 358.2840576171875, 1312.5767822265625], "obj_id": 1}, {"cam_R_m2c": [0.07677184045314789, -0.7057986259460449, -0.7042402029037476, 0.6860761046409607, 0.5499115586280823, -0.476336807012558, 0.7234677076339722, -0.44659319519996643, 0.5264493823051453], "cam_t_m2c": [-74.4550552368164, 25.879352569580078, 1025.6697998046875], "obj_id": 1}, {"cam_R_m2c": [-0.9023571014404297, -0.22159670293331146, 0.3696569502353668, -0.38321685791015625, 0.020046263933181763, -0.9234407544136047, 0.19722121953964233, -0.9749322533607483, -0.10300835967063904], "cam_t_m2c": [182.62286376953125, 221.87120056152344, 1369.525634765625], "obj_id": 1}, {"cam_R_m2c": [-0.20882396399974823, -0.8909406065940857, -0.4032580554485321, 0.09912201762199402, 0.39094313979148865, -0.9150618314743042, 0.9729167819023132, -0.2310587614774704, 0.006673648953437805], "cam_t_m2c": [193.69284057617188, 119.1435317993164, 1275.4239501953125], "obj_id": 1}, {"cam_R_m2c": [-0.9224690794944763, 0.36433765292167664, -0.1277061253786087, 0.33090701699256897, 0.916547954082489, 0.22458936274051666, 0.19887515902519226, 0.16491788625717163, -0.9660490155220032], "cam_t_m2c": [94.05391693115234, 331.1897277832031, 1226.4193115234375], "obj_id": 1}, {"cam_R_m2c": [0.9759188294410706, 0.012454338371753693, -0.21777811646461487, 0.08149751275777817, 0.9052541851997375, 0.4169808030128479, 0.20233778655529022, -0.42468780279159546, 0.8824396133422852], "cam_t_m2c": [65.62051391601562, 216.09803771972656, 1371.3931884765625], "obj_id": 1}, {"cam_R_m2c": [-0.6939343214035034, 0.39338645339012146, -0.6030773520469666, -0.4845060408115387, -0.8746904730796814, -0.01305969525128603, -0.5326434969902039, 0.28313204646110535, 0.7975757718086243], "cam_t_m2c": [175.96278381347656, 194.38282775878906, 1285.234619140625], "obj_id": 1}, {"cam_R_m2c": [0.9382811188697815, 0.13454903662204742, -0.31863003969192505, 0.3370135426521301, -0.5628309845924377, 0.7547470331192017, -0.07778436690568924, -0.815547525882721, -0.5734385251998901], "cam_t_m2c": [83.24252319335938, -54.24858474731445, 1048.670166015625], "obj_id": 1}, {"cam_R_m2c": [-0.07166822999715805, 0.9733024835586548, 0.21804989874362946, -0.3718903660774231, 0.1767733246088028, -0.9112895131111145, -0.9255058169364929, -0.14640124142169952, 0.3492928743362427], "cam_t_m2c": [-93.1679458618164, 133.53282165527344, 1122.5194091796875], "obj_id": 1}, {"cam_R_m2c": [-0.0112660126760602, 0.8318688273429871, 0.5548577904701233, -0.20545260608196259, -0.5449796915054321, 0.8128875494003296, 0.9786021709442139, -0.10483893752098083, 0.17704947292804718], "cam_t_m2c": [62.04902648925781, 231.23048400878906, 1137.162109375], "obj_id": 1}, {"cam_R_m2c": [-0.7066619396209717, 0.4574446380138397, -0.5397896766662598, -0.47722938656806946, 0.25509265065193176, 0.8409397602081299, 0.5223797559738159, 0.8518638014793396, 0.038041915744543076], "cam_t_m2c": [-33.3273811340332, -15.013276100158691, 1162.3857421875], "obj_id": 1}, {"cam_R_m2c": [-0.5693987607955933, -0.34676215052604675, 0.7453462481498718, -0.6105056405067444, 0.785555899143219, -0.10091964155435562, -0.5505160689353943, -0.51250159740448, -0.6589947938919067], "cam_t_m2c": [141.23704528808594, 27.73302459716797, 1090.2236328125], "obj_id": 1}, {"cam_R_m2c": [0.23580902814865112, 0.9228448271751404, 0.3045511245727539, -0.9285680055618286, 0.12153586000204086, 0.35069969296455383, 0.28662756085395813, -0.36549460887908936, 0.8855835795402527], "cam_t_m2c": [-44.12675476074219, -50.73811721801758, 1203.1939697265625], "obj_id": 1}, {"cam_R_m2c": [-0.7863340377807617, 0.03702166676521301, 0.6166910529136658, 0.2202998697757721, 0.9493858814239502, 0.22390702366828918, -0.5771883726119995, 0.31192272901535034, -0.7546902894973755], "cam_t_m2c": [-55.75108337402344, 10.320147514343262, 1171.078125], "obj_id": 1}, {"cam_R_m2c": [-0.6419591903686523, 0.7159216403961182, 0.27449023723602295, -0.31240779161453247, 0.08270234614610672, -0.9463412761688232, -0.7002071738243103, -0.6932652592658997, 0.1705678403377533], "cam_t_m2c": [114.35608673095703, 242.51922607421875, 1305.4744873046875], "obj_id": 1}, {"cam_R_m2c": [0.9309698343276978, 0.07922327518463135, 0.3563970923423767, 0.19311410188674927, -0.9352913498878479, -0.29654157161712646, 0.30984213948249817, 0.3448965549468994, -0.8860270977020264], "cam_t_m2c": [-35.7518196105957, 317.6578369140625, 1134.7349853515625], "obj_id": 1}, {"cam_R_m2c": [-0.5991891622543335, -0.6790933609008789, -0.42403364181518555, 0.3611479103565216, -0.7019573450088501, 0.6138631701469421, -0.71452397108078, 0.21468131244182587, 0.6658584475517273], "cam_t_m2c": [64.2608642578125, 310.849365234375, 1056.921630859375], "obj_id": 1}, {"cam_R_m2c": [-0.46408453583717346, 0.31554728746414185, -0.8276807069778442, -0.7055490016937256, -0.6966316103935242, 0.13001896440982819, -0.5355614423751831, 0.6443091630935669, 0.5459300875663757], "cam_t_m2c": [-38.40974426269531, 126.42347717285156, 1156.3485107421875], "obj_id": 1}, {"cam_R_m2c": [-0.45891615748405457, -0.3081647753715515, -0.8333248496055603, 0.8099167346954346, 0.24051107466220856, -0.5349665880203247, 0.36528170108795166, -0.9204286336898804, 0.1392134428024292], "cam_t_m2c": [55.75340270996094, 120.07490539550781, 1016.3690795898438], "obj_id": 1}, {"cam_R_m2c": [0.4875704050064087, -0.8548387289047241, 0.17755524814128876, -0.6861265897750854, -0.5009185671806335, -0.5275517702102661, 0.5399124026298523, 0.13539326190948486, -0.830760657787323], "cam_t_m2c": [205.83587646484375, 151.2052764892578, 1304.1895751953125], "obj_id": 1}, {"cam_R_m2c": [0.7801400423049927, 0.05089595168828964, -0.6235311627388, -0.5415807366371155, 0.5538627505302429, -0.6323972940444946, 0.31316423416137695, 0.8310509324073792, 0.4596547782421112], "cam_t_m2c": [120.268310546875, 57.801544189453125, 1352.9642333984375], "obj_id": 1}, {"cam_R_m2c": [-0.46450895071029663, -0.5061657428741455, -0.7266550064086914, -0.45683977007865906, 0.8399030566215515, -0.29301929473876953, 0.7586360573768616, 0.1958548128604889, -0.6213791370391846], "cam_t_m2c": [100.2920913696289, 312.0321044921875, 1225.122802734375], "obj_id": 1}, {"cam_R_m2c": [-0.4337320923805237, 0.8693044781684875, 0.23703597486019135, 0.8199760913848877, 0.4898594617843628, -0.2961027920246124, -0.37351781129837036, 0.06593453884124756, -0.9252766966819763], "cam_t_m2c": [152.1431427001953, 157.4831085205078, 1035.7479248046875], "obj_id": 1}, {"cam_R_m2c": [-0.31832268834114075, 0.9159023761749268, -0.24452722072601318, 0.2589931786060333, 0.3321557939052582, 0.9069702625274658, 0.9119173884391785, 0.22537828981876373, -0.3429452180862427], "cam_t_m2c": [-102.83848571777344, 56.84123992919922, 1074.5760498046875], "obj_id": 1}, {"cam_R_m2c": [-0.9167947769165039, -0.29243940114974976, 0.2719675302505493, 0.03385345637798309, 0.6216503381729126, 0.7825629711151123, -0.3979209363460541, 0.7266567349433899, -0.5600256323814392], "cam_t_m2c": [95.77702331542969, 247.28518676757812, 1344.4110107421875], "obj_id": 1}, {"cam_R_m2c": [0.4306876063346863, 0.059094175696372986, -0.9005643129348755, -0.7623523473739624, -0.5102531313896179, -0.39807119965553284, -0.4830394387245178, 0.857991635799408, -0.17470914125442505], "cam_t_m2c": [-99.33345794677734, 0.2861097455024719, 1217.092529296875], "obj_id": 1}, {"cam_R_m2c": [-0.9456061124801636, -0.09771046787500381, 0.31029245257377625, -0.16298460960388184, 0.9677786231040955, -0.1919388324022293, -0.2815399765968323, -0.23207147419452667, -0.9310626983642578], "cam_t_m2c": [128.709716796875, -62.4053840637207, 1078.572998046875], "obj_id": 1}, {"cam_R_m2c": [-0.42286112904548645, -0.19313529133796692, 0.8853739500045776, -0.602504551410675, 0.7897149920463562, -0.11549241095781326, -0.6768873929977417, -0.5822791457176208, -0.45030462741851807], "cam_t_m2c": [-77.45252990722656, 87.8086166381836, 1049.2860107421875], "obj_id": 1}, {"cam_R_m2c": [0.007798285689204931, -0.7488331198692322, 0.6627126932144165, 0.9316203594207764, 0.2462514489889145, 0.26728957891464233, -0.36334922909736633, 0.6153122782707214, 0.6995485424995422], "cam_t_m2c": [15.883179664611816, 292.6236267089844, 1231.1170654296875], "obj_id": 1}, {"cam_R_m2c": [-0.8086117506027222, 0.4437650144100189, 0.38628995418548584, -0.588333010673523, -0.6136922836303711, -0.5265417695045471, 0.003402304369956255, -0.6530349254608154, 0.7573201656341553], "cam_t_m2c": [51.169315338134766, 146.4392547607422, 1158.5518798828125], "obj_id": 1}, {"cam_R_m2c": [-0.8378828763961792, -0.5148565769195557, 0.18131473660469055, 0.0073592946864664555, -0.34279441833496094, -0.9393815994262695, 0.545800507068634, -0.7857574224472046, 0.2910105586051941], "cam_t_m2c": [164.7414093017578, 61.21586227416992, 1132.634033203125], "obj_id": 1}, {"cam_R_m2c": [-0.4967845380306244, 0.8445491194725037, -0.19985464215278625, -0.8644461035728455, -0.46107688546180725, 0.20035238564014435, 0.07705908268690109, 0.2722955346107483, 0.9591230750083923], "cam_t_m2c": [34.899349212646484, 275.94183349609375, 1280.8341064453125], "obj_id": 1}, {"cam_R_m2c": [0.01029104832559824, 0.2878953814506531, -0.9576066136360168, 0.60385662317276, -0.765108048915863, -0.2235330492258072, -0.7970265746116638, -0.5759566426277161, -0.18172134459018707], "cam_t_m2c": [-95.87939453125, 291.3779296875, 1276.6910400390625], "obj_id": 1}, {"cam_R_m2c": [0.32517188787460327, -0.9244346022605896, 0.19920825958251953, -0.8292183876037598, -0.17746827006340027, 0.5300017595291138, -0.4545988440513611, -0.3375288248062134, -0.8242658972740173], "cam_t_m2c": [107.29474639892578, 36.140647888183594, 1088.3038330078125], "obj_id": 1}, {"cam_R_m2c": [-0.203170046210289, 0.4850367307662964, -0.8505652546882629, 0.949377715587616, 0.31014639139175415, -0.0499112494289875, 0.23959092795848846, -0.81764817237854, -0.5234954953193665], "cam_t_m2c": [-69.19296264648438, 25.88290786743164, 1189.54345703125], "obj_id": 1}, {"cam_R_m2c": [-0.11722834408283234, -0.9920645356178284, -0.045444924384355545, -0.8242360949516296, 0.0716666579246521, 0.5616925954818726, -0.553978443145752, 0.1033037081360817, -0.8260967135429382], "cam_t_m2c": [7.74525785446167, 307.75836181640625, 1259.5867919921875], "obj_id": 1}, {"cam_R_m2c": [-0.8987087607383728, 0.2324538379907608, 0.3718705177307129, 0.09456951916217804, -0.7252867817878723, 0.6819205284118652, 0.42822784185409546, 0.6480156183242798, 0.6298385858535767], "cam_t_m2c": [202.09130859375, 236.2421875, 1040.782470703125], "obj_id": 1}, {"cam_R_m2c": [0.8285578489303589, 0.1278734803199768, -0.5451056957244873, 0.5597312450408936, -0.21331773698329926, 0.8007475733757019, -0.013886308297514915, -0.9685783982276917, -0.24832087755203247], "cam_t_m2c": [114.83783721923828, -28.714920043945312, 1070.6890869140625], "obj_id": 1}, {"cam_R_m2c": [0.8589155077934265, 0.4628610610961914, -0.2191433161497116, -0.01675255037844181, 0.4530819058418274, 0.8913114666938782, 0.511843204498291, -0.7618900537490845, 0.39691317081451416], "cam_t_m2c": [133.0164031982422, -50.44160842895508, 1126.1953125], "obj_id": 1}, {"cam_R_m2c": [0.1765458881855011, -0.028364799916744232, -0.9838835597038269, -0.4023911654949188, -0.9143190979957581, -0.04584486037492752, -0.8982832431793213, 0.40399980545043945, -0.1728329360485077], "cam_t_m2c": [230.0677947998047, 101.82301330566406, 999.8457641601562], "obj_id": 1}, {"cam_R_m2c": [0.5470949411392212, 0.4725240170955658, 0.6909473538398743, 0.02213088981807232, 0.816981315612793, -0.576239287853241, -0.8367779850959778, 0.33054888248443604, 0.43650898337364197], "cam_t_m2c": [168.77772521972656, 66.78960418701172, 1136.447998046875], "obj_id": 1}, {"cam_R_m2c": [-0.8430027365684509, 0.50773024559021, -0.17764092981815338, -0.4779084026813507, -0.5553807020187378, 0.6805554628372192, 0.24688027799129486, 0.6586062908172607, 0.7108360528945923], "cam_t_m2c": [133.0652618408203, 99.7727279663086, 1245.795654296875], "obj_id": 1}, {"cam_R_m2c": [-0.7153990864753723, 0.6247065663337708, 0.3129633963108063, -0.5650074481964111, -0.253711462020874, -0.7851096987724304, -0.41106081008911133, -0.7384933233261108, 0.5344686508178711], "cam_t_m2c": [165.0142822265625, 303.2597351074219, 1346.408447265625], "obj_id": 3}, {"cam_R_m2c": [0.4609549045562744, -0.8848711848258972, 0.06725731492042542, -0.22153106331825256, -0.18812893331050873, -0.9568340182304382, 0.8593279719352722, 0.42615774273872375, -0.2827453911304474], "cam_t_m2c": [-41.52617263793945, 110.14170837402344, 1362.603271484375], "obj_id": 1}, {"cam_R_m2c": [0.3847890794277191, 0.7766590714454651, 0.4987364113330841, 0.8945410251617432, -0.4469475746154785, 0.005847414489835501, 0.22745048999786377, 0.44389015436172485, -0.866733968257904], "cam_t_m2c": [146.21238708496094, 232.47853088378906, 977.752197265625], "obj_id": 1}, {"cam_R_m2c": [0.09304946660995483, -0.44710537791252136, -0.8896283507347107, -0.6248211860656738, 0.669444739818573, -0.401798814535141, 0.7752034068107605, 0.593245804309845, -0.21706941723823547], "cam_t_m2c": [-88.47943115234375, 325.5289306640625, 1178.2445068359375], "obj_id": 1}, {"cam_R_m2c": [-0.43162599205970764, -0.3852689266204834, 0.8156389594078064, 0.8558140993118286, 0.11087942123413086, 0.5052602887153625, -0.285098671913147, 0.9161188006401062, 0.2818601131439209], "cam_t_m2c": [174.66505432128906, 204.13328552246094, 980.8860473632812], "obj_id": 1}, {"cam_R_m2c": [-0.992523193359375, -0.11276810616254807, -0.04670032113790512, 0.10202890634536743, -0.5565422177314758, -0.8245306015014648, 0.06699005514383316, -0.8231306076049805, 0.5638867616653442], "cam_t_m2c": [88.05499267578125, 241.5843505859375, 1373.916015625], "obj_id": 3}, {"cam_R_m2c": [-0.03938978165388107, -0.8014898300170898, -0.5967096090316772, 0.9932234287261963, -0.09675172716379166, 0.0643908753991127, -0.10934137552976608, -0.5901296138763428, 0.7998696565628052], "cam_t_m2c": [40.651912689208984, 287.3313903808594, 1083.41845703125], "obj_id": 1}, {"cam_R_m2c": [0.7532278895378113, 0.3868362605571747, 0.5319826006889343, 0.6575592160224915, -0.4628141224384308, -0.5944905877113342, 0.01623854599893093, 0.7975969314575195, -0.6029722690582275], "cam_t_m2c": [-174.02960205078125, 269.8150939941406, 1125.0816650390625], "obj_id": 1}, {"cam_R_m2c": [0.6218335628509521, -0.10221634805202484, -0.7764501571655273, 0.07130046933889389, 0.9947174191474915, -0.07384807616472244, 0.7798969149589539, -0.009440049529075623, 0.6258367300033569], "cam_t_m2c": [194.3485565185547, 173.31155395507812, 1394.7027587890625], "obj_id": 1}, {"cam_R_m2c": [0.0070128063671290874, 0.968059241771698, 0.25062301754951477, 0.5397266149520874, -0.2146516889333725, 0.8140144348144531, 0.8418110013008118, 0.1295595020055771, -0.5239925384521484], "cam_t_m2c": [-65.62669372558594, -48.993961334228516, 1187.841796875], "obj_id": 3}, {"cam_R_m2c": [0.7817507982254028, -0.5500807762145996, 0.2937292456626892, 0.6172507405281067, 0.7495827078819275, -0.23901326954364777, -0.08869775384664536, 0.3681533932685852, 0.9255245923995972], "cam_t_m2c": [-27.12413215637207, 100.64517211914062, 1042.447021484375], "obj_id": 1}, {"cam_R_m2c": [-0.4770933985710144, 0.315205454826355, 0.8203824758529663, -0.09727863222360611, -0.9466740489006042, 0.307156503200531, 0.8734521865844727, 0.06673665344715118, 0.48231467604637146], "cam_t_m2c": [220.335693359375, 61.838375091552734, 1416.5955810546875], "obj_id": 1}, {"cam_R_m2c": [-0.8346928358078003, -0.5330289006233215, 0.13844789564609528, -0.24675863981246948, 0.13724082708358765, -0.9593096375465393, 0.4923390746116638, -0.8348922729492188, -0.2460833191871643], "cam_t_m2c": [54.6456298828125, 117.59716796875, 1341.4544677734375], "obj_id": 3}, {"cam_R_m2c": [0.14542359113693237, 0.8345393538475037, 0.5314094424247742, 0.691392719745636, 0.2984778881072998, -0.6579415202140808, -0.7076920866966248, 0.4630928337574005, -0.533588707447052], "cam_t_m2c": [90.52117156982422, 256.15350341796875, 975.5244750976562], "obj_id": 1}, {"cam_R_m2c": [-0.4120849370956421, -0.41025134921073914, 0.8135599493980408, 0.8881583213806152, 0.018436593934893608, 0.4591675400733948, -0.20337337255477905, 0.9117860794067383, 0.35677072405815125], "cam_t_m2c": [-15.085441589355469, 219.0499267578125, 1036.5269775390625], "obj_id": 3}, {"cam_R_m2c": [-0.49613872170448303, 0.5728185176849365, -0.6524762511253357, 0.4041033983230591, 0.8174794316291809, 0.4103996157646179, 0.7684704065322876, -0.06005272641777992, -0.6370611190795898], "cam_t_m2c": [114.68962097167969, 328.6977844238281, 1311.2989501953125], "obj_id": 3}, {"cam_R_m2c": [0.5949640870094299, 0.2955138385295868, 0.7474551796913147, 0.7898770570755005, -0.04292301833629608, -0.611761212348938, -0.14870084822177887, 0.9543736577033997, -0.25895726680755615], "cam_t_m2c": [80.25418090820312, 190.91123962402344, 1231.7579345703125], "obj_id": 3}, {"cam_R_m2c": [0.5989054441452026, 0.09466692805290222, 0.7952046394348145, -0.35626253485679626, -0.8578182458877563, 0.37043872475624084, 0.7172093391418457, -0.5051594376564026, -0.4800257682800293], "cam_t_m2c": [169.25393676757812, 307.5228576660156, 1339.681884765625], "obj_id": 3}, {"cam_R_m2c": [-0.2701152265071869, -0.8131240606307983, 0.5156227350234985, 0.16739942133426666, -0.5670341849327087, -0.806504487991333, 0.9481640458106995, -0.13153424859046936, 0.2892812192440033], "cam_t_m2c": [175.1280975341797, 93.92389678955078, 1148.8681640625], "obj_id": 1}, {"cam_R_m2c": [0.8795541524887085, -0.3025188148021698, -0.3672422170639038, 0.4735889732837677, 0.6309370994567871, 0.6145175695419312, 0.04580358415842056, -0.7144233584403992, 0.6982129216194153], "cam_t_m2c": [101.332275390625, 70.28142547607422, 1403.9244384765625], "obj_id": 3}, {"cam_R_m2c": [-0.42704761028289795, -0.7835233807563782, 0.4513551890850067, 0.21309612691402435, -0.5723069906234741, -0.7918679118156433, 0.8787607550621033, -0.24198324978351593, 0.41136807203292847], "cam_t_m2c": [-75.77578735351562, 168.72943115234375, 1213.5218505859375], "obj_id": 3}, {"cam_R_m2c": [0.30551037192344666, 0.9371262788772583, 0.16869422793388367, 0.8134855031967163, -0.3489558696746826, 0.46526458859443665, 0.49487853050231934, -0.004912849981337786, -0.8689482808113098], "cam_t_m2c": [130.7578887939453, 33.67808151245117, 1295.07861328125], "obj_id": 3}, {"cam_R_m2c": [0.8281173706054688, -0.5354821681976318, -0.1657724827528, 0.12146619707345963, 0.46012088656425476, -0.8795081973075867, 0.5472363233566284, 0.7082002758979797, 0.4460770785808563], "cam_t_m2c": [192.58934020996094, 188.23715209960938, 1050.9151611328125], "obj_id": 1}, {"cam_R_m2c": [0.09291886538267136, -0.8597837090492249, 0.502133309841156, 0.9026874899864197, -0.1400618553161621, -0.4068632423877716, 0.4201442301273346, 0.49107474088668823, 0.7631018161773682], "cam_t_m2c": [262.7453308105469, -8.149008750915527, 1111.39501953125], "obj_id": 3}, {"cam_R_m2c": [-0.947756826877594, 0.2574583888053894, -0.18834103643894196, -0.2165786474943161, -0.08586077392101288, 0.9724822640419006, 0.23420259356498718, 0.9624672532081604, 0.13713504374027252], "cam_t_m2c": [94.25521850585938, 275.7073974609375, 1248.9710693359375], "obj_id": 3}, {"cam_R_m2c": [-0.296101838350296, -0.9382349252700806, 0.17899377644062042, -0.47309261560440063, -0.018733538687229156, -0.8808134198188782, 0.8297631740570068, -0.3454911708831787, -0.4383249282836914], "cam_t_m2c": [-54.337745666503906, 129.52467346191406, 1165.0955810546875], "obj_id": 1}, {"cam_R_m2c": [-0.8238608837127686, -0.2667906880378723, 0.5000760555267334, 0.5357956886291504, -0.6543599367141724, 0.533606767654419, 0.18486839532852173, 0.7075563073158264, 0.6820467114448547], "cam_t_m2c": [211.06097412109375, 52.78863525390625, 1217.8084716796875], "obj_id": 1}, {"cam_R_m2c": [-0.6578987240791321, -0.7071150541305542, -0.2591474652290344, -0.7006675004959106, 0.700866162776947, -0.13361001014709473, 0.2761053442955017, 0.09367435425519943, -0.9565514922142029], "cam_t_m2c": [250.35765075683594, 83.30702209472656, 1066.208251953125], "obj_id": 1}, {"cam_R_m2c": [0.43701109290122986, 0.42247042059898376, 0.7940654754638672, 0.5607821345329285, -0.8182127475738525, 0.1266932189464569, 0.7032386660575867, 0.38993141055107117, -0.594481885433197], "cam_t_m2c": [-114.78246307373047, 289.283447265625, 1326.7646484375], "obj_id": 1}, {"cam_R_m2c": [0.1554957628250122, 0.9639445543289185, 0.21594423055648804, 0.6038656234741211, -0.26575779914855957, 0.7514778971672058, 0.7817718982696533, 0.01354969758540392, -0.6234171390533447], "cam_t_m2c": [267.2184753417969, -15.414871215820312, 1051.322265625], "obj_id": 1}, {"cam_R_m2c": [0.026250489056110382, -0.6499596834182739, 0.7595151662826538, -0.9091354608535767, 0.3004050850868225, 0.28849512338638306, -0.4156724214553833, -0.6980753540992737, -0.5830156207084656], "cam_t_m2c": [60.41637420654297, 287.8426513671875, 1293.4964599609375], "obj_id": 3}, {"cam_R_m2c": [0.7881473302841187, -0.47085297107696533, 0.3963852524757385, 0.32993510365486145, -0.22046048939228058, -0.9178997874259949, 0.5195831060409546, 0.8542216420173645, -0.018404429778456688], "cam_t_m2c": [151.75424194335938, 268.1354064941406, 1176.6304931640625], "obj_id": 3}, {"cam_R_m2c": [0.5291047692298889, 0.8422313332557678, -0.10341381281614304, 0.6120006442070007, -0.2943398058414459, 0.7340430617332458, 0.5877952575683594, -0.4516749978065491, -0.6711826920509338], "cam_t_m2c": [-12.863301277160645, 179.39117431640625, 1107.6783447265625], "obj_id": 3}, {"cam_R_m2c": [0.21272826194763184, 0.05675414204597473, -0.9754617810249329, -0.8895761370658875, 0.4242485761642456, -0.16931481659412384, 0.40422895550727844, 0.9037654995918274, 0.14073678851127625], "cam_t_m2c": [-77.38859558105469, 303.0577392578125, 1108.28369140625], "obj_id": 1}, {"cam_R_m2c": [-0.16700269281864166, 0.7027299404144287, -0.691578209400177, 0.7699806094169617, -0.3451536297798157, -0.5366548895835876, -0.6158243417739868, -0.6221247911453247, -0.4834466576576233], "cam_t_m2c": [130.21728515625, 142.52264404296875, 1229.2188720703125], "obj_id": 3}, {"cam_R_m2c": [-0.7807844877243042, 0.31635722517967224, 0.5387888550758362, -0.624283492565155, -0.3599453270435333, -0.6933320164680481, -0.02540602535009384, -0.8776999711990356, 0.4785365164279938], "cam_t_m2c": [-79.35096740722656, 133.74203491210938, 1102.740966796875], "obj_id": 1}, {"cam_R_m2c": [0.15564212203025818, -0.7329967021942139, 0.6621866822242737, 0.9104263186454773, 0.3665447533130646, 0.19175170361995697, -0.3832744061946869, 0.5730276107788086, 0.7243894338607788], "cam_t_m2c": [-25.435121536254883, 133.85482788085938, 1010.6517333984375], "obj_id": 1}, {"cam_R_m2c": [0.49407947063446045, 0.0076919496059417725, 0.8693826794624329, 0.5350112915039062, 0.7855191230773926, -0.31100255250930786, -0.6853089332580566, 0.618789553642273, 0.38399359583854675], "cam_t_m2c": [41.72957229614258, 88.16849517822266, 1269.450439453125], "obj_id": 3}, {"cam_R_m2c": [0.4080732762813568, 0.6139540672302246, -0.6756749153137207, 0.45410165190696716, -0.7785537242889404, -0.43318092823028564, -0.7920024394989014, -0.13005554676055908, -0.5965045094490051], "cam_t_m2c": [229.12789916992188, 331.65985107421875, 1313.382568359375], "obj_id": 3}, {"cam_R_m2c": [-0.7533068656921387, -0.6173010468482971, -0.22686593234539032, -0.6539687514305115, 0.7396314740180969, 0.15896570682525635, 0.06966748088598251, 0.2681131958961487, -0.9608650207519531], "cam_t_m2c": [260.4186096191406, 101.96343231201172, 1406.6234130859375], "obj_id": 3}, {"cam_R_m2c": [0.8458461761474609, -0.15262390673160553, -0.5111263990402222, 0.2958936393260956, 0.9315090775489807, 0.21151311695575714, 0.44383692741394043, -0.3301466107368469, 0.8330737948417664], "cam_t_m2c": [-49.03932189941406, 45.00462341308594, 1042.986572265625], "obj_id": 1}, {"cam_R_m2c": [-0.6745322942733765, -0.47164294123649597, -0.5679426789283752, -0.7121931910514832, 0.21316221356391907, 0.668836772441864, -0.1943882703781128, 0.8556370139122009, -0.47968560457229614], "cam_t_m2c": [78.25727844238281, 43.46373748779297, 1374.9112548828125], "obj_id": 1}, {"cam_R_m2c": [0.18578660488128662, 0.68977290391922, -0.6997831463813782, 0.26754021644592285, -0.72078537940979, -0.6394452452659607, -0.9454656839370728, -0.06841988116502762, -0.3184541165828705], "cam_t_m2c": [79.17620849609375, 19.739349365234375, 1384.9798583984375], "obj_id": 3}, {"cam_R_m2c": [-0.8498955368995667, -0.5228135585784912, 0.06590474396944046, -0.10532364249229431, 0.04599357023835182, -0.9933738112449646, 0.5163180828094482, -0.8512053489685059, -0.09415431320667267], "cam_t_m2c": [143.4425506591797, 227.6858367919922, 1231.7572021484375], "obj_id": 3}, {"cam_R_m2c": [-0.6045902371406555, -0.04461892694234848, 0.7952859401702881, 0.3286883533000946, -0.9234358668327332, 0.19806593656539917, 0.7255581021308899, 0.38114994764328003, 0.5729660987854004], "cam_t_m2c": [-130.285400390625, 357.6338806152344, 1330.184326171875], "obj_id": 3}, {"cam_R_m2c": [0.9489728808403015, 0.3112352192401886, 0.0508243590593338, 0.04077662527561188, -0.28091195225715637, 0.9588668942451477, 0.31271031498908997, -0.9078661799430847, -0.27926895022392273], "cam_t_m2c": [74.1677017211914, 335.9659729003906, 1336.5244140625], "obj_id": 3}, {"cam_R_m2c": [0.5274600386619568, 0.6297701597213745, -0.5702415704727173, -0.8493672013282776, 0.4059092104434967, -0.3373618721961975, 0.019005877897143364, 0.6622893810272217, 0.7490070462226868], "cam_t_m2c": [-84.57756042480469, 14.287129402160645, 1131.1790771484375], "obj_id": 3}, {"cam_R_m2c": [-0.8626604080200195, -0.06577035784721375, -0.5014890432357788, -0.05026127025485039, -0.9754540324211121, 0.21439027786254883, -0.5032800436019897, 0.21015147864818573, 0.838179886341095], "cam_t_m2c": [-19.083513259887695, 200.30746459960938, 1239.0667724609375], "obj_id": 3}, {"cam_R_m2c": [-0.4335392713546753, 0.8632140159606934, -0.25866037607192993, 0.8615041971206665, 0.31284427642822266, -0.3999236524105072, -0.26429927349090576, -0.3962196409702301, -0.8792927265167236], "cam_t_m2c": [-8.248564720153809, 68.12006378173828, 1013.08154296875], "obj_id": 3}, {"cam_R_m2c": [0.8652336597442627, -0.4325544238090515, 0.25351017713546753, 0.500718891620636, 0.719771683216095, -0.4808422327041626, 0.02552100270986557, 0.5429782271385193, 0.8393588662147522], "cam_t_m2c": [-54.07267761230469, 116.06258392333984, 1375.2021484375], "obj_id": 1}, {"cam_R_m2c": [-0.917954683303833, 0.362846702337265, -0.1603163182735443, 0.12472110241651535, -0.11965202540159225, -0.9849507212638855, -0.3765683174133301, -0.9241350293159485, 0.06458058208227158], "cam_t_m2c": [11.203243255615234, -64.2395248413086, 1086.220703125], "obj_id": 3}, {"cam_R_m2c": [-0.7304151058197021, 0.5968150496482849, -0.3321225643157959, -0.598067045211792, -0.32402628660202026, 0.733022928237915, 0.32986268401145935, 0.7340427041053772, 0.5936092138290405], "cam_t_m2c": [-28.020610809326172, 184.83566284179688, 1168.9388427734375], "obj_id": 1}, {"cam_R_m2c": [-0.49802514910697937, 0.7870338559150696, 0.36407244205474854, -0.4942466616630554, 0.08734951913356781, -0.8649221658706665, -0.7125245332717896, -0.6106945276260376, 0.345486581325531], "cam_t_m2c": [63.12606430053711, 334.33270263671875, 1315.2960205078125], "obj_id": 3}, {"cam_R_m2c": [0.8597383499145508, -0.44267478585243225, 0.25473320484161377, -0.26446521282196045, 0.04082547128200531, 0.9635306596755981, -0.4369303584098816, -0.8957523703575134, -0.08197285234928131], "cam_t_m2c": [76.9846420288086, 256.85809326171875, 1028.475830078125], "obj_id": 3}, {"cam_R_m2c": [-0.5992202758789062, -0.05798845738172531, 0.798481285572052, 0.6394779682159424, -0.6347327828407288, 0.43379974365234375, 0.4816668927669525, 0.7705527544021606, 0.417427122592926], "cam_t_m2c": [74.37277221679688, 212.90982055664062, 1018.15771484375], "obj_id": 1}, {"cam_R_m2c": [-0.16244301199913025, -0.2005162090063095, -0.9661290645599365, 0.9721853137016296, -0.19995218515396118, -0.12196207046508789, -0.16872431337833405, -0.9590684175491333, 0.22741983830928802], "cam_t_m2c": [256.3917236328125, 96.1302185