{
  "0": [{"cam_R_m2c": [0.60394287109375, 0.1614575982093811, 0.7805026173591614, -0.6544026732444763, 0.6594656109809875, 0.3699488937854767, -0.45498353242874146, -0.7341910600662231, 0.503937840461731], "cam_t_m2c": [328.5647888183594, -143.7866668701172, 1071.2520751953125], "obj_id": 0}, {"cam_R_m2c": [0.10580810159444809, 0.19998914003372192, 0.9740682244300842, -0.559657096862793, 0.8216690421104431, -0.10790685564279556, -0.8219419121742249, -0.5337268114089966, 0.19886459410190582], "cam_t_m2c": [246.34901428222656, 1.6437065601348877, 831.4320678710938], "obj_id": 2}, {"cam_R_m2c": [0.26981619000434875, 0.09556867182254791, -0.958157479763031, 0.23131220042705536, -0.972357988357544, -0.03184780478477478, -0.9347158670425415, -0.21304048597812653, -0.2844640016555786], "cam_t_m2c": [239.6495361328125, 89.15544128417969, 1065.126708984375], "obj_id": 3}, {"cam_R_m2c": [0.016199991106987, 0.12766793370246887, 0.9916846752166748, 0.6618159413337708, -0.7448233962059021, 0.08507605642080307, 0.7494913339614868, 0.6549344658851624, -0.09655887633562088], "cam_t_m2c": [243.51907348632812, -91.02342224121094, 857.3983154296875], "obj_id": 3}],
  "1": [{"cam_R_m2c": [-0.6738667488098145, -0.0671158879995346, -0.735798180103302, -0.15006542205810547, -0.962675929069519, 0.2252451330423355, -0.7234527468681335, 0.2622030973434448, 0.6386436223983765], "cam_t_m2c": [-348.3499450683594, 307.50006103515625, 1138.9666748046875], "obj_id": 0}, {"cam_R_m2c": [-0.1623913198709488, -0.08813834935426712, -0.9827821254730225, -0.4840877056121826, -0.8607854843139648, 0.15718625485897064, -0.859818696975708, 0.5012784004211426, 0.0971173569560051], "cam_t_m2c": [-245.0928192138672, 34.51923751831055, 1149.0311279296875], "obj_id": 2}, {"cam_R_m2c": [-0.22493687272071838, -0.21270547807216644, 0.9508731365203857, -0.954380214214325, 0.24477159976959229, -0.17101235687732697, -0.19637146592140198, -0.9459615349769592, -0.2580600678920746], "cam_t_m2c": [-231.03970336914062, 202.6009063720703, 1332.61328125], "obj_id": 3}, {"cam_R_m2c": [0.055147457867860794, -0.229172483086586, -0.9718224406242371, 0.3648272752761841, 0.9106314182281494, -0.19403992593288422, 0.9294406771659851, -0.34384647011756897, 0.1338273584842682], "cam_t_m2c": [-254.212646484375, 99.54786682128906, 1078.6318359375], "obj_id": 3}]
}