{
  "0": [{"cam_R_m2c": [0.8450242877006531, -0.5347121357917786, -0.004100500606000423, -0.3564942181110382, -0.5576314330101013, -0.7496391534805298, 0.39855462312698364, 0.634925127029419, -0.6618339419364929], "cam_t_m2c": [-103.8835220336914, -98.64716339111328, 377.23419189453125], "obj_id": 0}, {"cam_R_m2c": [0.8450242877006531, -0.5347121357917786, -0.004100500606000423, -0.3564942181110382, -0.5576314330101013, -0.7496391534805298, 0.39855462312698364, 0.634925127029419, -0.6618339419364929], "cam_t_m2c": [-103.8835220336914, -98.64716339111328, 377.23419189453125], "obj_id": 0}, {"cam_R_m2c": [0.8450242877006531, -0.5347121357917786, -0.004100500606000423, -0.3564942181110382, -0.5576314330101013, -0.7496391534805298, 0.39855462312698364, 0.634925127029419, -0.6618339419364929], "cam_t_m2c": [-103.8835220336914, -98.64716339111328, 377.23419189453125], "obj_id": 2}, {"cam_R_m2c": [0.8450242877006531, -0.5347121357917786, -0.004100500606000423, -0.3564942181110382, -0.5576314330101013, -0.7496391534805298, 0.39855462312698364, 0.634925127029419, -0.6618339419364929], "cam_t_m2c": [-103.8835220336914, -98.64716339111328, 377.23419189453125], "obj_id": 3}, {"cam_R_m2c": [0.8450242877006531, -0.5347121357917786, -0.004100500606000423, -0.3564942181110382, -0.5576314330101013, -0.7496391534805298, 0.39855462312698364, 0.634925127029419, -0.6618339419364929], "cam_t_m2c": [-103.8835220336914, -98.64716339111328, 377.23419189453125], "obj_id": 0}, {"cam_R_m2c": [0.8450242877006531, -0.5347121357917786, -0.004100500606000423, -0.3564942181110382, -0.5576314330101013, -0.7496391534805298, 0.39855462312698364, 0.634925127029419, -0.6618339419364929], "cam_t_m2c": [-103.8835220336914, -98.64716339111328, 377.23419189453125], "obj_id": 1}, {"cam_R_m2c": [0.8450242877006531, -0.5347121357917786, -0.004100500606000423, -0.3564942181110382, -0.5576314330101013, -0.7496391534805298, 0.39855462312698364, 0.634925127029419, -0.6618339419364929], "cam_t_m2c": [-103.8835220336914, -98.64716339111328, 377.23419189453125], "obj_id": 2}, {"cam_R_m2c": [0.8450242877006531, -0.5347121357917786, -0.004100500606000423, -0.3564942181110382, -0.5576314330101013, -0.7496391534805298, 0.39855462312698364, 0.634925127029419, -0.6618339419364929], "cam_t_m2c": [-103.8835220336914, -98.64716339111328, 377.23419189453125], "obj_id": 0}, {"cam_R_m2c": [0.8450242877006531, -0.5347121357917786, -0.004100500606000423, -0.3564942181110382, -0.5576314330101013, -0.7496391534805298, 0.39855462312698364, 0.634925127029419, -0.6618339419364929], "cam_t_m2c": [-103.8835220336914, -98.64716339111328, 377.23419189453125], "obj_id": 2}, {"cam_R_m2c": [0.8450242877006531, -0.5347121357917786, -0.004100500606000423, -0.3564942181110382, -0.5576314330101013, -0.7496391534805298, 0.39855462312698364, 0.634925127029419, -0.6618339419364929], "cam_t_m2c": [-103.8835220336914, -98.64716339111328, 377.23419189453125], "obj_id": 1}, {"cam_R_m2c": [0.8450242877006531, -0.5347121357917786, -0.004100500606000423, -0.3564942181110382, -0.5576314330101013, -0.7496391534805298, 0.39855462312698364, 0.634925127029419, -0.6618339419364929], "cam_t_m2c": [-103.8835220336914, -98.64716339111328, 377.23419189453125], "obj_id": 1}, {"cam_R_m2c": [0.8450242877006531, -0.5347121357917786, -0.004100500606000423, -0.3564942181110382, -0.5576314330101013, -0.7496391534805298, 0.39855462312698364, 0.634925127029419, -0.6618339419364929], "cam_t_m2c": [-103.8835220336914, -98.64716339111328, 377.23419189453125], "obj_id": 1}, {"cam_R_m2c": [0.8450242877006531, -0.5347121357917786, -0.004100500606000423, -0.3564942181110382, -0.5576314330101013, -0.7496391534805298, 0.39855462312698364, 0.634925127029419, -0.6618339419364929], "cam_t_m2c": [-103.8835220336914, -98.64716339111328, 377.23419189453125], "obj_id": 0}, {"cam_R_m2c": [0.8450242877006531, -0.5347121357917786, -0.004100500606000423, -0.3564942181110382, -0.5576314330101013, -0.7496391534805298, 0.39855462312698364, 0.634925127029419, -0.6618339419364929], "cam_t_m2c": [-103.8835220336914, -98.64716339111328, 377.23419189453125], "obj_id": 3}, {"cam_R_m2c": [0.8450242877006531, -0.5347121357917786, -0.004100500606000423, -0.3564942181110382, -0.5576314330101013, -0.7496391534805298, 0.39855462312698364, 0.634925127029419, -0.6618339419364929], "cam_t_m2c": [-103.8835220336914, -98.64716339111328, 377.23419189453125], "obj_id": 1}, {"cam_R_m2c": [0.8450242877006531, -0.5347121357917786, -0.004100500606000423, -0.3564942181110382, -0.5576314330101013, -0.7496391534805298, 0.39855462312698364, 0.634925127029419, -0.6618339419364929], "cam_t_m2c": [-103.8835220336914, -98.64716339111328, 377.23419189453125], "obj_id": 2}, {"cam_R_m2c": [0.8450242877006531, -0.5347121357917786, -0.004100500606000423, -0.3564942181110382, -0.5576314330101013, -0.7496391534805298, 0.39855462312698364, 0.634925127029419, -0.6618339419364929], "cam_t_m2c": [-103.8835220336914, -98.64716339111328, 377.23419189453125], "obj_id": 3}, {"cam_R_m2c": [0.8450242877006531, -0.5347121357917786, -0.004100500606000423, -0.3564942181110382, -0.5576314330101013, -0.7496391534805298, 0.39855462312698364, 0.634925127029419, -0.6618339419364929], "cam_t_m2c": [-103.8835220336914, -98.64716339111328, 377.23419189453125], "obj_id": 0}, {"cam_R_m2c": [0.8450242877006531, -0.5347121357917786, -0.004100500606000423, -0.3564942181110382, -0.5576314330101013, -0.7496391534805298, 0.39855462312698364, 0.634925127029419, -0.6618339419364929], "cam_t_m2c": [-103.8835220336914, -98.64716339111328, 377.23419189453125], "obj_id": 1}, {"cam_R_m2c": [0.8450242877006531, -0.5347121357917786, -0.004100500606000423, -0.3564942181110382, -0.5576314330101013, -0.7496391534805298, 0.39855462312698364, 0.634925127029419, -0.6618339419364929], "cam_t_m2c": [-103.8835220336914, -98.64716339111328, 377.23419189453125], "obj_id": 1}, {"cam_R_m2c": [0.8450242877006531, -0.5347121357917786, -0.004100500606000423, -0.3564942181110382, -0.5576314330101013, -0.7496391534805298, 0.39855462312698364, 0.634925127029419, -0.6618339419364929], "cam_t_m2c": [-103.8835220336914, -98.64716339111328, 377.23419189453125], "obj_id": 0}, {"cam_R_m2c": [0.8450242877006531, -0.5347121357917786, -0.004100500606000423, -0.3564942181110382, -0.5576314330101013, -0.7496391534805298, 0.39855462312698364, 0.634925127029419, -0.6618339419364929], "cam_t_m2c": [-103.8835220336914, -98.64716339111328, 377.23419189453125], "obj_id": 0}, {"cam_R_m2c": [0.8450242877006531, -0.5347121357917786, -0.004100500606000423, -0.3564942181110382, -0.5576314330101013, -0.7496391534805298, 0.39855462312698364, 0.634925127029419, -0.6618339419364929], "cam_t_m2c": [-103.8835220336914, -98.64716339111328, 377.23419189453125], "obj_id": 3}, {"cam_R_m2c": [0.8450242877006531, -0.5347121357917786, -0.004100500606000423, -0.3564942181110382, -0.5576314330101013, -0.7496391534805298, 0.39855462312698364, 0.634925127029419, -0.6618339419364929], "cam_t_m2c": [-103.8835220336914, -98.64716339111328, 377.23419189453125], "obj_id": 3}, {"cam_R_m2c": [0.12053514271974564, 0.35934507846832275, 0.9253876805305481, -0.5074394941329956, 0.8234984278678894, -0.25368374586105347, -0.8532153367996216, -0.4390004873275757, 0.28160640597343445], "cam_t_m2c": [153.4890899658203, -357.61669921875, 679.8079833984375], "obj_id": 0}, {"cam_R_m2c": [0.7481348514556885, 0.11962518841028214, 0.6526744961738586, -0.4414084553718567, -0.6446859836578369, 0.6241299510002136, 0.49543190002441406, -0.7550294399261475, -0.4295084476470947], "cam_t_m2c": [-87.3623275756836, -117.76042938232422, 376.07598876953125], "obj_id": 3}, {"cam_R_m2c": [-0.9348669648170471, -0.35493844747543335, 0.006496309768408537, -0.23201781511306763, 0.5970534086227417, -0.7679159641265869, 0.2686842679977417, -0.7194066047668457, -0.64051753282547], "cam_t_m2c": [-72.12767028808594, -222.2034454345703, 495.1353454589844], "obj_id": 3}, {"cam_R_m2c": [-0.451822429895401, -0.8903125524520874, 0.05656873434782028, -0.3989473879337311, 0.25836309790611267, 0.8798235058784485, -0.7979332208633423, 0.3749561011791229, -0.4719220697879791], "cam_t_m2c": [30.595827102661133, -13.044561386108398, 239.1324920654297], "obj_id": 3}, {"cam_R_m2c": [-0.6847736835479736, -0.7279355525970459, -0.03456766530871391, 0.5700936913490295, -0.505536675453186, -0.6476309895515442, 0.4539583921432495, -0.46318745613098145, 0.7611696124076843], "cam_t_m2c": [-25.047739028930664, 5796.8857421875, 5318.7216796875], "obj_id": 2}]
}