{
  "0": [{"cam_R_m2c": [-0.43770986795425415, -0.7036590576171875, 0.5597087740898132, -0.7988317012786865, 0.01864980161190033, -0.6012653112411499, 0.4126473665237427, -0.7102929353713989, -0.5702683329582214], "cam_t_m2c": [-28.229263305664062, 3.256272315979004, 313.5645751953125], "obj_id": 1}, {"cam_R_m2c": [-0.43770986795425415, -0.7036590576171875, 0.5597087740898132, -0.7988317012786865, 0.01864980161190033, -0.6012653112411499, 0.4126473665237427, -0.7102929353713989, -0.5702683329582214], "cam_t_m2c": [-28.229263305664062, 3.256272315979004, 313.5645751953125], "obj_id": 2}, {"cam_R_m2c": [-0.43770986795425415, -0.7036590576171875, 0.5597087740898132, -0.7988317012786865, 0.01864980161190033, -0.6012653112411499, 0.4126473665237427, -0.7102929353713989, -0.5702683329582214], "cam_t_m2c": [-28.229263305664062, 3.256272315979004, 313.5645751953125], "obj_id": 3}, {"cam_R_m2c": [-0.43770986795425415, -0.7036590576171875, 0.5597087740898132, -0.7988317012786865, 0.01864980161190033, -0.6012653112411499, 0.4126473665237427, -0.7102929353713989, -0.5702683329582214], "cam_t_m2c": [-28.229263305664062, 3.256272315979004, 313.5645751953125], "obj_id": 0}, {"cam_R_m2c": [-0.43770986795425415, -0.7036590576171875, 0.5597087740898132, -0.7988317012786865, 0.01864980161190033, -0.6012653112411499, 0.4126473665237427, -0.7102929353713989, -0.5702683329582214], "cam_t_m2c": [-28.229263305664062, 3.256272315979004, 313.5645751953125], "obj_id": 2}, {"cam_R_m2c": [-0.43770986795425415, -0.7036590576171875, 0.5597087740898132, -0.7988317012786865, 0.01864980161190033, -0.6012653112411499, 0.4126473665237427, -0.7102929353713989, -0.5702683329582214], "cam_t_m2c": [-28.229263305664062, 3.256272315979004, 313.5645751953125], "obj_id": 3}, {"cam_R_m2c": [-0.43770986795425415, -0.7036590576171875, 0.5597087740898132, -0.7988317012786865, 0.01864980161190033, -0.6012653112411499, 0.4126473665237427, -0.7102929353713989, -0.5702683329582214], "cam_t_m2c": [-28.229263305664062, 3.256272315979004, 313.5645751953125], "obj_id": 0}, {"cam_R_m2c": [-0.43770986795425415, -0.7036590576171875, 0.5597087740898132, -0.7988317012786865, 0.01864980161190033, -0.6012653112411499, 0.4126473665237427, -0.7102929353713989, -0.5702683329582214], "cam_t_m2c": [-28.229263305664062, 3.256272315979004, 313.5645751953125], "obj_id": 1}, {"cam_R_m2c": [-0.43770986795425415, -0.7036590576171875, 0.5597087740898132, -0.7988317012786865, 0.01864980161190033, -0.6012653112411499, 0.4126473665237427, -0.7102929353713989, -0.5702683329582214], "cam_t_m2c": [-28.229263305664062, 3.256272315979004, 313.5645751953125], "obj_id": 0}, {"cam_R_m2c": [-0.43770986795425415, -0.7036590576171875, 0.5597087740898132, -0.7988317012786865, 0.01864980161190033, -0.6012653112411499, 0.4126473665237427, -0.7102929353713989, -0.5702683329582214], "cam_t_m2c": [-28.229263305664062, 3.256272315979004, 313.5645751953125], "obj_id": 3}, {"cam_R_m2c": [-0.43770986795425415, -0.7036590576171875, 0.5597087740898132, -0.7988317012786865, 0.01864980161190033, -0.6012653112411499, 0.4126473665237427, -0.7102929353713989, -0.5702683329582214], "cam_t_m2c": [-28.229263305664062, 3.256272315979004, 313.5645751953125], "obj_id": 3}, {"cam_R_m2c": [-0.43770986795425415, -0.7036590576171875, 0.5597087740898132, -0.7988317012786865, 0.01864980161190033, -0.6012653112411499, 0.4126473665237427, -0.7102929353713989, -0.5702683329582214], "cam_t_m2c": [-28.229263305664062, 3.256272315979004, 313.5645751953125], "obj_id": 2}, {"cam_R_m2c": [-0.43770986795425415, -0.7036590576171875, 0.5597087740898132, -0.7988317012786865, 0.01864980161190033, -0.6012653112411499, 0.4126473665237427, -0.7102929353713989, -0.5702683329582214], "cam_t_m2c": [-28.229263305664062, 3.256272315979004, 313.5645751953125], "obj_id": 3}, {"cam_R_m2c": [-0.43770986795425415, -0.7036590576171875, 0.5597087740898132, -0.7988317012786865, 0.01864980161190033, -0.6012653112411499, 0.4126473665237427, -0.7102929353713989, -0.5702683329582214], "cam_t_m2c": [-28.229263305664062, 3.256272315979004, 313.5645751953125], "obj_id": 0}, {"cam_R_m2c": [-0.43770986795425415, -0.7036590576171875, 0.5597087740898132, -0.7988317012786865, 0.01864980161190033, -0.6012653112411499, 0.4126473665237427, -0.7102929353713989, -0.5702683329582214], "cam_t_m2c": [-28.229263305664062, 3.256272315979004, 313.5645751953125], "obj_id": 2}, {"cam_R_m2c": [-0.43770986795425415, -0.7036590576171875, 0.5597087740898132, -0.7988317012786865, 0.01864980161190033, -0.6012653112411499, 0.4126473665237427, -0.7102929353713989, -0.5702683329582214], "cam_t_m2c": [-28.229263305664062, 3.256272315979004, 313.5645751953125], "obj_id": 0}, {"cam_R_m2c": [-0.43770986795425415, -0.7036590576171875, 0.5597087740898132, -0.7988317012786865, 0.01864980161190033, -0.6012653112411499, 0.4126473665237427, -0.7102929353713989, -0.5702683329582214], "cam_t_m2c": [-28.229263305664062, 3.256272315979004, 313.5645751953125], "obj_id": 3}, {"cam_R_m2c": [-0.43770986795425415, -0.7036590576171875, 0.5597087740898132, -0.7988317012786865, 0.01864980161190033, -0.6012653112411499, 0.4126473665237427, -0.7102929353713989, -0.5702683329582214], "cam_t_m2c": [-28.229263305664062, 3.256272315979004, 313.5645751953125], "obj_id": 3}, {"cam_R_m2c": [-0.43770986795425415, -0.7036590576171875, 0.5597087740898132, -0.7988317012786865, 0.01864980161190033, -0.6012653112411499, 0.4126473665237427, -0.7102929353713989, -0.5702683329582214], "cam_t_m2c": [-28.229263305664062, 3.256272315979004, 313.5645751953125], "obj_id": 1}, {"cam_R_m2c": [-0.43770986795425415, -0.7036590576171875, 0.5597087740898132, -0.7988317012786865, 0.01864980161190033, -0.6012653112411499, 0.4126473665237427, -0.7102929353713989, -0.5702683329582214], "cam_t_m2c": [-28.229263305664062, 3.256272315979004, 313.5645751953125], "obj_id": 2}, {"cam_R_m2c": [-0.43770986795425415, -0.7036590576171875, 0.5597087740898132, -0.7988317012786865, 0.01864980161190033, -0.6012653112411499, 0.4126473665237427, -0.7102929353713989, -0.5702683329582214], "cam_t_m2c": [-28.229263305664062, 3.256272315979004, 313.5645751953125], "obj_id": 0}, {"cam_R_m2c": [-0.43770986795425415, -0.7036590576171875, 0.5597087740898132, -0.7988317012786865, 0.01864980161190033, -0.6012653112411499, 0.4126473665237427, -0.7102929353713989, -0.5702683329582214], "cam_t_m2c": [-28.229263305664062, 3.256272315979004, 313.5645751953125], "obj_id": 2}, {"cam_R_m2c": [-0.43770986795425415, -0.7036590576171875, 0.5597087740898132, -0.7988317012786865, 0.01864980161190033, -0.6012653112411499, 0.4126473665237427, -0.7102929353713989, -0.5702683329582214], "cam_t_m2c": [-28.229263305664062, 3.256272315979004, 313.5645751953125], "obj_id": 1}, {"cam_R_m2c": [-0.43770986795425415, -0.7036590576171875, 0.5597087740898132, -0.7988317012786865, 0.01864980161190033, -0.6012653112411499, 0.4126473665237427, -0.7102929353713989, -0.5702683329582214], "cam_t_m2c": [-28.229263305664062, 3.256272315979004, 313.5645751953125], "obj_id": 2}, {"cam_R_m2c": [-0.07700537145137787, -0.2465505450963974, 0.9660657048225403, 0.5325965881347656, -0.8292862176895142, -0.1691894829273224, 0.8428587913513184, 0.501494824886322, 0.19517157971858978], "cam_t_m2c": [8.685236930847168, -122.30183410644531, 420.88995361328125], "obj_id": 1}, {"cam_R_m2c": [0.34563928842544556, -0.8175954222679138, -0.46051183342933655, 0.5037540793418884, -0.25237300992012024, 0.8261595368385315, -0.7916851043701172, -0.5175378918647766, 0.3246370553970337], "cam_t_m2c": [-97.35077667236328, -106.34455871582031, 291.4508972167969], "obj_id": 3}, {"cam_R_m2c": [-0.22421355545520782, 0.8915593028068542, 0.39351022243499756, 0.8981590867042542, 0.34575051069259644, -0.2716005742549896, -0.3782043755054474, 0.29253825545310974, -0.8782839775085449], "cam_t_m2c": [279.11285400390625, 99.08222961425781, 415.945556640625], "obj_id": 1}, {"cam_R_m2c": [-0.6739596724510193, -0.7252060770988464, 0.14090634882450104, -0.538366436958313, 0.35150986909866333, -0.7658997774124146, 0.5059051513671875, -0.5920447707176208, -0.6273301243782043], "cam_t_m2c": [-164.50718688964844, -121.82674407958984, 271.0263671875], "obj_id": 3}, {"cam_R_m2c": [-0.3454587757587433, 0.3709673583507538, -0.861998438835144, 0.9292140007019043, 0.2636622488498688, -0.25892752408981323, 0.13122273981571198, -0.8904298543930054, -0.4357924461364746], "cam_t_m2c": [-268.8407287597656, -311.01361083984375, 346.834716796875], "obj_id": 0}, {"cam_R_m2c": [0.2304660528898239, 0.7017478942871094, -0.674118161201477, 0.18032465875148773, -0.711567759513855, -0.6790834069252014, -0.956226110458374, 0.0349455364048481, -0.290534645318985], "cam_t_m2c": [-4461.31201171875, 4788.56396484375, 4900.7021484375], "obj_id": 1}, {"cam_R_m2c": [-0.3294891119003296, -0.2419639676809311, 0.912628173828125, 0.8309198617935181, -0.5333103537559509, 0.15859384834766388, 0.44834014773368835, 0.8105759024620056, 0.37677279114723206], "cam_t_m2c": [28.565105438232422, 71.32677459716797, 314.19842529296875], "obj_id": 2}, {"cam_R_m2c": [0.5538309812545776, 0.5035362243652344, 0.6631157994270325, -0.6128697395324707, 0.7856310606002808, -0.08470232039690018, -0.563615083694458, -0.35949283838272095, 0.7437089085578918], "cam_t_m2c": [109.71134948730469, 244.1310577392578, 207.56419372558594], "obj_id": 0}]
}