{
  "0": [{"cam_R_m2c": [-0.6308629512786865, -0.5643202662467957, 0.532498300075531, 0.5457744002342224, -0.810562789440155, -0.2124103605747223, 0.5514907836914062, 0.15662209689617157, 0.8193457126617432], "cam_t_m2c": [-33.394840240478516, -158.21800231933594, 461.26708984375], "obj_id": 0}, {"cam_R_m2c": [-0.15494562685489655, -0.12405461072921753, -0.9801032543182373, -0.7651324272155762, -0.6125151515007019, 0.1984885036945343, -0.6249514222145081, 0.7806636691093445, -1.1715560503944289e-05], "cam_t_m2c": [-173.77853393554688, -60.58036804199219, 266.61962890625], "obj_id": 1}, {"cam_R_m2c": [-0.28466278314590454, 0.8019303679466248, 0.5252376198768616, 0.7004759907722473, -0.2000456303358078, 0.6850656270980835, 0.654446542263031, 0.5629291534423828, -0.504787266254425], "cam_t_m2c": [107.99586486816406, -51.27070236206055, 439.0801086425781], "obj_id": 0}, {"cam_R_m2c": [-0.9132812023162842, 0.3846574127674103, -0.13400043547153473, -0.2737359404563904, -0.33597299456596375, 0.9012162685394287, 0.30163899064064026, 0.8597446084022522, 0.4121324121952057], "cam_t_m2c": [-37.14048385620117, 77.05158996582031, 279.5116271972656], "obj_id": 1}, {"cam_R_m2c": [0.7013453841209412, -0.690712571144104, 0.17615553736686707, 0.6520230174064636, 0.7214951515197754, 0.23304668068885803, -0.288063645362854, -0.04858876019716263, 0.9563778042793274], "cam_t_m2c": [149.19239807128906, 72.64400482177734, 308.1357421875], "obj_id": 3}, {"cam_R_m2c": [0.16040799021720886, -0.9791215062141418, 0.12486117333173752, -0.7886092066764832, -0.051053766161203384, 0.6127715706825256, -0.5936031937599182, -0.1967601329088211, -0.7803336977958679], "cam_t_m2c": [9.84687614440918, 94.6611099243164, 257.2953796386719], "obj_id": 0}, {"cam_R_m2c": [0.3552090525627136, -0.418560266494751, 0.8358432054519653, -0.5530480742454529, 0.6267774105072021, 0.5488970279693604, -0.7536341547966003, -0.6572346687316895, -0.00884691160172224], "cam_t_m2c": [312.8540344238281, 228.57431030273438, 349.5957336425781], "obj_id": 0}, {"cam_R_m2c": [0.2474919706583023, -0.9670792818069458, 0.05920521914958954, -0.43089205026626587, -0.16459152102470398, -0.8872663378715515, 0.8678016662597656, 0.1940802037715912, -0.45744186639785767], "cam_t_m2c": [123.14549255371094, -38.718387603759766, 499.5669860839844], "obj_id": 3}, {"cam_R_m2c": [0.6580004096031189, 0.731518566608429, -0.17865069210529327, -0.08282555639743805, 0.3061150312423706, 0.948384702205658, 0.7484486699104309, -0.6092406511306763, 0.262012243270874], "cam_t_m2c": [-131.7390899658203, -64.92228698730469, 273.9368591308594], "obj_id": 3}, {"cam_R_m2c": [0.4818524420261383, 0.018331332132220268, -0.8760605454444885, -0.8007917404174805, -0.39667731523513794, -0.4487532675266266, -0.35573968291282654, 0.9177749156951904, -0.17646029591560364], "cam_t_m2c": [-202.84217834472656, -92.46762084960938, 209.71017456054688], "obj_id": 2}, {"cam_R_m2c": [-0.5794983506202698, 0.712286114692688, -0.3960174322128296, 0.16681525111198425, -0.37196773290634155, -0.9131332635879517, -0.7977179884910583, -0.5952211618423462, 0.09673471003770828], "cam_t_m2c": [-43.17631530761719, -136.75833129882812, 515.857666015625], "obj_id": 3}, {"cam_R_m2c": [0.6812881231307983, -0.6070630550384521, -0.4090487062931061, -0.712791383266449, -0.6773786544799805, -0.18189693987369537, -0.1666579693555832, 0.41549062728881836, -0.8941993713378906], "cam_t_m2c": [-91.112060546875, -143.2913360595703, 359.2159729003906], "obj_id": 1}, {"cam_R_m2c": [-0.47291871905326843, 0.8796831369400024, 0.05005407705903053, 0.7281559705734253, 0.3582074046134949, 0.5843597650527954, 0.49612170457839966, 0.31280186772346497, -0.8099494576454163], "cam_t_m2c": [176.42552185058594, 130.6559295654297, 367.93707275390625], "obj_id": 2}, {"cam_R_m2c": [-0.7900636196136475, 0.19039985537528992, -0.5827067494392395, -0.5952874422073364, -0.4652870297431946, 0.6550883054733276, -0.14639721810817719, 0.8644395470619202, 0.48094916343688965], "cam_t_m2c": [-212.1298370361328, -110.48216247558594, 372.03546142578125], "obj_id": 1}, {"cam_R_m2c": [-0.26402562856674194, 0.7574039101600647, -0.5971848368644714, 0.563309371471405, 0.6236748695373535, 0.5419522523880005, 0.7829259037971497, -0.19331052899360657, -0.5913188457489014], "cam_t_m2c": [102.71580505371094, 110.08958435058594, 332.8038635253906], "obj_id": 1}, {"cam_R_m2c": [-0.4729205369949341, 0.316895991563797, -0.8221454620361328, 0.7281537055969238, 0.6659548282623291, -0.16216157376766205, 0.49612340331077576, -0.6753377318382263, -0.5456927418708801], "cam_t_m2c": [-171.43966674804688, -29.03485107421875, 270.7198181152344], "obj_id": 2}, {"cam_R_m2c": [-0.14655590057373047, 0.8557704091072083, 0.4961635172367096, 0.35528603196144104, 0.5136486887931824, -0.7809845209121704, -0.9231972098350525, 0.06182204559445381, -0.37932151556015015], "cam_t_m2c": [74.10105895996094, 34.69586181640625, 228.08154296875], "obj_id": 1}, {"cam_R_m2c": [0.20863336324691772, -0.8403475284576416, 0.500288188457489, -0.6884644627571106, 0.2371239811182022, 0.6854115724563599, -0.6946142315864563, -0.4874303638935089, -0.529077410697937], "cam_t_m2c": [86.77747344970703, -66.67029571533203, 527.09912109375], "obj_id": 0}, {"cam_R_m2c": [-0.4729163646697998, 0.8549270033836365, -0.21318981051445007, 0.7281593084335327, 0.5154489874839783, 0.45177024602890015, 0.49611908197402954, 0.058413416147232056, -0.8662872910499573], "cam_t_m2c": [37.97953796386719, -94.20389556884766, 525.674560546875], "obj_id": 2}, {"cam_R_m2c": [0.6118947863578796, -0.7901379466056824, 0.03559175133705139, -0.1338353306055069, -0.14778468012809753, -0.979922354221344, 0.7795337438583374, 0.5948459506034851, -0.19617705047130585], "cam_t_m2c": [172.87249755859375, 176.10946655273438, 185.18077087402344], "obj_id": 3}, {"cam_R_m2c": [0.07810629904270172, -0.7544793486595154, 0.6516596078872681, -0.44793713092803955, -0.6105197668075562, -0.6531598567962646, 0.890646755695343, -0.24088670313358307, -0.38564467430114746], "cam_t_m2c": [-182.5157928466797, -196.01284790039062, 322.0765686035156], "obj_id": 1}, {"cam_R_m2c": [0.2827596962451935, -0.760790228843689, -0.5841618776321411, -0.8250917196273804, -0.5034947991371155, 0.25635239481925964, -0.4891529083251953, 0.4095010459423065, -0.7700897455215454], "cam_t_m2c": [-172.30018615722656, 24.887609481811523, 173.1854705810547], "obj_id": 0}, {"cam_R_m2c": [-0.7012878656387329, -0.46976348757743835, 0.5362063646316528, 0.2775379419326782, 0.5129117965698242, 0.812338650226593, -0.6566336154937744, 0.7185010313987732, -0.22932153940200806], "cam_t_m2c": [20.281513214111328, -23.472333908081055, 327.49127197265625], "obj_id": 3}, {"cam_R_m2c": [-0.47535616159439087, -0.23516897857189178, -0.8477805256843567, 0.7481024861335754, 0.399079293012619, -0.5301681756973267, 0.4630107283592224, -0.8862455487251282, -0.013774224556982517], "cam_t_m2c": [-95.65594482421875, -277.0821533203125, 576.3956909179688], "obj_id": 0}, {"cam_R_m2c": [0.6485705971717834, 0.498209685087204, 0.5754504203796387, -0.4342864155769348, 0.8631015419960022, -0.25778093934059143, -0.6251011490821838, -0.08272118121385574, 0.7761480212211609], "cam_t_m2c": [52.62600326538086, 50.76192855834961, 243.0146942138672], "obj_id": 2}]
}