{
  "0": [{"cam_R_m2c": [0.13024351000785828, 0.17322607338428497, 0.9762322306632996, 0.36581090092658997, -0.9235478639602661, 0.11507309228181839, 0.9215308427810669, 0.3421288728713989, -0.18365414440631866], "cam_t_m2c": [31.275671005249023, -127.44806671142578, 349.96270751953125], "obj_id": 1}, {"cam_R_m2c": [-0.3832230269908905, -0.05000557750463486, 0.9223012924194336, -0.33874526619911194, 0.9365664124488831, -0.08997216075658798, -0.8592972755432129, -0.34690457582473755, -0.3758529722690582], "cam_t_m2c": [22.629619598388672, -234.3746795654297, 330.9710388183594], "obj_id": 1}, {"cam_R_m2c": [0.6636707186698914, 0.13753898441791534, 0.7352715134620667, -0.7015065550804138, -0.2267855405807495, 0.6756159663200378, 0.25967246294021606, -0.9641842842102051, -0.05402643233537674], "cam_t_m2c": [-22.977487564086914, -65.4831314086914, 324.7568054199219], "obj_id": 3}, {"cam_R_m2c": [-0.9957937598228455, 0.0756533071398735, 0.0516815111041069, 0.08595267683267593, 0.9667040109634399, 0.2410300225019455, -0.03172600269317627, 0.24445840716362, -0.9691404104232788], "cam_t_m2c": [36.178550720214844, -295.6163330078125, 397.72418212890625], "obj_id": 3}, {"cam_R_m2c": [-0.11092717200517654, -0.3192054033279419, 0.9411709904670715, -0.03839753568172455, 0.9476850628852844, 0.31688910722732544, -0.9930863976478577, -0.0009870089124888182, -0.11738072335720062], "cam_t_m2c": [-22.695695877075195, -169.56295776367188, 386.9404602050781], "obj_id": 0}, {"cam_R_m2c": [-0.23165388405323029, -0.9142035841941833, -0.33251792192459106, 0.41330188512802124, 0.21694013476371765, -0.8843746185302734, 0.8806349635124207, -0.3422991633415222, 0.3275870978832245], "cam_t_m2c": [-393.86480712890625, -147.7887725830078, 312.236328125], "obj_id": 0}, {"cam_R_m2c": [-0.8016085624694824, -0.49636465311050415, 0.3332351744174957, 0.5631290674209595, -0.8140695691108704, 0.14204305410385132, 0.2007714956998825, 0.3015173673629761, 0.9320826530456543], "cam_t_m2c": [-194.24905395507812, -51.79679489135742, 365.0951232910156], "obj_id": 1}, {"cam_R_m2c": [0.41306838393211365, 0.751645028591156, 0.5142025351524353, 0.8540385365486145, -0.1236635148525238, -0.5052973628044128, -0.3162161409854889, 0.6478711366653442, -0.6930152773857117], "cam_t_m2c": [-343.9591369628906, 15.500639915466309, 282.4967956542969], "obj_id": 3}, {"cam_R_m2c": [-0.1752728372812271, -0.6916972994804382, -0.7005956768989563, 0.49808162450790405, 0.5515257716178894, -0.6691293120384216, 0.849231481552124, -0.466234028339386, 0.24785423278808594], "cam_t_m2c": [-116.9306640625, -55.55602264404297, 278.0707702636719], "obj_id": 0}, {"cam_R_m2c": [0.18344098329544067, -0.9800687432289124, -0.07625459134578705, 0.981979489326477, 0.18627914786338806, -0.03188111633062363, 0.045450326055288315, -0.06903214007616043, 0.996578574180603], "cam_t_m2c": [-111.31417083740234, -247.17233276367188, 437.4645690917969], "obj_id": 1}, {"cam_R_m2c": [4.0133709262590855e-06, 0.45170924067497253, 0.8921651840209961, 0.3473518490791321, -0.8366149663925171, 0.4235822856426239, 0.937734842300415, 0.30989354848861694, -0.15690535306930542], "cam_t_m2c": [4.2927632331848145, -129.74697875976562, 374.66943359375], "obj_id": 2}, {"cam_R_m2c": [0.5670120716094971, -0.7765194177627563, 0.2747997045516968, 0.7724816799163818, 0.6170996427536011, 0.1498669981956482, -0.28595343232154846, 0.12730133533477783, 0.9497499465942383], "cam_t_m2c": [-272.6498718261719, -198.82655334472656, 340.3619079589844], "obj_id": 3}, {"cam_R_m2c": [-0.13850481808185577, -0.5465962290763855, -0.8258625268936157, 0.5269368886947632, 0.6653932929039001, -0.5287620425224304, 0.8385426998138428, -0.508413553237915, 0.1958615481853485], "cam_t_m2c": [-141.44241333007812, -44.33447265625, 273.91473388671875], "obj_id": 0}, {"cam_R_m2c": [0.9730992913246155, -0.20799966156482697, -0.09906544536352158, -0.2161189615726471, -0.6751692891120911, -0.7052935361862183, 0.07981487363576889, 0.7077305316925049, -0.7019594311714172], "cam_t_m2c": [-336.7061767578125, -357.7588195800781, 424.2371520996094], "obj_id": 3}, {"cam_R_m2c": [-0.2992280423641205, -0.861062228679657, 0.4111379086971283, -0.20155012607574463, 0.4781952500343323, 0.8548139333724976, -0.9326521754264832, 0.1729194074869156, -0.3166366219520569], "cam_t_m2c": [-68.63934326171875, 166.77008056640625, 262.3573913574219], "obj_id": 0}, {"cam_R_m2c": [-0.6076565980911255, 0.0843646228313446, -0.789706289768219, 0.3235507309436798, 0.9343829154968262, -0.14914263784885406, 0.7253056764602661, -0.3461375832557678, -0.5950801968574524], "cam_t_m2c": [-230.0413055419922, -22.796707153320312, 280.5545959472656], "obj_id": 1}, {"cam_R_m2c": [0.2240149974822998, -0.9744822978973389, -0.014191873371601105, -0.8354893922805786, -0.1995195895433426, 0.5120050311088562, -0.5017714500427246, -0.10283960402011871, -0.8588650226593018], "cam_t_m2c": [-26.85103988647461, 2832.90673828125, 7774.0751953125], "obj_id": 1}, {"cam_R_m2c": [-0.007880858145654202, -0.02267897129058838, 0.9997116327285767, -0.02037784457206726, 0.9995388388633728, 0.022514404729008675, -0.999761164188385, -0.020194534212350845, -0.008339371532201767], "cam_t_m2c": [218.35252380371094, -117.32276916503906, 367.5899963378906], "obj_id": 0}, {"cam_R_m2c": [-0.9930467009544373, 0.11092022061347961, -0.039429616183042526, 0.11043489724397659, 0.7617827653884888, -0.638350248336792, -0.04076915979385376, -0.6382661461830139, -0.7687352895736694], "cam_t_m2c": [7.523397445678711, -258.60491943359375, 401.2927551269531], "obj_id": 3}, {"cam_R_m2c": [-0.660493016242981, -0.5542693734169006, 0.5064923167228699, 0.6238252520561218, -0.7805070281028748, -0.04063032567501068, 0.41784095764160156, 0.2891266345977783, 0.8612866401672363], "cam_t_m2c": [-315.411865234375, -269.43841552734375, 443.9277648925781], "obj_id": 1}, {"cam_R_m2c": [8.973971489467658e-06, -0.16766858100891113, -0.9858433604240417, 0.3473518192768097, 0.9244602918624878, -0.1572256237268448, 0.937734842300415, -0.3424330949783325, 0.058248285204172134], "cam_t_m2c": [20.888031005859375, -72.42044830322266, 353.4405822753906], "obj_id": 2}, {"cam_R_m2c": [-0.2724168002605438, 0.7043381333351135, 0.655512809753418, 0.067330501973629, -0.6656546592712402, 0.7432164549827576, 0.9598207473754883, 0.24660058319568634, 0.13391195237636566], "cam_t_m2c": [-21.049524307250977, -139.0186767578125, 380.72149658203125], "obj_id": 1}, {"cam_R_m2c": [-0.4373011887073517, -0.898813009262085, 0.030042652040719986, -0.8433811664581299, 0.39827659726142883, -0.36067140102386475, 0.31221091747283936, -0.1830594837665558, -0.932208776473999], "cam_t_m2c": [-27.25295066833496, -205.6239471435547, 377.2856750488281], "obj_id": 3}, {"cam_R_m2c": [0.008971268311142921, -0.17925526201725006, -0.9837616682052612, -0.6073272824287415, -0.7825409173965454, 0.13705158233642578, -0.7944010496139526, 0.5962358117103577, -0.11588696390390396], "cam_t_m2c": [-176.0809326171875, -246.4354248046875, 333.11553955078125], "obj_id": 2}, {"cam_R_m2c": [0.6001729369163513, -0.38046690821647644, 0.7035889029502869, 0.7869763374328613, 0.43818074464797974, -0.43435677886009216, -0.143040731549263, 0.8143970370292664, 0.5624027252197266], "cam_t_m2c": [-95.46469116210938, -40.68510055541992, 256.90234375], "obj_id": 3}, {"cam_R_m2c": [0.037392131984233856, 0.974119246006012, 0.22292034327983856, -0.8796088695526123, -0.07377849519252777, 0.4699414372444153, 0.4742257595062256, -0.21365481615066528, 0.8540852069854736], "cam_t_m2c": [-25.22972869873047, 16.081274032592773, 235.8751678466797], "obj_id": 3}, {"cam_R_m2c": [0.2565661668777466, 0.7421703934669495, -0.619158148765564, 0.05445782095193863, 0.628483235836029, 0.7759143710136414, 0.9649912118911743, -0.23279136419296265, 0.12083058059215546], "cam_t_m2c": [-147.6461639404297, 110.0106201171875, 288.4321594238281], "obj_id": 1}, {"cam_R_m2c": [0.30534031987190247, -0.1770956665277481, -0.9356303811073303, 0.8929490447044373, -0.2880486845970154, 0.3459329903125763, -0.3307705223560333, -0.941097617149353, 0.07018467783927917], "cam_t_m2c": [-285.71295166015625, -183.06549072265625, 368.2724609375], "obj_id": 3}, {"cam_R_m2c": [0.08076227456331253, 0.05720125883817673, -0.995090663433075, -0.5968389511108398, -0.7968069911003113, -0.09424307942390442, -0.7982860803604126, 0.6015201807022095, -0.0302119180560112], "cam_t_m2c": [-292.5800476074219, -42.19581985473633, 257.4619445800781], "obj_id": 2}, {"cam_R_m2c": [0.6503462791442871, -0.7083740234375, -0.27432820200920105, 0.747040331363678, 0.6618959903717041, 0.06184203550219536, 0.1377694308757782, -0.24515298008918762, 0.9596455693244934], "cam_t_m2c": [-204.6413116455078, 29.473962783813477, 334.9989929199219], "obj_id": 1}, {"cam_R_m2c": [9.039331416715868e-06, 0.14130549132823944, -0.9899660348892212, 0.3473517894744873, 0.9283252358436584, 0.1325102001428604, 0.9377349019050598, -0.343867689371109, -0.04907432571053505], "cam_t_m2c": [-27.194080352783203, -16.40678596496582, 332.6921691894531], "obj_id": 2}, {"cam_R_m2c": [-0.7917577624320984, -0.25852471590042114, -0.5534295439720154, 0.36677485704421997, 0.5233038067817688, -0.7691743969917297, 0.48846235871315, -0.8119840025901794, -0.3195094168186188], "cam_t_m2c": [-234.96685791015625, 2501.643310546875, 7765.09521484375], "obj_id": 2}, {"cam_R_m2c": [0.2574842572212219, -0.9444341659545898, -0.20431789755821228, -0.37298402190208435, -0.29220134019851685, 0.8806254267692566, -0.8913947939872742, -0.1505398154258728, -0.427496075630188], "cam_t_m2c": [-172.94602966308594, 2695.076416015625, 8166.52587890625], "obj_id": 2}],
  "1": [{"cam_R_m2c": [0.11877023428678513, -0.4400181770324707, 0.8900997638702393, 0.2320019155740738, -0.8593326807022095, -0.45576566457748413, 0.9654370546340942, 0.26063624024391174, 2.198722359025851e-05], "cam_t_m2c": [-63.534996032714844, -123.1183853149414, 360.0473327636719], "obj_id": 1}, {"cam_R_m2c": [-0.32100948691368103, 0.5477702021598816, 0.7725933194160461, -0.06685342639684677, 0.8006261587142944, -0.5954228043556213, -0.944713294506073, -0.2427869737148285, -0.220388263463974], "cam_t_m2c": [-125.68807983398438, -206.63963317871094, 327.9546813964844], "obj_id": 1}, {"cam_R_m2c": [0.09584487974643707, 0.18315143883228302, 0.9784013032913208, -0.9526045918464661, -0.26822367310523987, 0.14352773129940033, 0.2887178659439087, -0.9457860589027405, 0.14876320958137512], "cam_t_m2c": [-68.00544738769531, -41.444210052490234, 333.07061767578125], "obj_id": 3}, {"cam_R_m2c": [-0.7508336901664734, 0.5449991226196289, 0.37312808632850647, 0.6320956349372864, 0.7567716240882874, 0.16658854484558105, -0.19158214330673218, 0.36093294620513916, -0.9127012491226196], "cam_t_m2c": [-162.2139892578125, -264.631103515625, 388.7242736816406], "obj_id": 3}, {"cam_R_m2c": [0.0922933891415596, 0.265583872795105, 0.9596599340438843, 0.027323929592967033, 0.9627349972724915, -0.26906272768974304, -0.9953569173812866, 0.051054392009973526, 0.08159727603197098], "cam_t_m2c": [-137.97645568847656, -127.36143493652344, 382.2822570800781], "obj_id": 0}, {"cam_R_m2c": [-0.13911905884742737, -0.5490232706069946, -0.8241475820541382, 0.4750455617904663, 0.6932303309440613, -0.5419993996620178, 0.8688943982124329, -0.46691012382507324, 0.16436953842639923], "cam_t_m2c": [-410.645263671875, 99.54573822021484, 248.169677734375], "obj_id": 0}, {"cam_R_m2c": [-0.3779337406158447, -0.9124079346656799, 0.15709137916564941, 0.9176458716392517, -0.39167463779449463, -0.06720732152462006, 0.1228492259979248, 0.11875434964895248, 0.9852946400642395], "cam_t_m2c": [-207.118896484375, 66.52699279785156, 344.8223876953125], "obj_id": 1}, {"cam_R_m2c": [0.8701683878898621, 0.4066484570503235, 0.27828752994537354, 0.4715837240219116, -0.5234957933425903, -0.7096201777458191, -0.14288358390331268, 0.7487249374389648, -0.647298276424408], "cam_t_m2c": [-274.0514831542969, 206.20252990722656, 245.95223999023438], "obj_id": 3}, {"cam_R_m2c": [-0.040308479219675064, -0.15906789898872375, -0.9864442944526672, 0.513193666934967, 0.8437846899032593, -0.15703386068344116, 0.8573256731033325, -0.5125668048858643, 0.047620989382267], "cam_t_m2c": [-128.90501403808594, 19.542552947998047, 272.4307861328125], "obj_id": 0}, {"cam_R_m2c": [0.6812579035758972, -0.6750876903533936, -0.2830977141857147, 0.7079473733901978, 0.7059783935546875, 0.02012522891163826, 0.18627458810806274, -0.2141287475824356, 0.9588798880577087], "cam_t_m2c": [-262.7923583984375, -141.35133361816406, 407.86370849609375], "obj_id": 1}, {"cam_R_m2c": [2.939632622656063e-06, -0.16034772992134094, 0.9870604872703552, 0.290210098028183, -0.9445800185203552, -0.15344764292240143, 0.9569628238677979, 0.286455363035202, 0.046532001346349716], "cam_t_m2c": [-91.66600036621094, -109.7240982055664, 379.3611755371094], "obj_id": 2}, {"cam_R_m2c": [0.9433536529541016, -0.3128224015235901, 0.11057113111019135, 0.31756001710891724, 0.9478320479393005, -0.027749724686145782, -0.0961221233010292, 0.06129078194499016, 0.9934807419776917], "cam_t_m2c": [-346.61968994140625, -10.829745292663574, 290.6777648925781], "obj_id": 3}, {"cam_R_m2c": [0.007528758607804775, 0.029713254421949387, -0.9995301961898804, 0.5162709951400757, 0.8559228181838989, 0.029332969337701797, 0.8563923239707947, -0.5162492394447327, -0.00889606773853302], "cam_t_m2c": [-141.6678924560547, 42.611873626708984, 265.4352722167969], "obj_id": 0}, {"cam_R_m2c": [0.6507702469825745, -0.6857423782348633, -0.32596853375434875, -0.7266622185707092, -0.43802961707115173, -0.5292373299598694, 0.2201365977525711, 0.5812809467315674, -0.783359706401825], "cam_t_m2c": [-503.3177795410156, -105.72300720214844, 343.957275390625], "obj_id": 3}, {"cam_R_m2c": [-0.16235363483428955, -0.46719107031822205, 0.869122326374054, -0.0011163849849253893, 0.8808948397636414, 0.4733107388019562, -0.9867319464683533, 0.0758734866976738, -0.14353804290294647], "cam_t_m2c": [36.117950439453125, 175.92588806152344, 290.3061218261719], "obj_id": 0}, {"cam_R_m2c": [-0.4607914388179779, 0.6550042629241943, -0.5988660454750061, 0.6122685074806213, 0.7230973839759827, 0.3197772204875946, 0.6424939036369324, -0.21931619942188263, -0.7342355251312256], "cam_t_m2c": [-202.73666381835938, 110.35867309570312, 259.21417236328125], "obj_id": 1}, {"cam_R_m2c": [-0.1777099370956421, -0.8767152428627014, 0.4469781517982483, -0.8181664943695068, 0.3840198218822479, 0.42793965339660645, -0.5468297004699707, -0.2896534204483032, -0.7855432033538818], "cam_t_m2c": [5.6502227783203125, 2381.030029296875, 7950.10546875], "obj_id": 1}, {"cam_R_m2c": [0.1868913471698761, 0.5377992987632751, 0.8220970034599304, -0.015888560563325882, 0.8383870124816895, -0.5448437929153442, -0.9822520017623901, 0.08876461535692215, 0.16523213684558868], "cam_t_m2c": [89.64453887939453, -220.12454223632812, 410.4141845703125], "obj_id": 0}, {"cam_R_m2c": [-0.7332432270050049, 0.6409062743186951, -0.2271418571472168, 0.6507395505905151, 0.5645319223403931, -0.5077811479568481, -0.19721128046512604, -0.5201373100280762, -0.8310022950172424], "cam_t_m2c": [-165.66319274902344, -217.895751953125, 391.48211669921875], "obj_id": 3}, {"cam_R_m2c": [-0.27477023005485535, -0.9381362795829773, 0.21071673929691315, 0.8890143632888794, -0.3313596844673157, -0.31599709391593933, 0.36627140641212463, 0.1005036011338234, 0.9250644445419312], "cam_t_m2c": [-441.36077880859375, -44.69735336303711, 376.8033447265625], "obj_id": 1}, {"cam_R_m2c": [7.1953922997636255e-06, 0.4450758397579193, -0.8954928517341614, 0.29020723700523376, 0.8569533824920654, 0.42592334747314453, 0.9569637775421143, -0.25988155603408813, -0.12915806472301483], "cam_t_m2c": [-42.25254440307617, -71.79602813720703, 367.8646240234375], "obj_id": 2}, {"cam_R_m2c": [-0.37932491302490234, 0.1511850506067276, 0.9128283262252808, 0.21250326931476593, -0.9459537267684937, 0.2449769228696823, 0.9005302786827087, 0.28690487146377563, 0.3266966640949249], "cam_t_m2c": [-118.50572204589844, -103.07959747314453, 379.9112243652344], "obj_id": 1}, {"cam_R_m2c": [-0.8830483555793762, -0.46901604533195496, 0.015794210135936737, -0.44913703203201294, 0.8349078297615051, -0.3181270360946655, 0.1360199749469757, -0.28801533579826355, -0.9479164481163025], "cam_t_m2c": [-159.5993194580078, -154.6152801513672, 367.9974365234375], "obj_id": 3}, {"cam_R_m2c": [-0.16564197838306427, -0.6989998817443848, -0.6956736445426941, -0.5095215439796448, -0.5433144569396973, 0.6672309041023254, -0.8443639278411865, 0.46498218178749084, -0.2661597728729248], "cam_t_m2c": [-293.38330078125, -104.60663604736328, 294.73541259765625], "obj_id": 2}, {"cam_R_m2c": [0.9489240050315857, -0.23209919035434723, 0.21371281147003174, 0.311344712972641, 0.5792325139045715, -0.7533618807792664, 0.051065269857645035, 0.7814215421676636, 0.6219105124473572], "cam_t_m2c": [-99.0136489868164, 19.65505599975586, 257.05133056640625], "obj_id": 3}, {"cam_R_m2c": [-0.5525546073913574, 0.7902354598045349, 0.26497378945350647, -0.7460219264030457, -0.61068195104599, 0.26555338501930237, 0.37166446447372437, -0.050943490117788315, 0.9269683361053467], "cam_t_m2c": [-6.599710464477539, 26.891109466552734, 254.8568878173828], "obj_id": 3}, {"cam_R_m2c": [0.040027402341365814, 0.9945165514945984, -0.09661495685577393, -0.09623385220766068, 0.10008002817630768, 0.9903145432472229, 0.9945535063743591, -0.030342021957039833, 0.09971217066049576], "cam_t_m2c": [-64.41405487060547, 173.6568145751953, 295.9429626464844], "obj_id": 1}, {"cam_R_m2c": [0.8075692057609558, -0.10968892276287079, -0.5794828534126282, 0.5643882155418396, -0.1414298713207245, 0.8133042454719543, -0.1711665838956833, -0.9838526844978333, -0.05230730026960373], "cam_t_m2c": [-354.1825256347656, 9.649433135986328, 317.5377502441406], "obj_id": 3}, {"cam_R_m2c": [-0.10103431344032288, -0.5168573260307312, -0.8500885367393494, -0.5413307547569275, -0.6883416771888733, 0.48285260796546936, -0.834717333316803, 0.5089637637138367, -0.21024462580680847], "cam_t_m2c": [-259.2691345214844, 129.49839782714844, 223.73973083496094], "obj_id": 2}, {"cam_R_m2c": [0.909975528717041, -0.156818687915802, -0.3838650584220886, 0.25106096267700195, 0.9451286196708679, 0.20904609560966492, 0.3300195336341858, -0.28660038113594055, 0.8994150161743164], "cam_t_m2c": [-164.4793701171875, 139.41285705566406, 322.7264709472656], "obj_id": 1}, {"cam_R_m2c": [7.019071290415013e-06, 0.6972136497497559, -0.7168632745742798, 0.29020726680755615, 0.6860108971595764, 0.6672096848487854, 0.9569637179374695, -0.20804356038570404, -0.20233163237571716], "cam_t_m2c": [-45.93403244018555, 1.499775767326355, 345.6365661621094], "obj_id": 2}, {"cam_R_m2c": [-0.5372605323791504, 0.2461601197719574, -0.8066946864128113, 0.7509007453918457, 0.5751370787620544, -0.324600487947464, 0.38405632972717285, -0.7801426649093628, -0.4938402473926544], "cam_t_m2c": [-343.6508483886719, 2224.64501953125, 7868.49267578125], "obj_id": 2}, {"cam_R_m2c": [0.18446151912212372, -0.8938566446304321, 0.40864914655685425, -0.4563356637954712, 0.2903582751750946, 0.84110027551651, -0.8704777359962463, -0.34163177013397217, -0.35433870553970337], "cam_t_m2c": [-268.8204040527344, 2350.88232421875, 8293.7861328125], "obj_id": 2}]
}