{
  "0": [{"cam_R_m2c": [-0.8497655391693115, 0.5079179406166077, 0.1411309689283371, 0.21913793683052063, 0.5838400721549988, -0.781734824180603, -0.47945502400398254, -0.6333641409873962, -0.6074312925338745], "cam_t_m2c": [271.36175537109375, 10.363525390625, 1019.1004028320312], "obj_id": 0}, {"cam_R_m2c": [-0.8497655391693115, 0.5079179406166077, 0.1411309689283371, 0.21913793683052063, 0.5838400721549988, -0.781734824180603, -0.47945502400398254, -0.6333641409873962, -0.6074312925338745], "cam_t_m2c": [271.36175537109375, 10.363525390625, 1019.1004028320312], "obj_id": 1}, {"cam_R_m2c": [-0.8497655391693115, 0.5079179406166077, 0.1411309689283371, 0.21913793683052063, 0.5838400721549988, -0.781734824180603, -0.47945502400398254, -0.6333641409873962, -0.6074312925338745], "cam_t_m2c": [271.36175537109375, 10.363525390625, 1019.1004028320312], "obj_id": 0}, {"cam_R_m2c": [-0.8497655391693115, 0.5079179406166077, 0.1411309689283371, 0.21913793683052063, 0.5838400721549988, -0.781734824180603, -0.47945502400398254, -0.6333641409873962, -0.6074312925338745], "cam_t_m2c": [271.36175537109375, 10.363525390625, 1019.1004028320312], "obj_id": 3}, {"cam_R_m2c": [-0.8497655391693115, 0.5079179406166077, 0.1411309689283371, 0.21913793683052063, 0.5838400721549988, -0.781734824180603, -0.47945502400398254, -0.6333641409873962, -0.6074312925338745], "cam_t_m2c": [271.36175537109375, 10.363525390625, 1019.1004028320312], "obj_id": 3}, {"cam_R_m2c": [-0.8497655391693115, 0.5079179406166077, 0.1411309689283371, 0.21913793683052063, 0.5838400721549988, -0.781734824180603, -0.47945502400398254, -0.6333641409873962, -0.6074312925338745], "cam_t_m2c": [271.36175537109375, 10.363525390625, 1019.1004028320312], "obj_id": 2}, {"cam_R_m2c": [-0.8497655391693115, 0.5079179406166077, 0.1411309689283371, 0.21913793683052063, 0.5838400721549988, -0.781734824180603, -0.47945502400398254, -0.6333641409873962, -0.6074312925338745], "cam_t_m2c": [271.36175537109375, 10.363525390625, 1019.1004028320312], "obj_id": 2}, {"cam_R_m2c": [-0.8497655391693115, 0.5079179406166077, 0.1411309689283371, 0.21913793683052063, 0.5838400721549988, -0.781734824180603, -0.47945502400398254, -0.6333641409873962, -0.6074312925338745], "cam_t_m2c": [271.36175537109375, 10.363525390625, 1019.1004028320312], "obj_id": 0}, {"cam_R_m2c": [-0.8497655391693115, 0.5079179406166077, 0.1411309689283371, 0.21913793683052063, 0.5838400721549988, -0.781734824180603, -0.47945502400398254, -0.6333641409873962, -0.6074312925338745], "cam_t_m2c": [271.36175537109375, 10.363525390625, 1019.1004028320312], "obj_id": 3}, {"cam_R_m2c": [-0.8497655391693115, 0.5079179406166077, 0.1411309689283371, 0.21913793683052063, 0.5838400721549988, -0.781734824180603, -0.47945502400398254, -0.6333641409873962, -0.6074312925338745], "cam_t_m2c": [271.36175537109375, 10.363525390625, 1019.1004028320312], "obj_id": 1}, {"cam_R_m2c": [-0.8497655391693115, 0.5079179406166077, 0.1411309689283371, 0.21913793683052063, 0.5838400721549988, -0.781734824180603, -0.47945502400398254, -0.6333641409873962, -0.6074312925338745], "cam_t_m2c": [271.36175537109375, 10.363525390625, 1019.1004028320312], "obj_id": 1}, {"cam_R_m2c": [-0.8497655391693115, 0.5079179406166077, 0.1411309689283371, 0.21913793683052063, 0.5838400721549988, -0.781734824180603, -0.47945502400398254, -0.6333641409873962, -0.6074312925338745], "cam_t_m2c": [271.36175537109375, 10.363525390625, 1019.1004028320312], "obj_id": 0}, {"cam_R_m2c": [-0.038941819220781326, -0.41989538073539734, 0.9067367911338806, -0.5870222449302673, 0.7439446449279785, 0.31929805874824524, -0.8086337447166443, -0.5198405981063843, -0.2754584848880768], "cam_t_m2c": [154.9777374267578, 306.1259765625, 656.1655883789062], "obj_id": 2}, {"cam_R_m2c": [0.6447250843048096, 0.7568669319152832, -0.10715437680482864, 0.5381964445114136, -0.5489913821220398, -0.6394944190979004, -0.542838990688324, 0.3546279966831207, -0.7612916231155396], "cam_t_m2c": [455.05389404296875, 20.730886459350586, 1061.347900390625], "obj_id": 3}, {"cam_R_m2c": [0.07379631698131561, -0.08001885563135147, 0.9940578937530518, -0.5471161007881165, 0.8301329016685486, 0.10743988305330276, -0.8337973952293396, -0.5517937541007996, 0.017481142655014992], "cam_t_m2c": [434.44970703125, 161.3111572265625, 907.468017578125], "obj_id": 4}],
  "1": [{"cam_R_m2c": [-0.14989061653614044, 0.9866644740104675, -0.0634499043226242, 0.6905957460403442, 0.058555904775857925, -0.7208665609359741, -0.7075381278991699, -0.15186943113803864, -0.6901631951332092], "cam_t_m2c": [255.6468505859375, 81.05952453613281, 574.4718017578125], "obj_id": 2}, {"cam_R_m2c": [-0.14989061653614044, 0.9866644740104675, -0.0634499043226242, 0.6905957460403442, 0.058555904775857925, -0.7208665609359741, -0.7075381278991699, -0.15186943113803864, -0.6901631951332092], "cam_t_m2c": [255.6468505859375, 81.05952453613281, 574.4718017578125], "obj_id": 1}, {"cam_R_m2c": [-0.14989061653614044, 0.9866644740104675, -0.0634499043226242, 0.6905957460403442, 0.058555904775857925, -0.7208665609359741, -0.7075381278991699, -0.15186943113803864, -0.6901631951332092], "cam_t_m2c": [255.6468505859375, 81.05952453613281, 574.4718017578125], "obj_id": 1}, {"cam_R_m2c": [-0.14989061653614044, 0.9866644740104675, -0.0634499043226242, 0.6905957460403442, 0.058555904775857925, -0.7208665609359741, -0.7075381278991699, -0.15186943113803864, -0.6901631951332092], "cam_t_m2c": [255.6468505859375, 81.05952453613281, 574.4718017578125], "obj_id": 2}, {"cam_R_m2c": [-0.14989061653614044, 0.9866644740104675, -0.0634499043226242, 0.6905957460403442, 0.058555904775857925, -0.7208665609359741, -0.7075381278991699, -0.15186943113803864, -0.6901631951332092], "cam_t_m2c": [255.6468505859375, 81.05952453613281, 574.4718017578125], "obj_id": 0}, {"cam_R_m2c": [-0.14989061653614044, 0.9866644740104675, -0.0634499043226242, 0.6905957460403442, 0.058555904775857925, -0.7208665609359741, -0.7075381278991699, -0.15186943113803864, -0.6901631951332092], "cam_t_m2c": [255.6468505859375, 81.05952453613281, 574.4718017578125], "obj_id": 0}, {"cam_R_m2c": [-0.14989061653614044, 0.9866644740104675, -0.0634499043226242, 0.6905957460403442, 0.058555904775857925, -0.7208665609359741, -0.7075381278991699, -0.15186943113803864, -0.6901631951332092], "cam_t_m2c": [255.6468505859375, 81.05952453613281, 574.4718017578125], "obj_id": 0}, {"cam_R_m2c": [-0.14989061653614044, 0.9866644740104675, -0.0634499043226242, 0.6905957460403442, 0.058555904775857925, -0.7208665609359741, -0.7075381278991699, -0.15186943113803864, -0.6901631951332092], "cam_t_m2c": [255.6468505859375, 81.05952453613281, 574.4718017578125], "obj_id": 2}, {"cam_R_m2c": [-0.14989061653614044, 0.9866644740104675, -0.0634499043226242, 0.6905957460403442, 0.058555904775857925, -0.7208665609359741, -0.7075381278991699, -0.15186943113803864, -0.6901631951332092], "cam_t_m2c": [255.6468505859375, 81.05952453613281, 574.4718017578125], "obj_id": 1}, {"cam_R_m2c": [-0.14989061653614044, 0.9866644740104675, -0.0634499043226242, 0.6905957460403442, 0.058555904775857925, -0.7208665609359741, -0.7075381278991699, -0.15186943113803864, -0.6901631951332092], "cam_t_m2c": [255.6468505859375, 81.05952453613281, 574.4718017578125], "obj_id": 0}, {"cam_R_m2c": [-0.14989061653614044, 0.9866644740104675, -0.0634499043226242, 0.6905957460403442, 0.058555904775857925, -0.7208665609359741, -0.7075381278991699, -0.15186943113803864, -0.6901631951332092], "cam_t_m2c": [255.6468505859375, 81.05952453613281, 574.4718017578125], "obj_id": 0}, {"cam_R_m2c": [-0.14989061653614044, 0.9866644740104675, -0.0634499043226242, 0.6905957460403442, 0.058555904775857925, -0.7208665609359741, -0.7075381278991699, -0.15186943113803864, -0.6901631951332092], "cam_t_m2c": [255.6468505859375, 81.05952453613281, 574.4718017578125], "obj_id": 1}, {"cam_R_m2c": [0.9062836766242981, 0.3156489431858063, -0.28109726309776306, -0.2833046615123749, 0.9471921920776367, 0.15021786093711853, 0.31366923451423645, -0.05650382488965988, 0.9478496313095093], "cam_t_m2c": [307.0926818847656, -76.6596450805664, 692.2734375], "obj_id": 1}, {"cam_R_m2c": [-0.9908329844474792, 0.06537741422653198, -0.11821819841861725, 0.07922742515802383, 0.9900220036506653, -0.11653092503547668, 0.10942012816667557, -0.12482882291078568, -0.986126184463501], "cam_t_m2c": [29.7685489654541, -12.387167930603027, 678.6868286132812], "obj_id": 2}, {"cam_R_m2c": [0.5660775899887085, -0.10698646306991577, -0.8173800110816956, 0.5940957069396973, -0.6344560384750366, 0.49448540806770325, -0.5714949369430542, -0.7655190825462341, -0.2955911457538605], "cam_t_m2c": [49.57618713378906, -76.4029312133789, 768.5328979492188], "obj_id": 3}, {"cam_R_m2c": [-0.013429713435471058, -0.17550189793109894, 0.9843873977661133, 0.4780134856700897, -0.8658208250999451, -0.14784178137779236, 0.8782497644424438, 0.4685650169849396, 0.09552013128995895], "cam_t_m2c": [64.53821563720703, 169.3196258544922, 448.68670654296875], "obj_id": 4}],
  "2": [{"cam_R_m2c": [-0.14989061653614044, 0.9866644740104675, -0.0634499043226242, 0.6905957460403442, 0.058555904775857925, -0.7208665609359741, -0.7075381278991699, -0.15186943113803864, -0.6901631951332092], "cam_t_m2c": [255.6468505859375, 81.05952453613281, 574.4718017578125], "obj_id": 2}, {"cam_R_m2c": [-0.14989061653614044, 0.9866644740104675, -0.0634499043226242, 0.6905957460403442, 0.058555904775857925, -0.7208665609359741, -0.7075381278991699, -0.15186943113803864, -0.6901631951332092], "cam_t_m2c": [255.6468505859375, 81.05952453613281, 574.4718017578125], "obj_id": 1}, {"cam_R_m2c": [-0.14989061653614044, 0.9866644740104675, -0.0634499043226242, 0.6905957460403442, 0.058555904775857925, -0.7208665609359741, -0.7075381278991699, -0.15186943113803864, -0.6901631951332092], "cam_t_m2c": [255.6468505859375, 81.05952453613281, 574.4718017578125], "obj_id": 1}, {"cam_R_m2c": [-0.14989061653614044, 0.9866644740104675, -0.0634499043226242, 0.6905957460403442, 0.058555904775857925, -0.7208665609359741, -0.7075381278991699, -0.15186943113803864, -0.6901631951332092], "cam_t_m2c": [255.6468505859375, 81.05952453613281, 574.4718017578125], "obj_id": 2}, {"cam_R_m2c": [-0.14989061653614044, 0.9866644740104675, -0.0634499043226242, 0.6905957460403442, 0.058555904775857925, -0.7208665609359741, -0.7075381278991699, -0.15186943113803864, -0.6901631951332092], "cam_t_m2c": [255.6468505859375, 81.05952453613281, 574.4718017578125], "obj_id": 0}, {"cam_R_m2c": [-0.14989061653614044, 0.9866644740104675, -0.0634499043226242, 0.6905957460403442, 0.058555904775857925, -0.7208665609359741, -0.7075381278991699, -0.15186943113803864, -0.6901631951332092], "cam_t_m2c": [255.6468505859375, 81.05952453613281, 574.4718017578125], "obj_id": 0}, {"cam_R_m2c": [-0.14989061653614044, 0.9866644740104675, -0.0634499043226242, 0.6905957460403442, 0.058555904775857925, -0.7208665609359741, -0.7075381278991699, -0.15186943113803864, -0.6901631951332092], "cam_t_m2c": [255.6468505859375, 81.05952453613281, 574.4718017578125], "obj_id": 0}, {"cam_R_m2c": [-0.14989061653614044, 0.9866644740104675, -0.0634499043226242, 0.6905957460403442, 0.058555904775857925, -0.7208665609359741, -0.7075381278991699, -0.15186943113803864, -0.6901631951332092], "cam_t_m2c": [255.6468505859375, 81.05952453613281, 574.4718017578125], "obj_id": 2}, {"cam_R_m2c": [-0.14989061653614044, 0.9866644740104675, -0.0634499043226242, 0.6905957460403442, 0.058555904775857925, -0.7208665609359741, -0.7075381278991699, -0.15186943113803864, -0.6901631951332092], "cam_t_m2c": [255.6468505859375, 81.05952453613281, 574.4718017578125], "obj_id": 1}, {"cam_R_m2c": [-0.14989061653614044, 0.9866644740104675, -0.0634499043226242, 0.6905957460403442, 0.058555904775857925, -0.7208665609359741, -0.7075381278991699, -0.15186943113803864, -0.6901631951332092], "cam_t_m2c": [255.6468505859375, 81.05952453613281, 574.4718017578125], "obj_id": 0}, {"cam_R_m2c": [-0.14989061653614044, 0.9866644740104675, -0.0634499043226242, 0.6905957460403442, 0.058555904775857925, -0.7208665609359741, -0.7075381278991699, -0.15186943113803864, -0.6901631951332092], "cam_t_m2c": [255.6468505859375, 81.05952453613281, 574.4718017578125], "obj_id": 0}, {"cam_R_m2c": [-0.14989061653614044, 0.9866644740104675, -0.0634499043226242, 0.6905957460403442, 0.058555904775857925, -0.7208665609359741, -0.7075381278991699, -0.15186943113803864, -0.6901631951332092], "cam_t_m2c": [255.6468505859375, 81.05952453613281, 574.4718017578125], "obj_id": 1}, {"cam_R_m2c": [0.9062836766242981, 0.3156489431858063, -0.28109726309776306, -0.2833046615123749, 0.9471921920776367, 0.15021786093711853, 0.31366923451423645, -0.05650382488965988, 0.9478496313095093], "cam_t_m2c": [307.0926818847656, -76.6596450805664, 692.2734375], "obj_id": 1}, {"cam_R_m2c": [-0.9908329844474792, 0.06537741422653198, -0.11821819841861725, 0.07922742515802383, 0.9900220036506653, -0.11653092503547668, 0.10942012816667557, -0.12482882291078568, -0.986126184463501], "cam_t_m2c": [29.7685489654541, -12.387167930603027, 678.6868286132812], "obj_id": 2}, {"cam_R_m2c": [0.5660775899887085, -0.10698646306991577, -0.8173800110816956, 0.5940957069396973, -0.6344560384750366, 0.49448540806770325, -0.5714949369430542, -0.7655190825462341, -0.2955911457538605], "cam_t_m2c": [49.57618713378906, -76.4029312133789, 768.5328979492188], "obj_id": 3}, {"cam_R_m2c": [-0.013429713435471058, -0.17550189793109894, 0.9843873977661133, 0.4780134856700897, -0.8658208250999451, -0.14784178137779236, 0.8782497644424438, 0.4685650169849396, 0.09552013128995895], "cam_t_m2c": [64.53821563720703, 169.3196258544922, 448.68670654296875], "obj_id": 4}],
  "3": [{"cam_R_m2c": [0.879416823387146, 0.4719805121421814, -0.06213242560625076, 0.27411001920700073, -0.6087437272071838, -0.744509756565094, -0.389216810464859, 0.6377032995223999, -0.6647140383720398], "cam_t_m2c": [201.5917205810547, -135.22154235839844, 785.1993408203125], "obj_id": 2}, {"cam_R_m2c": [0.879416823387146, 0.4719805121421814, -0.06213242560625076, 0.27411001920700073, -0.6087437272071838, -0.744509756565094, -0.389216810464859, 0.6377032995223999, -0.6647140383720398], "cam_t_m2c": [201.5917205810547, -135.22154235839844, 785.1993408203125], "obj_id": 1}, {"cam_R_m2c": [0.879416823387146, 0.4719805121421814, -0.06213242560625076, 0.27411001920700073, -0.6087437272071838, -0.744509756565094, -0.389216810464859, 0.6377032995223999, -0.6647140383720398], "cam_t_m2c": [201.5917205810547, -135.22154235839844, 785.1993408203125], "obj_id": 1}, {"cam_R_m2c": [0.879416823387146, 0.4719805121421814, -0.06213242560625076, 0.27411001920700073, -0.6087437272071838, -0.744509756565094, -0.389216810464859, 0.6377032995223999, -0.6647140383720398], "cam_t_m2c": [201.5917205810547, -135.22154235839844, 785.1993408203125], "obj_id": 2}, {"cam_R_m2c": [0.879416823387146, 0.4719805121421814, -0.06213242560625076, 0.27411001920700073, -0.6087437272071838, -0.744509756565094, -0.389216810464859, 0.6377032995223999, -0.6647140383720398], "cam_t_m2c": [201.5917205810547, -135.22154235839844, 785.1993408203125], "obj_id": 0}, {"cam_R_m2c": [0.879416823387146, 0.4719805121421814, -0.06213242560625076, 0.27411001920700073, -0.6087437272071838, -0.744509756565094, -0.389216810464859, 0.6377032995223999, -0.6647140383720398], "cam_t_m2c": [201.5917205810547, -135.22154235839844, 785.1993408203125], "obj_id": 0}, {"cam_R_m2c": [0.879416823387146, 0.4719805121421814, -0.06213242560625076, 0.27411001920700073, -0.6087437272071838, -0.744509756565094, -0.389216810464859, 0.6377032995223999, -0.6647140383720398], "cam_t_m2c": [201.5917205810547, -135.22154235839844, 785.1993408203125], "obj_id": 0}, {"cam_R_m2c": [0.879416823387146, 0.4719805121421814, -0.06213242560625076, 0.27411001920700073, -0.6087437272071838, -0.744509756565094, -0.389216810464859, 0.6377032995223999, -0.6647140383720398], "cam_t_m2c": [201.5917205810547, -135.22154235839844, 785.1993408203125], "obj_id": 2}, {"cam_R_m2c": [0.879416823387146, 0.4719805121421814, -0.06213242560625076, 0.27411001920700073, -0.6087437272071838, -0.744509756565094, -0.389216810464859, 0.6377032995223999, -0.6647140383720398], "cam_t_m2c": [201.5917205810547, -135.22154235839844, 785.1993408203125], "obj_id": 1}, {"cam_R_m2c": [0.879416823387146, 0.4719805121421814, -0.06213242560625076, 0.27411001920700073, -0.6087437272071838, -0.744509756565094, -0.389216810464859, 0.6377032995223999, -0.6647140383720398], "cam_t_m2c": [201.5917205810547, -135.22154235839844, 785.1993408203125], "obj_id": 0}, {"cam_R_m2c": [0.879416823387146, 0.4719805121421814, -0.06213242560625076, 0.27411001920700073, -0.6087437272071838, -0.744509756565094, -0.389216810464859, 0.6377032995223999, -0.6647140383720398], "cam_t_m2c": [201.5917205810547, -135.22154235839844, 785.1993408203125], "obj_id": 0}, {"cam_R_m2c": [0.879416823387146, 0.4719805121421814, -0.06213242560625076, 0.27411001920700073, -0.6087437272071838, -0.744509756565094, -0.389216810464859, 0.6377032995223999, -0.6647140383720398], "cam_t_m2c": [201.5917205810547, -135.22154235839844, 785.1993408203125], "obj_id": 1}, {"cam_R_m2c": [-0.09062676131725311, 0.7872670888900757, -0.6099158525466919, -0.6050013303756714, 0.4429466724395752, 0.6616431474685669, 0.7910500764846802, 0.42896246910095215, 0.4361548125743866], "cam_t_m2c": [35.070350646972656, -226.11122131347656, 858.7449340820312], "obj_id": 1}, {"cam_R_m2c": [-0.3520953953266144, 0.7763166427612305, 0.5228397250175476, 0.6888363361358643, 0.5931206941604614, -0.41678813099861145, -0.6336666345596313, 0.21340180933475494, -0.7435901761054993], "cam_t_m2c": [-6.078954219818115, -22.481489181518555, 663.6400756835938], "obj_id": 2}, {"cam_R_m2c": [0.9671173095703125, 0.030955886468291283, 0.25243979692459106, -0.16203629970550537, -0.6900474429130554, 0.7053924798965454, 0.19603151082992554, -0.7231016755104065, -0.6623408198356628], "cam_t_m2c": [-101.39376068115234, -41.40253829956055, 719.4948120117188], "obj_id": 3}, {"cam_R_m2c": [-0.25136521458625793, -0.9528713822364807, 0.16985760629177094, 0.7001155614852905, -0.30017679929733276, -0.6478672623634338, 0.6683214902877808, -0.04393136501312256, 0.742574155330658], "cam_t_m2c": [278.9159851074219, -12.548744201660156, 587.4454345703125], "obj_id": 4}],
  "4": [{"cam_R_m2c": [0.879416823387146, 0.4719805121421814, -0.06213242560625076, 0.27411001920700073, -0.6087437272071838, -0.744509756565094, -0.389216810464859, 0.6377032995223999, -0.6647140383720398], "cam_t_m2c": [201.5917205810547, -135.22154235839844, 785.1993408203125], "obj_id": 2}, {"cam_R_m2c": [0.879416823387146, 0.4719805121421814, -0.06213242560625076, 0.27411001920700073, -0.6087437272071838, -0.744509756565094, -0.389216810464859, 0.6377032995223999, -0.6647140383720398], "cam_t_m2c": [201.5917205810547, -135.22154235839844, 785.1993408203125], "obj_id": 1}, {"cam_R_m2c": [0.879416823387146, 0.4719805121421814, -0.06213242560625076, 0.27411001920700073, -0.6087437272071838, -0.744509756565094, -0.389216810464859, 0.6377032995223999, -0.6647140383720398], "cam_t_m2c": [201.5917205810547, -135.22154235839844, 785.1993408203125], "obj_id": 1}, {"cam_R_m2c": [0.879416823387146, 0.4719805121421814, -0.06213242560625076, 0.27411001920700073, -0.6087437272071838, -0.744509756565094, -0.389216810464859, 0.6377032995223999, -0.6647140383720398], "cam_t_m2c": [201.5917205810547, -135.22154235839844, 785.1993408203125], "obj_id": 2}, {"cam_R_m2c": [0.879416823387146, 0.4719805121421814, -0.06213242560625076, 0.27411001920700073, -0.6087437272071838, -0.744509756565094, -0.389216810464859, 0.6377032995223999, -0.6647140383720398], "cam_t_m2c": [201.5917205810547, -135.22154235839844, 785.1993408203125], "obj_id": 0}, {"cam_R_m2c": [0.879416823387146, 0.4719805121421814, -0.06213242560625076, 0.27411001920700073, -0.6087437272071838, -0.744509756565094, -0.389216810464859, 0.6377032995223999, -0.6647140383720398], "cam_t_m2c": [201.5917205810547, -135.22154235839844, 785.1993408203125], "obj_id": 0}, {"cam_R_m2c": [0.879416823387146, 0.4719805121421814, -0.06213242560625076, 0.27411001920700073, -0.6087437272071838, -0.744509756565094, -0.389216810464859, 0.6377032995223999, -0.6647140383720398], "cam_t_m2c": [201.5917205810547, -135.22154235839844, 785.1993408203125], "obj_id": 0}, {"cam_R_m2c": [0.879416823387146, 0.4719805121421814, -0.06213242560625076, 0.27411001920700073, -0.6087437272071838, -0.744509756565094, -0.389216810464859, 0.6377032995223999, -0.6647140383720398], "cam_t_m2c": [201.5917205810547, -135.22154235839844, 785.1993408203125], "obj_id": 2}, {"cam_R_m2c": [0.879416823387146, 0.4719805121421814, -0.06213242560625076, 0.27411001920700073, -0.6087437272071838, -0.744509756565094, -0.389216810464859, 0.6377032995223999, -0.6647140383720398], "cam_t_m2c": [201.5917205810547, -135.22154235839844, 785.1993408203125], "obj_id": 1}, {"cam_R_m2c": [0.879416823387146, 0.4719805121421814, -0.06213242560625076, 0.27411001920700073, -0.6087437272071838, -0.744509756565094, -0.389216810464859, 0.6377032995223999, -0.6647140383720398], "cam_t_m2c": [201.5917205810547, -135.22154235839844, 785.1993408203125], "obj_id": 0}, {"cam_R_m2c": [0.879416823387146, 0.4719805121421814, -0.06213242560625076, 0.27411001920700073, -0.6087437272071838, -0.744509756565094, -0.389216810464859, 0.6377032995223999, -0.6647140383720398], "cam_t_m2c": [201.5917205810547, -135.22154235839844, 785.1993408203125], "obj_id": 0}, {"cam_R_m2c": [0.879416823387146, 0.4719805121421814, -0.06213242560625076, 0.27411001920700073, -0.6087437272071838, -0.744509756565094, -0.389216810464859, 0.6377032995223999, -0.6647140383720398], "cam_t_m2c": [201.5917205810547, -135.22154235839844, 785.1993408203125], "obj_id": 1}, {"cam_R_m2c": [-0.09062676131725311, 0.7872670888900757, -0.6099158525466919, -0.6050013303756714, 0.4429466724395752, 0.6616431474685669, 0.7910500764846802, 0.42896246910095215, 0.4361548125743866], "cam_t_m2c": [35.070350646972656, -226.11122131347656, 858.7449340820312], "obj_id": 1}, {"cam_R_m2c": [-0.3520953953266144, 0.7763166427612305, 0.5228397250175476, 0.6888363361358643, 0.5931206941604614, -0.41678813099861145, -0.6336666345596313, 0.21340180933475494, -0.7435901761054993], "cam_t_m2c": [-6.078954219818115, -22.481489181518555, 663.6400756835938], "obj_id": 2}, {"cam_R_m2c": [0.9671173095703125, 0.030955886468291283, 0.25243979692459106, -0.16203629970550537, -0.6900474429130554, 0.7053924798965454, 0.19603151082992554, -0.7231016755104065, -0.6623408198356628], "cam_t_m2c": [-101.39376068115234, -41.40253829956055, 719.4948120117188], "obj_id": 3}, {"cam_R_m2c": [-0.25136521458625793, -0.9528713822364807, 0.16985760629177094, 0.7001155614852905, -0.30017679929733276, -0.6478672623634338, 0.6683214902877808, -0.04393136501312256, 0.742574155330658], "cam_t_m2c": [278.9159851074219, -12.548744201660156, 587.4454345703125], "obj_id": 4}]
}