{
  "0": [{"cam_R_m2c": [0.4664299190044403, -0.8720026612281799, 0.14850765466690063, -0.6722733378410339, -0.4585728347301483, -0.5811708569526672, 0.5748841166496277, 0.1712377518415451, -0.8001161813735962], "cam_t_m2c": [-183.3894500732422, -81.79043579101562, 299.5103454589844], "obj_id": 0}, {"cam_R_m2c": [0.4664299190044403, -0.8720026612281799, 0.14850765466690063, -0.6722733378410339, -0.4585728347301483, -0.5811708569526672, 0.5748841166496277, 0.1712377518415451, -0.8001161813735962], "cam_t_m2c": [-183.3894500732422, -81.79043579101562, 299.5103454589844], "obj_id": 0}, {"cam_R_m2c": [0.4664299190044403, -0.8720026612281799, 0.14850765466690063, -0.6722733378410339, -0.4585728347301483, -0.5811708569526672, 0.5748841166496277, 0.1712377518415451, -0.8001161813735962], "cam_t_m2c": [-183.3894500732422, -81.79043579101562, 299.5103454589844], "obj_id": 2}, {"cam_R_m2c": [0.4664299190044403, -0.8720026612281799, 0.14850765466690063, -0.6722733378410339, -0.4585728347301483, -0.5811708569526672, 0.5748841166496277, 0.1712377518415451, -0.8001161813735962], "cam_t_m2c": [-183.3894500732422, -81.79043579101562, 299.5103454589844], "obj_id": 3}, {"cam_R_m2c": [0.4664299190044403, -0.8720026612281799, 0.14850765466690063, -0.6722733378410339, -0.4585728347301483, -0.5811708569526672, 0.5748841166496277, 0.1712377518415451, -0.8001161813735962], "cam_t_m2c": [-183.3894500732422, -81.79043579101562, 299.5103454589844], "obj_id": 0}, {"cam_R_m2c": [0.4664299190044403, -0.8720026612281799, 0.14850765466690063, -0.6722733378410339, -0.4585728347301483, -0.5811708569526672, 0.5748841166496277, 0.1712377518415451, -0.8001161813735962], "cam_t_m2c": [-183.3894500732422, -81.79043579101562, 299.5103454589844], "obj_id": 1}, {"cam_R_m2c": [0.4664299190044403, -0.8720026612281799, 0.14850765466690063, -0.6722733378410339, -0.4585728347301483, -0.5811708569526672, 0.5748841166496277, 0.1712377518415451, -0.8001161813735962], "cam_t_m2c": [-183.3894500732422, -81.79043579101562, 299.5103454589844], "obj_id": 2}, {"cam_R_m2c": [0.4664299190044403, -0.8720026612281799, 0.14850765466690063, -0.6722733378410339, -0.4585728347301483, -0.5811708569526672, 0.5748841166496277, 0.1712377518415451, -0.8001161813735962], "cam_t_m2c": [-183.3894500732422, -81.79043579101562, 299.5103454589844], "obj_id": 0}, {"cam_R_m2c": [0.4664299190044403, -0.8720026612281799, 0.14850765466690063, -0.6722733378410339, -0.4585728347301483, -0.5811708569526672, 0.5748841166496277, 0.1712377518415451, -0.8001161813735962], "cam_t_m2c": [-183.3894500732422, -81.79043579101562, 299.5103454589844], "obj_id": 2}, {"cam_R_m2c": [0.4664299190044403, -0.8720026612281799, 0.14850765466690063, -0.6722733378410339, -0.4585728347301483, -0.5811708569526672, 0.5748841166496277, 0.1712377518415451, -0.8001161813735962], "cam_t_m2c": [-183.3894500732422, -81.79043579101562, 299.5103454589844], "obj_id": 1}, {"cam_R_m2c": [0.4664299190044403, -0.8720026612281799, 0.14850765466690063, -0.6722733378410339, -0.4585728347301483, -0.5811708569526672, 0.5748841166496277, 0.1712377518415451, -0.8001161813735962], "cam_t_m2c": [-183.3894500732422, -81.79043579101562, 299.5103454589844], "obj_id": 1}, {"cam_R_m2c": [0.4664299190044403, -0.8720026612281799, 0.14850765466690063, -0.6722733378410339, -0.4585728347301483, -0.5811708569526672, 0.5748841166496277, 0.1712377518415451, -0.8001161813735962], "cam_t_m2c": [-183.3894500732422, -81.79043579101562, 299.5103454589844], "obj_id": 1}, {"cam_R_m2c": [0.4664299190044403, -0.8720026612281799, 0.14850765466690063, -0.6722733378410339, -0.4585728347301483, -0.5811708569526672, 0.5748841166496277, 0.1712377518415451, -0.8001161813735962], "cam_t_m2c": [-183.3894500732422, -81.79043579101562, 299.5103454589844], "obj_id": 0}, {"cam_R_m2c": [0.4664299190044403, -0.8720026612281799, 0.14850765466690063, -0.6722733378410339, -0.4585728347301483, -0.5811708569526672, 0.5748841166496277, 0.1712377518415451, -0.8001161813735962], "cam_t_m2c": [-183.3894500732422, -81.79043579101562, 299.5103454589844], "obj_id": 3}, {"cam_R_m2c": [0.4664299190044403, -0.8720026612281799, 0.14850765466690063, -0.6722733378410339, -0.4585728347301483, -0.5811708569526672, 0.5748841166496277, 0.1712377518415451, -0.8001161813735962], "cam_t_m2c": [-183.3894500732422, -81.79043579101562, 299.5103454589844], "obj_id": 1}, {"cam_R_m2c": [0.4664299190044403, -0.8720026612281799, 0.14850765466690063, -0.6722733378410339, -0.4585728347301483, -0.5811708569526672, 0.5748841166496277, 0.1712377518415451, -0.8001161813735962], "cam_t_m2c": [-183.3894500732422, -81.79043579101562, 299.5103454589844], "obj_id": 2}, {"cam_R_m2c": [0.4664299190044403, -0.8720026612281799, 0.14850765466690063, -0.6722733378410339, -0.4585728347301483, -0.5811708569526672, 0.5748841166496277, 0.1712377518415451, -0.8001161813735962], "cam_t_m2c": [-183.3894500732422, -81.79043579101562, 299.5103454589844], "obj_id": 3}, {"cam_R_m2c": [0.4664299190044403, -0.8720026612281799, 0.14850765466690063, -0.6722733378410339, -0.4585728347301483, -0.5811708569526672, 0.5748841166496277, 0.1712377518415451, -0.8001161813735962], "cam_t_m2c": [-183.3894500732422, -81.79043579101562, 299.5103454589844], "obj_id": 0}, {"cam_R_m2c": [0.4664299190044403, -0.8720026612281799, 0.14850765466690063, -0.6722733378410339, -0.4585728347301483, -0.5811708569526672, 0.5748841166496277, 0.1712377518415451, -0.8001161813735962], "cam_t_m2c": [-183.3894500732422, -81.79043579101562, 299.5103454589844], "obj_id": 1}, {"cam_R_m2c": [0.4664299190044403, -0.8720026612281799, 0.14850765466690063, -0.6722733378410339, -0.4585728347301483, -0.5811708569526672, 0.5748841166496277, 0.1712377518415451, -0.8001161813735962], "cam_t_m2c": [-183.3894500732422, -81.79043579101562, 299.5103454589844], "obj_id": 1}, {"cam_R_m2c": [0.4664299190044403, -0.8720026612281799, 0.14850765466690063, -0.6722733378410339, -0.4585728347301483, -0.5811708569526672, 0.5748841166496277, 0.1712377518415451, -0.8001161813735962], "cam_t_m2c": [-183.3894500732422, -81.79043579101562, 299.5103454589844], "obj_id": 0}, {"cam_R_m2c": [0.4664299190044403, -0.8720026612281799, 0.14850765466690063, -0.6722733378410339, -0.4585728347301483, -0.5811708569526672, 0.5748841166496277, 0.1712377518415451, -0.8001161813735962], "cam_t_m2c": [-183.3894500732422, -81.79043579101562, 299.5103454589844], "obj_id": 0}, {"cam_R_m2c": [0.4664299190044403, -0.8720026612281799, 0.14850765466690063, -0.6722733378410339, -0.4585728347301483, -0.5811708569526672, 0.5748841166496277, 0.1712377518415451, -0.8001161813735962], "cam_t_m2c": [-183.3894500732422, -81.79043579101562, 299.5103454589844], "obj_id": 3}, {"cam_R_m2c": [0.4664299190044403, -0.8720026612281799, 0.14850765466690063, -0.6722733378410339, -0.4585728347301483, -0.5811708569526672, 0.5748841166496277, 0.1712377518415451, -0.8001161813735962], "cam_t_m2c": [-183.3894500732422, -81.79043579101562, 299.5103454589844], "obj_id": 3}, {"cam_R_m2c": [0.3953973948955536, 0.6853840351104736, 0.6114814877510071, -0.3622297942638397, 0.7281311750411987, -0.5819059610366821, -0.8440678119659424, 0.008587272837758064, 0.5361676812171936], "cam_t_m2c": [-157.1461181640625, -458.177001953125, 586.740478515625], "obj_id": 0}, {"cam_R_m2c": [0.32025712728500366, 0.3202194571495056, 0.8915687799453735, -0.7371802926063538, -0.5068502426147461, 0.4468421936035156, 0.594979465007782, -0.8003513216972351, 0.07373709231615067], "cam_t_m2c": [-172.6326141357422, -104.6787109375, 299.3511657714844], "obj_id": 3}, {"cam_R_m2c": [-0.9774340987205505, 0.15467315912246704, 0.1438709944486618, 0.03673141449689865, 0.7951476573944092, -0.6053024530410767, -0.20802272856235504, -0.5863586664199829, -0.782885730266571], "cam_t_m2c": [-236.8129119873047, -227.5734405517578, 377.41107177734375], "obj_id": 3}, {"cam_R_m2c": [-0.09984617680311203, -0.8863354921340942, 0.45215022563934326, -0.0874229222536087, 0.4604783356189728, 0.883355438709259, -0.9911547303199768, 0.04867148771882057, -0.123462975025177], "cam_t_m2c": [14.45939826965332, -21.09816551208496, 258.8057556152344], "obj_id": 3}, {"cam_R_m2c": [-0.6813883185386658, -0.5154966711997986, -0.5195893049240112, 0.6710555553436279, -0.15656723082065582, -0.724686861038208, 0.2922229766845703, -0.8424664735794067, 0.4526100754737854], "cam_t_m2c": [-1188.4669189453125, 4519.86328125, 6381.9794921875], "obj_id": 2}]
}