{
  "0": [{"cam_R_m2c": [-0.14498558640480042, 0.11748827248811722, 0.9824334979057312, 0.7005752325057983, 0.7133494019508362, 0.01808076910674572, -0.6986940503120422, 0.6908900737762451, -0.18573474884033203], "cam_t_m2c": [643.59326171875, -185.16647338867188, 1089.0185546875], "obj_id": 0}, {"cam_R_m2c": [-0.3235647976398468, 0.4637954533100128, -0.8247421979904175, -0.8322881460189819, 0.27513277530670166, 0.4812467098236084, 0.4501136541366577, 0.8421376347541809, 0.2969881594181061], "cam_t_m2c": [450.21051025390625, -61.56142044067383, 1226.9241943359375], "obj_id": 0}, {"cam_R_m2c": [-0.08005394786596298, 0.6751527190208435, 0.7333211302757263, -0.41276949644088745, 0.647188127040863, -0.6409124135971069, -0.9073105454444885, -0.3540003001689911, 0.22687257826328278], "cam_t_m2c": [405.4226989746094, -224.22885131835938, 1080.4022216796875], "obj_id": 0}, {"cam_R_m2c": [-0.8338886499404907, -0.37652286887168884, 0.40355944633483887, 0.3380436301231384, 0.22957049310207367, 0.912701427936554, -0.43629831075668335, 0.8975120782852173, -0.06415507942438126], "cam_t_m2c": [-6103.70849609375, -2173.0439453125, -6294.85009765625], "obj_id": 1}],
  "1": [{"cam_R_m2c": [-0.35388612747192383, 0.126032292842865, 0.9267580509185791, 0.9026932716369629, 0.3053373396396637, 0.3031732439994812, -0.24476423859596252, 0.943867027759552, -0.22182315587997437], "cam_t_m2c": [666.91455078125, -63.97002029418945, 841.21337890625], "obj_id": 0}, {"cam_R_m2c": [-0.1254112720489502, 0.55066978931427, -0.8252482414245605, -0.9921025037765503, -0.07140081375837326, 0.10312361270189285, -0.002136374358087778, 0.8316637277603149, 0.5552754402160645], "cam_t_m2c": [482.99261474609375, -63.289894104003906, 1035.84130859375], "obj_id": 0}, {"cam_R_m2c": [-0.16703854501247406, 0.5105075240135193, 0.843492865562439, 0.062490981072187424, 0.8592742085456848, -0.5076836347579956, -0.9839680194854736, -0.03209203854203224, -0.17543402314186096], "cam_t_m2c": [438.4763488769531, -141.8029327392578, 831.3297119140625], "obj_id": 0}, {"cam_R_m2c": [-0.9328916072845459, -0.2545619606971741, 0.25477728247642517, 0.327819287776947, -0.3072030544281006, 0.8933984637260437, -0.14915689826011658, 0.9169648289680481, 0.3700374662876129], "cam_t_m2c": [-6839.30517578125, 381.3431396484375, -6047.53759765625], "obj_id": 1}]
}