{
  "0": [{"cam_R_m2c": [0.7499679327011108, 0.5813460946083069, 0.3155707120895386, -0.6182226538658142, 0.4463444650173187, 0.646975576877594, 0.23526346683502197, -0.6803038716316223, 0.6941453218460083], "cam_t_m2c": [-49.594482421875, -7.921811103820801, 401.1449279785156], "obj_id": 0}, {"cam_R_m2c": [-0.6167707443237305, 0.7204773426055908, -0.3170267939567566, -0.7186276316642761, -0.6797428727149963, -0.14670968055725098, -0.3211977481842041, 0.13733798265457153, 0.9370006918907166], "cam_t_m2c": [-178.11444091796875, -212.7973175048828, 436.9098205566406], "obj_id": 1}, {"cam_R_m2c": [-0.0864713117480278, 0.9960391521453857, 0.02070794440805912, -0.093997523188591, 0.012536170892417431, -0.9954935312271118, -0.9918100833892822, -0.08802810311317444, 0.0925411656498909], "cam_t_m2c": [-18.074115753173828, -57.505611419677734, 182.00050354003906], "obj_id": 2}, {"cam_R_m2c": [-0.3146669566631317, -0.09839750826358795, -0.9440882205963135, 0.8324719667434692, 0.449252188205719, -0.3242882788181305, 0.4560428559780121, -0.8879697918891907, -0.059451647102832794], "cam_t_m2c": [253.96412658691406, -45.160682678222656, 321.21563720703125], "obj_id": 3}, {"cam_R_m2c": [-0.3092808127403259, 0.40934863686561584, -0.8583579659461975, 0.7914320230484009, -0.38963058590888977, -0.4709804654121399, -0.5272380709648132, -0.8249975442886353, -0.20346596837043762], "cam_t_m2c": [-78.0618667602539, -157.86302185058594, 494.1115417480469], "obj_id": 0}, {"cam_R_m2c": [-0.4565375745296478, -0.8860025405883789, 0.08107221126556396, -0.8872550129890442, 0.4601433277130127, 0.032351501286029816, -0.0659683495759964, -0.057162050157785416, -0.996182918548584], "cam_t_m2c": [-114.701416015625, -195.32057189941406, 479.660400390625], "obj_id": 1}, {"cam_R_m2c": [0.2342028021812439, 0.44487306475639343, 0.864428699016571, -0.2647443413734436, 0.8847391605377197, -0.38359755277633667, -0.9354461431503296, -0.13901299238204956, 0.3249860107898712], "cam_t_m2c": [-199.87571716308594, -243.9439697265625, 374.14093017578125], "obj_id": 2}, {"cam_R_m2c": [-0.9188005328178406, -0.38651713728904724, 0.08006265014410019, -0.0795157179236412, -0.017432188615202904, -0.9966811537742615, 0.38662999868392944, -0.9221174716949463, -0.014717457816004753], "cam_t_m2c": [19.772537231445312, -150.9515838623047, 527.5740966796875], "obj_id": 3}, {"cam_R_m2c": [-0.051443733274936676, 0.7647852897644043, -0.6422280669212341, 0.22947749495506287, -0.6168197393417358, -0.7529098987579346, -0.9719534516334534, -0.18610942363739014, -0.14376944303512573], "cam_t_m2c": [6.668624401092529, 36.20408630371094, 353.7293395996094], "obj_id": 0}, {"cam_R_m2c": [0.9152132868766785, 0.03131113201379776, -0.40175148844718933, -0.3651517927646637, -0.35723474621772766, -0.8596786260604858, -0.17043712735176086, 0.9334895610809326, -0.31551265716552734], "cam_t_m2c": [-148.13804626464844, -89.11792755126953, 359.6632995605469], "obj_id": 1}, {"cam_R_m2c": [-0.7796211838722229, 0.08917850255966187, -0.6198693513870239, 0.12949667870998383, 0.9913731813430786, -0.02024487406015396, 0.6127164363861084, -0.09605435281991959, -0.7844438552856445], "cam_t_m2c": [-180.3683624267578, -102.97213745117188, 329.6247863769531], "obj_id": 2}, {"cam_R_m2c": [-0.8423832654953003, -0.5331201553344727, 0.07856978476047516, -0.4552678167819977, 0.7820826768875122, 0.4255324602127075, -0.2883079946041107, 0.3226911723613739, -0.9015257954597473], "cam_t_m2c": [-105.38397216796875, -124.09525299072266, 453.18341064453125], "obj_id": 3}, {"cam_R_m2c": [0.3085591793060303, 0.3343673348426819, 0.8904996514320374, -0.6926860213279724, 0.7205917835235596, -0.030553357675671577, -0.6519027948379517, -0.6074091792106628, 0.45395681262016296], "cam_t_m2c": [-10.378047943115234, -58.312259674072266, 324.292724609375], "obj_id": 0}, {"cam_R_m2c": [-0.328563928604126, -0.8347721695899963, 0.4418157637119293, 0.8212443590164185, -0.4835467040538788, -0.30288657546043396, 0.4664798378944397, 0.2633211016654968, 0.8444279432296753], "cam_t_m2c": [-116.16844177246094, -89.6031723022461, 409.5869140625], "obj_id": 1}, {"cam_R_m2c": [0.9280470013618469, -0.2708421051502228, 0.255682110786438, 0.36522090435028076, 0.7964330911636353, -0.481983482837677, -0.07309228181838989, 0.5406837463378906, 0.8380445241928101], "cam_t_m2c": [-121.4457015991211, -26.533090591430664, 340.81878662109375], "obj_id": 2}, {"cam_R_m2c": [-0.35880932211875916, 0.39930421113967896, -0.8436895608901978, 0.5612166523933411, 0.814540684223175, 0.14683102071285248, 0.7458497285842896, -0.42080825567245483, -0.5163609981536865], "cam_t_m2c": [134.96359252929688, -136.06715393066406, 317.38238525390625], "obj_id": 3}]
}