{
  "0": [{"cam_R_m2c": [-0.7661126255989075, -0.376406192779541, -0.5209509134292603, 0.5888179540634155, -0.086166612803936, -0.8036596179008484, 0.257613867521286, -0.9224390387535095, 0.2876479923725128], "cam_t_m2c": [-12.914472579956055, 3960.816162109375, 5273.37353515625], "obj_id": 1}, {"cam_R_m2c": [0.36650028824806213, -0.9233377575874329, -0.11456400156021118, -0.9153149127960205, -0.33571168780326843, -0.22247754037380219, 0.1669614464044571, 0.18640021979808807, -0.9681832790374756], "cam_t_m2c": [-60.088233947753906, 3960.881591796875, 5333.34375], "obj_id": 1}, {"cam_R_m2c": [-0.09696064889431, -0.23452773690223694, 0.967261791229248, 0.978538453578949, 0.15508058667182922, 0.1356927454471588, -0.18182726204395294, 0.9596596956253052, 0.2144576609134674], "cam_t_m2c": [-97.5839614868164, 3972.3037109375, 5297.2841796875], "obj_id": 0}, {"cam_R_m2c": [0.45653262734413147, -0.24988649785518646, 0.8538938164710999, -0.8895024061203003, -0.1487565040588379, 0.4320380687713623, 0.019061801955103874, -0.9567801356315613, -0.2901868522167206], "cam_t_m2c": [-16.725433349609375, 4011.989013671875, 5260.77880859375], "obj_id": 3}, {"cam_R_m2c": [0.3488057851791382, -0.7619388103485107, 0.5456956028938293, 0.39864352345466614, -0.406341552734375, -0.8221737146377563, 0.8481850028038025, 0.5043169260025024, 0.16200780868530273], "cam_t_m2c": [-51.143638610839844, 4010.141845703125, 5262.478515625], "obj_id": 2}, {"cam_R_m2c": [-0.6516482830047607, -0.45587578415870667, -0.6062437891960144, -0.6171178221702576, -0.14608828723430634, 0.7731904983520508, -0.44104403257369995, 0.8779722452163696, -0.18613076210021973], "cam_t_m2c": [-18.12241554260254, 6.081311225891113, 929.1804809570312], "obj_id": 3}, {"cam_R_m2c": [0.43994635343551636, 0.8253567218780518, -0.35388344526290894, -0.24635028839111328, -0.2680291533470154, -0.9313817620277405, -0.8635732531547546, 0.4969373047351837, 0.08540841937065125], "cam_t_m2c": [-48.74958801269531, -71.22029876708984, 1000.2886962890625], "obj_id": 2}, {"cam_R_m2c": [-0.32867518067359924, -0.88444983959198, 0.3312417268753052, -0.5916308760643005, 0.46619728207588196, 0.6577484607696533, -0.7361695170402527, 0.020212769508361816, -0.6764953136444092], "cam_t_m2c": [-105.34349060058594, -15.665153503417969, 949.1846313476562], "obj_id": 2}, {"cam_R_m2c": [0.411720335483551, 0.7533133029937744, 0.5128405094146729, 0.6900801658630371, -0.6252715587615967, 0.3644512891769409, 0.595210611820221, 0.20384906232357025, -0.7772835493087769], "cam_t_m2c": [-35.66948318481445, 27.890104293823242, 909.1190185546875], "obj_id": 0}, {"cam_R_m2c": [-0.1741083413362503, 0.26831603050231934, -0.9474664330482483, -0.5323232412338257, 0.7838144898414612, 0.3197917342185974, 0.828443169593811, 0.5600368976593018, 0.006362252403050661], "cam_t_m2c": [-22.69318389892578, -35.65095901489258, 967.5691528320312], "obj_id": 3}, {"cam_R_m2c": [0.281985342502594, -0.7732405066490173, -0.5679642558097839, -0.0068336231634020805, -0.5935916304588318, 0.8047374486923218, -0.9593943953514099, -0.22304290533065796, -0.1726681888103485], "cam_t_m2c": [10.013968467712402, -42.78986740112305, 974.1361083984375], "obj_id": 0}],
  "1": [{"cam_R_m2c": [-0.7799381017684937, -0.40855783224105835, -0.4741063714027405, 0.6213634610176086, -0.41487815976142883, -0.6646679043769836, 0.0748588815331459, -0.8129922747612, 0.5774423480033875], "cam_t_m2c": [-12.643553733825684, 5244.291015625, 3672.080322265625], "obj_id": 1}, {"cam_R_m2c": [0.4118550419807434, -0.8999416828155518, -0.14310967922210693, -0.7881667613983154, -0.272984117269516, -0.5516093373298645, 0.457349568605423, 0.33997735381126404, -0.8217340111732483], "cam_t_m2c": [-57.36639404296875, 5264.19189453125, 3730.609130859375], "obj_id": 1}, {"cam_R_m2c": [-0.14608390629291534, -0.20282340049743652, 0.9682571887969971, 0.8492162227630615, 0.47633203864097595, 0.22790241241455078, -0.5074358582496643, 0.8555526733398438, 0.1026565283536911], "cam_t_m2c": [-96.7162857055664, 5261.21337890625, 3694.840087890625], "obj_id": 0}, {"cam_R_m2c": [0.49477043747901917, -0.2809208929538727, 0.8223658800125122, -0.8136347532272339, -0.4821839928627014, 0.3248029053211212, 0.30528780817985535, -0.8298083543777466, -0.4671373665332794], "cam_t_m2c": [-19.147722244262695, 5287.64990234375, 3642.591552734375], "obj_id": 3}, {"cam_R_m2c": [0.3646242916584015, -0.7232001423835754, 0.5865412950515747, 0.6804549694061279, -0.22304604947566986, -0.6980196833610535, 0.635633647441864, 0.6536298990249634, 0.41077712178230286], "cam_t_m2c": [-53.360347747802734, 5285.6103515625, 3646.62255859375], "obj_id": 2}, {"cam_R_m2c": [-0.6414399743080139, -0.41406989097595215, -0.645833432674408, -0.7497482895851135, 0.15994156897068024, 0.6421029567718506, -0.16257989406585693, 0.8960829973220825, -0.4130410850048065], "cam_t_m2c": [-19.6242733001709, 16.033740997314453, 993.0421752929688], "obj_id": 3}, {"cam_R_m2c": [0.4156191647052765, 0.8551397919654846, -0.30983319878578186, -0.5225379467010498, -0.05432465299963951, -0.8508836030960083, -0.7444559931755066, 0.5155431628227234, 0.4242646396160126], "cam_t_m2c": [-44.059959411621094, -32.11185073852539, 1088.198974609375], "obj_id": 2}, {"cam_R_m2c": [-0.331793874502182, -0.9021924734115601, 0.2756112217903137, -0.821135938167572, 0.4200284481048584, 0.3864090144634247, -0.4643798768520355, -0.09810612350702286, -0.8801855444908142], "cam_t_m2c": [-104.96916961669922, 0.4152301549911499, 1023.9112548828125], "obj_id": 2}, {"cam_R_m2c": [0.40488401055336, 0.7869895100593567, 0.46552813053131104, 0.8658962249755859, -0.4935722053050995, 0.08130259066820145, 0.29375603795051575, 0.3701809346675873, -0.8812907338142395], "cam_t_m2c": [-38.87334442138672, 28.92582893371582, 967.5617065429688], "obj_id": 0}, {"cam_R_m2c": [-0.11812925338745117, 0.2563008964061737, -0.9593514800071716, -0.2114696204662323, 0.9374608993530273, 0.27649179100990295, 0.970219612121582, 0.23553547263145447, -0.056541696190834045], "cam_t_m2c": [-20.872941970825195, -9.642579078674316, 1043.7899169921875], "obj_id": 3}, {"cam_R_m2c": [0.24383309483528137, -0.7552098035812378, -0.6084434986114502, -0.33625897765159607, -0.6542959809303284, 0.6773673295974731, -0.9096566438674927, 0.039430052042007446, -0.413485050201416], "cam_t_m2c": [12.345245361328125, -13.15118408203125, 1050.724365234375], "obj_id": 0}]
}