{
  "0": [{"cam_R_m2c": [-0.7952048778533936, 0.6054678559303284, 0.03252031281590462, 0.22378790378570557, 0.34291860461235046, -0.9123188853263855, -0.5635316371917725, -0.7182028889656067, -0.40818682312965393], "cam_t_m2c": [88.65603637695312, 31.209339141845703, 661.6012573242188], "obj_id": 1}, {"cam_R_m2c": [-0.7952048778533936, 0.6054678559303284, 0.03252031281590462, 0.22378790378570557, 0.34291860461235046, -0.9123188853263855, -0.5635316371917725, -0.7182028889656067, -0.40818682312965393], "cam_t_m2c": [88.65603637695312, 31.209339141845703, 661.6012573242188], "obj_id": 0}, {"cam_R_m2c": [-0.7952048778533936, 0.6054678559303284, 0.03252031281590462, 0.22378790378570557, 0.34291860461235046, -0.9123188853263855, -0.5635316371917725, -0.7182028889656067, -0.40818682312965393], "cam_t_m2c": [88.65603637695312, 31.209339141845703, 661.6012573242188], "obj_id": 0}, {"cam_R_m2c": [-0.7952048778533936, 0.6054678559303284, 0.03252031281590462, 0.22378790378570557, 0.34291860461235046, -0.9123188853263855, -0.5635316371917725, -0.7182028889656067, -0.40818682312965393], "cam_t_m2c": [88.65603637695312, 31.209339141845703, 661.6012573242188], "obj_id": 3}, {"cam_R_m2c": [-0.7952048778533936, 0.6054678559303284, 0.03252031281590462, 0.22378790378570557, 0.34291860461235046, -0.9123188853263855, -0.5635316371917725, -0.7182028889656067, -0.40818682312965393], "cam_t_m2c": [88.65603637695312, 31.209339141845703, 661.6012573242188], "obj_id": 2}, {"cam_R_m2c": [-0.7952048778533936, 0.6054678559303284, 0.03252031281590462, 0.22378790378570557, 0.34291860461235046, -0.9123188853263855, -0.5635316371917725, -0.7182028889656067, -0.40818682312965393], "cam_t_m2c": [88.65603637695312, 31.209339141845703, 661.6012573242188], "obj_id": 0}, {"cam_R_m2c": [-0.7952048778533936, 0.6054678559303284, 0.03252031281590462, 0.22378790378570557, 0.34291860461235046, -0.9123188853263855, -0.5635316371917725, -0.7182028889656067, -0.40818682312965393], "cam_t_m2c": [88.65603637695312, 31.209339141845703, 661.6012573242188], "obj_id": 3}, {"cam_R_m2c": [-0.7952048778533936, 0.6054678559303284, 0.03252031281590462, 0.22378790378570557, 0.34291860461235046, -0.9123188853263855, -0.5635316371917725, -0.7182028889656067, -0.40818682312965393], "cam_t_m2c": [88.65603637695312, 31.209339141845703, 661.6012573242188], "obj_id": 2}, {"cam_R_m2c": [-0.7952048778533936, 0.6054678559303284, 0.03252031281590462, 0.22378790378570557, 0.34291860461235046, -0.9123188853263855, -0.5635316371917725, -0.7182028889656067, -0.40818682312965393], "cam_t_m2c": [88.65603637695312, 31.209339141845703, 661.6012573242188], "obj_id": 0}, {"cam_R_m2c": [-0.7952048778533936, 0.6054678559303284, 0.03252031281590462, 0.22378790378570557, 0.34291860461235046, -0.9123188853263855, -0.5635316371917725, -0.7182028889656067, -0.40818682312965393], "cam_t_m2c": [88.65603637695312, 31.209339141845703, 661.6012573242188], "obj_id": 0}, {"cam_R_m2c": [-0.7952048778533936, 0.6054678559303284, 0.03252031281590462, 0.22378790378570557, 0.34291860461235046, -0.9123188853263855, -0.5635316371917725, -0.7182028889656067, -0.40818682312965393], "cam_t_m2c": [88.65603637695312, 31.209339141845703, 661.6012573242188], "obj_id": 0}, {"cam_R_m2c": [-0.7952048778533936, 0.6054678559303284, 0.03252031281590462, 0.22378790378570557, 0.34291860461235046, -0.9123188853263855, -0.5635316371917725, -0.7182028889656067, -0.40818682312965393], "cam_t_m2c": [88.65603637695312, 31.209339141845703, 661.6012573242188], "obj_id": 0}, {"cam_R_m2c": [-0.7952048778533936, 0.6054678559303284, 0.03252031281590462, 0.22378790378570557, 0.34291860461235046, -0.9123188853263855, -0.5635316371917725, -0.7182028889656067, -0.40818682312965393], "cam_t_m2c": [88.65603637695312, 31.209339141845703, 661.6012573242188], "obj_id": 2}, {"cam_R_m2c": [-0.7952048778533936, 0.6054678559303284, 0.03252031281590462, 0.22378790378570557, 0.34291860461235046, -0.9123188853263855, -0.5635316371917725, -0.7182028889656067, -0.40818682312965393], "cam_t_m2c": [88.65603637695312, 31.209339141845703, 661.6012573242188], "obj_id": 1}, {"cam_R_m2c": [-0.7952048778533936, 0.6054678559303284, 0.03252031281590462, 0.22378790378570557, 0.34291860461235046, -0.9123188853263855, -0.5635316371917725, -0.7182028889656067, -0.40818682312965393], "cam_t_m2c": [88.65603637695312, 31.209339141845703, 661.6012573242188], "obj_id": 1}, {"cam_R_m2c": [-0.7952048778533936, 0.6054678559303284, 0.03252031281590462, 0.22378790378570557, 0.34291860461235046, -0.9123188853263855, -0.5635316371917725, -0.7182028889656067, -0.40818682312965393], "cam_t_m2c": [88.65603637695312, 31.209339141845703, 661.6012573242188], "obj_id": 3}, {"cam_R_m2c": [-0.7952048778533936, 0.6054678559303284, 0.03252031281590462, 0.22378790378570557, 0.34291860461235046, -0.9123188853263855, -0.5635316371917725, -0.7182028889656067, -0.40818682312965393], "cam_t_m2c": [88.65603637695312, 31.209339141845703, 661.6012573242188], "obj_id": 1}, {"cam_R_m2c": [-0.7952048778533936, 0.6054678559303284, 0.03252031281590462, 0.22378790378570557, 0.34291860461235046, -0.9123188853263855, -0.5635316371917725, -0.7182028889656067, -0.40818682312965393], "cam_t_m2c": [88.65603637695312, 31.209339141845703, 661.6012573242188], "obj_id": 2}, {"cam_R_m2c": [-0.7952048778533936, 0.6054678559303284, 0.03252031281590462, 0.22378790378570557, 0.34291860461235046, -0.9123188853263855, -0.5635316371917725, -0.7182028889656067, -0.40818682312965393], "cam_t_m2c": [88.65603637695312, 31.209339141845703, 661.6012573242188], "obj_id": 0}, {"cam_R_m2c": [-0.7952048778533936, 0.6054678559303284, 0.03252031281590462, 0.22378790378570557, 0.34291860461235046, -0.9123188853263855, -0.5635316371917725, -0.7182028889656067, -0.40818682312965393], "cam_t_m2c": [88.65603637695312, 31.209339141845703, 661.6012573242188], "obj_id": 3}, {"cam_R_m2c": [-0.7952048778533936, 0.6054678559303284, 0.03252031281590462, 0.22378790378570557, 0.34291860461235046, -0.9123188853263855, -0.5635316371917725, -0.7182028889656067, -0.40818682312965393], "cam_t_m2c": [88.65603637695312, 31.209339141845703, 661.6012573242188], "obj_id": 0}, {"cam_R_m2c": [-0.7952048778533936, 0.6054678559303284, 0.03252031281590462, 0.22378790378570557, 0.34291860461235046, -0.9123188853263855, -0.5635316371917725, -0.7182028889656067, -0.40818682312965393], "cam_t_m2c": [88.65603637695312, 31.209339141845703, 661.6012573242188], "obj_id": 3}, {"cam_R_m2c": [-0.7952048778533936, 0.6054678559303284, 0.03252031281590462, 0.22378790378570557, 0.34291860461235046, -0.9123188853263855, -0.5635316371917725, -0.7182028889656067, -0.40818682312965393], "cam_t_m2c": [88.65603637695312, 31.209339141845703, 661.6012573242188], "obj_id": 1}, {"cam_R_m2c": [-0.7952048778533936, 0.6054678559303284, 0.03252031281590462, 0.22378790378570557, 0.34291860461235046, -0.9123188853263855, -0.5635316371917725, -0.7182028889656067, -0.40818682312965393], "cam_t_m2c": [88.65603637695312, 31.209339141845703, 661.6012573242188], "obj_id": 0}, {"cam_R_m2c": [0.28410106897354126, -0.9548859596252441, -0.0864829495549202, 0.7763833403587341, 0.17618604004383087, 0.6051340699195862, -0.5625969767570496, -0.23906312882900238, 0.7914122939109802], "cam_t_m2c": [36.725799560546875, 78.4802017211914, 429.3182067871094], "obj_id": 3}, {"cam_R_m2c": [-0.8041300773620605, -0.18877531588077545, -0.5636829137802124, 0.24326005578041077, 0.7607097029685974, -0.6017850637435913, 0.5424012541770935, -0.621035099029541, -0.5657880306243896], "cam_t_m2c": [12.317129135131836, -58.5498046875, 733.6427612304688], "obj_id": 3}, {"cam_R_m2c": [0.9795396327972412, 0.19046548008918762, 0.06499984115362167, 0.06621452420949936, -1.3384462363319471e-05, -0.9978053569793701, -0.19004662334918976, 0.9816938638687134, -0.012624691240489483], "cam_t_m2c": [63.0686149597168, 32.999671936035156, 533.0682983398438], "obj_id": 0}, {"cam_R_m2c": [0.07225412875413895, -0.6545402407646179, 0.7525665163993835, -0.9316225647926331, 0.2251594215631485, 0.28527629375457764, -0.35617220401763916, -0.7217203378677368, -0.5935157537460327], "cam_t_m2c": [381.1385192871094, -72.19731903076172, 793.5297241210938], "obj_id": 1}, {"cam_R_m2c": [-0.17670971155166626, -0.8886817693710327, -0.4231054186820984, -0.9393607974052429, 0.023913877084851265, 0.3420954644680023, -0.293895959854126, 0.4579002857208252, -0.8390186429023743], "cam_t_m2c": [69.2560806274414, 50.4553108215332, 494.5469665527344], "obj_id": 0}, {"cam_R_m2c": [-0.20606279373168945, -0.9785059690475464, 0.00801239162683487, -0.898981511592865, 0.1925370991230011, 0.39339762926101685, -0.3864845931529999, 0.07386162132024765, -0.9193335175514221], "cam_t_m2c": [463.0082702636719, 11.660802841186523, 612.6250610351562], "obj_id": 0}, {"cam_R_m2c": [-0.29308420419692993, 0.577406644821167, -0.7620386481285095, -0.9462448954582214, -0.2892459034919739, 0.14476560056209564, -0.13682803511619568, 0.7635037899017334, 0.6311417818069458], "cam_t_m2c": [26.58512306213379, -92.53868865966797, 810.7463989257812], "obj_id": 1}, {"cam_R_m2c": [-0.5789064168930054, 0.15221086144447327, -0.8010611534118652, 0.6890336871147156, -0.433998167514801, -0.5804117918014526, -0.4360041618347168, -0.8879623413085938, 0.14636611938476562], "cam_t_m2c": [24.250146865844727, -4.5413432121276855, 613.8817138671875], "obj_id": 3}],
  "1": [{"cam_R_m2c": [0.7672851085662842, 0.6409714818000793, 0.02071443572640419, 0.44508203864097595, -0.5089819431304932, -0.7367762923240662, -0.4617093503475189, 0.5745370984077454, -0.6758191585540771], "cam_t_m2c": [-68.15431213378906, -13.48851203918457, 687.29443359375], "obj_id": 1}, {"cam_R_m2c": [0.7672851085662842, 0.6409714818000793, 0.02071443572640419, 0.44508203864097595, -0.5089819431304932, -0.7367762923240662, -0.4617093503475189, 0.5745370984077454, -0.6758191585540771], "cam_t_m2c": [-68.15431213378906, -13.48851203918457, 687.29443359375], "obj_id": 0}, {"cam_R_m2c": [0.7672851085662842, 0.6409714818000793, 0.02071443572640419, 0.44508203864097595, -0.5089819431304932, -0.7367762923240662, -0.4617093503475189, 0.5745370984077454, -0.6758191585540771], "cam_t_m2c": [-68.15431213378906, -13.48851203918457, 687.29443359375], "obj_id": 0}, {"cam_R_m2c": [0.7672851085662842, 0.6409714818000793, 0.02071443572640419, 0.44508203864097595, -0.5089819431304932, -0.7367762923240662, -0.4617093503475189, 0.5745370984077454, -0.6758191585540771], "cam_t_m2c": [-68.15431213378906, -13.48851203918457, 687.29443359375], "obj_id": 3}, {"cam_R_m2c": [0.7672851085662842, 0.6409714818000793, 0.02071443572640419, 0.44508203864097595, -0.5089819431304932, -0.7367762923240662, -0.4617093503475189, 0.5745370984077454, -0.6758191585540771], "cam_t_m2c": [-68.15431213378906, -13.48851203918457, 687.29443359375], "obj_id": 2}, {"cam_R_m2c": [0.7672851085662842, 0.6409714818000793, 0.02071443572640419, 0.44508203864097595, -0.5089819431304932, -0.7367762923240662, -0.4617093503475189, 0.5745370984077454, -0.6758191585540771], "cam_t_m2c": [-68.15431213378906, -13.48851203918457, 687.29443359375], "obj_id": 0}, {"cam_R_m2c": [0.7672851085662842, 0.6409714818000793, 0.02071443572640419, 0.44508203864097595, -0.5089819431304932, -0.7367762923240662, -0.4617093503475189, 0.5745370984077454, -0.6758191585540771], "cam_t_m2c": [-68.15431213378906, -13.48851203918457, 687.29443359375], "obj_id": 3}, {"cam_R_m2c": [0.7672851085662842, 0.6409714818000793, 0.02071443572640419, 0.44508203864097595, -0.5089819431304932, -0.7367762923240662, -0.4617093503475189, 0.5745370984077454, -0.6758191585540771], "cam_t_m2c": [-68.15431213378906, -13.48851203918457, 687.29443359375], "obj_id": 2}, {"cam_R_m2c": [0.7672851085662842, 0.6409714818000793, 0.02071443572640419, 0.44508203864097595, -0.5089819431304932, -0.7367762923240662, -0.4617093503475189, 0.5745370984077454, -0.6758191585540771], "cam_t_m2c": [-68.15431213378906, -13.48851203918457, 687.29443359375], "obj_id": 0}, {"cam_R_m2c": [0.7672851085662842, 0.6409714818000793, 0.02071443572640419, 0.44508203864097595, -0.5089819431304932, -0.7367762923240662, -0.4617093503475189, 0.5745370984077454, -0.6758191585540771], "cam_t_m2c": [-68.15431213378906, -13.48851203918457, 687.29443359375], "obj_id": 0}, {"cam_R_m2c": [0.7672851085662842, 0.6409714818000793, 0.02071443572640419, 0.44508203864097595, -0.5089819431304932, -0.7367762923240662, -0.4617093503475189, 0.5745370984077454, -0.6758191585540771], "cam_t_m2c": [-68.15431213378906, -13.48851203918457, 687.29443359375], "obj_id": 0}, {"cam_R_m2c": [0.7672851085662842, 0.6409714818000793, 0.02071443572640419, 0.44508203864097595, -0.5089819431304932, -0.7367762923240662, -0.4617093503475189, 0.5745370984077454, -0.6758191585540771], "cam_t_m2c": [-68.15431213378906, -13.48851203918457, 687.29443359375], "obj_id": 0}, {"cam_R_m2c": [0.7672851085662842, 0.6409714818000793, 0.02071443572640419, 0.44508203864097595, -0.5089819431304932, -0.7367762923240662, -0.4617093503475189, 0.5745370984077454, -0.6758191585540771], "cam_t_m2c": [-68.15431213378906, -13.48851203918457, 687.29443359375], "obj_id": 2}, {"cam_R_m2c": [0.7672851085662842, 0.6409714818000793, 0.02071443572640419, 0.44508203864097595, -0.5089819431304932, -0.7367762923240662, -0.4617093503475189, 0.5745370984077454, -0.6758191585540771], "cam_t_m2c": [-68.15431213378906, -13.48851203918457, 687.29443359375], "obj_id": 1}, {"cam_R_m2c": [0.7672851085662842, 0.6409714818000793, 0.02071443572640419, 0.44508203864097595, -0.5089819431304932, -0.7367762923240662, -0.4617093503475189, 0.5745370984077454, -0.6758191585540771], "cam_t_m2c": [-68.15431213378906, -13.48851203918457, 687.29443359375], "obj_id": 1}, {"cam_R_m2c": [0.7672851085662842, 0.6409714818000793, 0.02071443572640419, 0.44508203864097595, -0.5089819431304932, -0.7367762923240662, -0.4617093503475189, 0.5745370984077454, -0.6758191585540771], "cam_t_m2c": [-68.15431213378906, -13.48851203918457, 687.29443359375], "obj_id": 3}, {"cam_R_m2c": [0.7672851085662842, 0.6409714818000793, 0.02071443572640419, 0.44508203864097595, -0.5089819431304932, -0.7367762923240662, -0.4617093503475189, 0.5745370984077454, -0.6758191585540771], "cam_t_m2c": [-68.15431213378906, -13.48851203918457, 687.29443359375], "obj_id": 1}, {"cam_R_m2c": [0.7672851085662842, 0.6409714818000793, 0.02071443572640419, 0.44508203864097595, -0.5089819431304932, -0.7367762923240662, -0.4617093503475189, 0.5745370984077454, -0.6758191585540771], "cam_t_m2c": [-68.15431213378906, -13.48851203918457, 687.29443359375], "obj_id": 2}, {"cam_R_m2c": [0.7672851085662842, 0.6409714818000793, 0.02071443572640419, 0.44508203864097595, -0.5089819431304932, -0.7367762923240662, -0.4617093503475189, 0.5745370984077454, -0.6758191585540771], "cam_t_m2c": [-68.15431213378906, -13.48851203918457, 687.29443359375], "obj_id": 0}, {"cam_R_m2c": [0.7672851085662842, 0.6409714818000793, 0.02071443572640419, 0.44508203864097595, -0.5089819431304932, -0.7367762923240662, -0.4617093503475189, 0.5745370984077454, -0.6758191585540771], "cam_t_m2c": [-68.15431213378906, -13.48851203918457, 687.29443359375], "obj_id": 3}, {"cam_R_m2c": [0.7672851085662842, 0.6409714818000793, 0.02071443572640419, 0.44508203864097595, -0.5089819431304932, -0.7367762923240662, -0.4617093503475189, 0.5745370984077454, -0.6758191585540771], "cam_t_m2c": [-68.15431213378906, -13.48851203918457, 687.29443359375], "obj_id": 0}, {"cam_R_m2c": [0.7672851085662842, 0.6409714818000793, 0.02071443572640419, 0.44508203864097595, -0.5089819431304932, -0.7367762923240662, -0.4617093503475189, 0.5745370984077454, -0.6758191585540771], "cam_t_m2c": [-68.15431213378906, -13.48851203918457, 687.29443359375], "obj_id": 3}, {"cam_R_m2c": [0.7672851085662842, 0.6409714818000793, 0.02071443572640419, 0.44508203864097595, -0.5089819431304932, -0.7367762923240662, -0.4617093503475189, 0.5745370984077454, -0.6758191585540771], "cam_t_m2c": [-68.15431213378906, -13.48851203918457, 687.29443359375], "obj_id": 1}, {"cam_R_m2c": [0.7672851085662842, 0.6409714818000793, 0.02071443572640419, 0.44508203864097595, -0.5089819431304932, -0.7367762923240662, -0.4617093503475189, 0.5745370984077454, -0.6758191585540771], "cam_t_m2c": [-68.15431213378906, -13.48851203918457, 687.29443359375], "obj_id": 0}, {"cam_R_m2c": [0.7334015369415283, 0.49249088764190674, -0.4685881733894348, 0.03502931818366051, 0.6610128283500671, 0.7495565414428711, 0.6788925528526306, -0.5661402344703674, 0.46753621101379395], "cam_t_m2c": [170.2877960205078, -46.13727951049805, 656.212158203125], "obj_id": 3}, {"cam_R_m2c": [-0.22014158964157104, 0.884914219379425, 0.41044408082962036, 0.9223244786262512, 0.3258120119571686, -0.20775936543941498, -0.3175768256187439, 0.332826167345047, -0.8879028558731079], "cam_t_m2c": [-149.62237548828125, 15.208723068237305, 579.5274658203125], "obj_id": 3}, {"cam_R_m2c": [-0.020917126908898354, -0.9268667697906494, -0.3748070299625397, -0.7114408016204834, 0.2771918475627899, -0.6457681655883789, 0.7024345397949219, 0.25314536690711975, -0.6652088761329651], "cam_t_m2c": [54.01046371459961, -48.26713180541992, 654.9701538085938], "obj_id": 0}, {"cam_R_m2c": [-0.04214996099472046, 0.8792131543159485, 0.4745602607727051, -0.7539541125297546, 0.2836724519729614, -0.5925225615501404, -0.655573308467865, -0.3827715516090393, 0.6509296894073486], "cam_t_m2c": [-290.329833984375, -221.09547424316406, 832.8328247070312], "obj_id": 1}, {"cam_R_m2c": [-0.046038683503866196, -0.20700253546237946, 0.9772565364837646, -0.5618965029716492, 0.8142217397689819, 0.14599747955799103, -0.8259254097938538, -0.5423955321311951, -0.15379969775676727], "cam_t_m2c": [93.85990905761719, -58.09165573120117, 666.9022216796875], "obj_id": 0}, {"cam_R_m2c": [0.05894552916288376, 0.2218073457479477, 0.9733072519302368, -0.5561105608940125, 0.8169962167739868, -0.15250633656978607, -0.8290153741836548, -0.5322768688201904, 0.17150768637657166], "cam_t_m2c": [-114.1783676147461, -302.3417053222656, 926.8064575195312], "obj_id": 0}, {"cam_R_m2c": [-0.16438868641853333, -0.923671305179596, -0.34613263607025146, -0.42090925574302673, -0.2516687214374542, 0.8714920282363892, -0.8920828700065613, 0.2889538109302521, -0.3474103510379791], "cam_t_m2c": [-234.9310302734375, 17.155258178710938, 574.79052734375], "obj_id": 1}, {"cam_R_m2c": [0.7778286933898926, 0.6048145294189453, -0.17082718014717102, 0.6275354623794556, -0.7325553297996521, 0.2637459337711334, 0.034376997500658035, -0.31234925985336304, -0.9493451118469238], "cam_t_m2c": [-24.212299346923828, -10.480042457580566, 611.377197265625], "obj_id": 3}]
}