{
  "0": [{"cam_R_m2c": [-0.42357906699180603, 0.4786870777606964, -0.7690508365631104, -0.07952132076025009, 0.8260471820831299, 0.5579626560211182, 0.9023618698120117, 0.29749733209609985, -0.31183046102523804], "cam_t_m2c": [-327.5343933105469, 256.5782165527344, 799.964111328125], "obj_id": 2}, {"cam_R_m2c": [-0.7092397809028625, 0.5394638180732727, -0.45382529497146606, -0.6788208484649658, -0.6963005065917969, 0.2331686019897461, -0.19021281599998474, 0.473438560962677, 0.8600435853004456], "cam_t_m2c": [-309.4757385253906, 303.31024169921875, 815.8359985351562], "obj_id": 2}, {"cam_R_m2c": [-0.8558518290519714, 0.2837880551815033, 0.4324139952659607, 0.16910165548324585, 0.9436167478561401, -0.2845911383628845, -0.4887966513633728, -0.17044593393802643, -0.8555850982666016], "cam_t_m2c": [-412.7106628417969, 564.132080078125, 813.9469604492188], "obj_id": 2}, {"cam_R_m2c": [-0.1414622962474823, -0.35488253831863403, 0.9241465330123901, -0.48374563455581665, 0.8392661213874817, 0.2482389211654663, -0.8637005686759949, -0.41193538904190063, -0.29039740562438965], "cam_t_m2c": [-424.9644775390625, 256.3072814941406, 920.8641357421875], "obj_id": 0}],
  "1": [{"cam_R_m2c": [-0.392548531293869, 0.48194247484207153, -0.7833496928215027, -0.11007262021303177, 0.8209767937660217, 0.5602508783340454, 0.9131206274032593, 0.3061511218547821, -0.26922452449798584], "cam_t_m2c": [-332.41241455078125, 257.11163330078125, 733.2156372070312], "obj_id": 2}, {"cam_R_m2c": [-0.709915280342102, 0.5603732466697693, -0.4266170263290405, -0.6790357232093811, -0.705346405506134, 0.20346249639987946, -0.18689784407615662, 0.4341293275356293, 0.8812496066093445], "cam_t_m2c": [-314.1944580078125, 302.88201904296875, 749.8536987304688], "obj_id": 2}, {"cam_R_m2c": [-0.872998833656311, 0.27060383558273315, 0.4057662785053253, 0.1760893315076828, 0.9507236480712891, -0.2551804780960083, -0.45482441782951355, -0.1513211727142334, -0.8776311278343201], "cam_t_m2c": [-419.45623779296875, 563.0941162109375, 759.3092041015625], "obj_id": 2}, {"cam_R_m2c": [-0.16649851202964783, -0.3749536871910095, 0.9119691848754883, -0.45902085304260254, 0.8480265140533447, 0.2648601830005646, -0.8726843595504761, -0.37451407313346863, -0.3133067190647125], "cam_t_m2c": [-425.7410888671875, 252.09254455566406, 857.1648559570312], "obj_id": 0}]
}