{
  "0": [{"cam_R_m2c": [0.332420289516449, 0.9254966974258423, 0.1815284788608551, -0.6967113018035889, 0.11124465614557266, 0.7086734175682068, 0.6356808543205261, -0.3620503544807434, 0.6817839741706848], "cam_t_m2c": [-70.44708251953125, 20.993295669555664, 356.23565673828125], "obj_id": 0}, {"cam_R_m2c": [-0.6178718209266663, 0.32917436957359314, -0.7140578627586365, -0.6112971305847168, -0.77227383852005, 0.1729418784379959, -0.4945201873779297, 0.5433574318885803, 0.6783896088600159], "cam_t_m2c": [-260.80230712890625, -132.23391723632812, 348.70013427734375], "obj_id": 1}, {"cam_R_m2c": [0.3183339536190033, 0.8828003406524658, -0.3454374670982361, -0.31826454401016235, -0.2437177151441574, -0.9161383509635925, -0.8929564356803894, 0.40157845616340637, 0.20338039100170135], "cam_t_m2c": [33.2850227355957, -88.23863983154297, 186.57601928710938], "obj_id": 2}, {"cam_R_m2c": [-0.18920400738716125, 0.4406565725803375, -0.8775098919868469, 0.9703532457351685, 0.22077196836471558, -0.09835798293352127, 0.1503874808549881, -0.8701043128967285, -0.4693634808063507], "cam_t_m2c": [207.84446716308594, -105.23214721679688, 437.1319580078125], "obj_id": 3}, {"cam_R_m2c": [0.22029882669448853, 0.5700643658638, -0.7915143370628357, 0.6824482083320618, -0.6698561906814575, -0.29250094294548035, -0.6969452500343323, -0.4757300019264221, -0.5366078615188599], "cam_t_m2c": [-182.77442932128906, -89.65655517578125, 440.3470153808594], "obj_id": 0}, {"cam_R_m2c": [-0.6459192037582397, -0.5744636058807373, 0.5027722716331482, -0.7427411079406738, 0.6250954866409302, -0.2399817556142807, -0.17641986906528473, -0.5284384489059448, -0.8304389715194702], "cam_t_m2c": [-219.74810791015625, -119.88971710205078, 414.39971923828125], "obj_id": 1}, {"cam_R_m2c": [0.5097085237503052, 0.7224494814872742, 0.46718722581863403, -0.5394540429115295, 0.6913875937461853, -0.4805959463119507, -0.6702137589454651, -0.007062188349664211, 0.7421345114707947], "cam_t_m2c": [-262.60357666015625, -172.2186279296875, 287.20556640625], "obj_id": 2}, {"cam_R_m2c": [-0.9663596153259277, 0.06014637649059296, -0.25006258487701416, 0.2380896359682083, -0.15852230787277222, -0.9582191109657288, -0.09727393090724945, -0.985521674156189, 0.13886946439743042], "cam_t_m2c": [-112.12997436523438, -97.63703155517578, 515.7443237304688], "obj_id": 3}, {"cam_R_m2c": [0.44460949301719666, 0.5246458649635315, -0.7259952425956726, -0.01775643229484558, -0.8051899671554565, -0.5927508473396301, -0.8955484628677368, 0.27643370628356934, -0.34867918491363525], "cam_t_m2c": [11.586935997009277, 37.280372619628906, 337.10400390625], "obj_id": 0}, {"cam_R_m2c": [0.7268320918083191, -0.486775666475296, -0.48452508449554443, -0.6001824736595154, -0.1071816086769104, -0.7926494479179382, 0.3339102864265442, 0.8669265508651733, -0.37005728483200073], "cam_t_m2c": [-162.4235382080078, -42.62726974487305, 281.9583435058594], "obj_id": 1}, {"cam_R_m2c": [-0.8770495653152466, 0.4384053647518158, -0.19642974436283112, 0.45877769589424133, 0.8856476545333862, -0.07177191972732544, 0.14250235259532928, -0.15306513011455536, -0.9778875112533569], "cam_t_m2c": [-181.37045288085938, -55.66579818725586, 241.90765380859375], "obj_id": 2}, {"cam_R_m2c": [-0.7368223667144775, -0.33336398005485535, 0.5881845951080322, -0.302898108959198, 0.9405577778816223, 0.15363536775112152, -0.6044381260871887, -0.06495802849531174, -0.7939993143081665], "cam_t_m2c": [-177.4649200439453, -61.88151168823242, 387.7901306152344], "obj_id": 3}, {"cam_R_m2c": [0.3127989172935486, 0.7750201225280762, 0.5490908026695251, -0.8871035575866699, 0.44496411085128784, -0.12269573658704758, -0.33941736817359924, -0.4487212896347046, 0.8267073631286621], "cam_t_m2c": [-21.00876235961914, -54.89363479614258, 314.04071044921875], "obj_id": 0}, {"cam_R_m2c": [-0.20903082191944122, -0.9742512106895447, -0.08450198173522949, 0.9657002687454224, -0.1920374184846878, -0.17477008700370789, 0.15404242277145386, -0.11813592910766602, 0.9809764623641968], "cam_t_m2c": [-156.81675720214844, -37.97293472290039, 340.7933349609375], "obj_id": 1}, {"cam_R_m2c": [0.9336501359939575, -0.1999087780714035, -0.2972102761268616, 0.10710042715072632, 0.9476110339164734, -0.30093657970428467, 0.3417995870113373, 0.24913811683654785, 0.9061474800109863], "cam_t_m2c": [-111.52037811279297, 5.125298023223877, 271.327392578125], "obj_id": 2}, {"cam_R_m2c": [-0.43793782591819763, 0.7810219526290894, -0.44521352648735046, 0.7991452217102051, 0.5650469064712524, 0.20515573024749756, 0.4117976725101471, -0.26594480872154236, -0.871605396270752], "cam_t_m2c": [79.41761779785156, -163.67852783203125, 386.8291320800781], "obj_id": 3}]
}