{
  "0": [{"cam_R_m2c": [0.7113449573516846, 0.6914176344871521, -0.12621407210826874, -0.34818077087402344, 0.5026569366455078, 0.7912687063217163, 0.6105394959449768, -0.5189197063446045, 0.5983008146286011], "cam_t_m2c": [-75.69247436523438, 3.353241443634033, 390.24798583984375], "obj_id": 0}, {"cam_R_m2c": [-0.27397969365119934, 0.7362782955169678, -0.6187318563461304, -0.89726322889328, -0.427278608083725, -0.11113707721233368, -0.34619879722595215, 0.5247160792350769, 0.7777013778686523], "cam_t_m2c": [-161.1661376953125, -223.197998046875, 424.0008850097656], "obj_id": 1}, {"cam_R_m2c": [0.3299918472766876, 0.923780620098114, 0.19425418972969055, -0.2380782812833786, 0.2805738151073456, -0.9298371076583862, -0.9134681820869446, 0.26059094071388245, 0.3125191926956177], "cam_t_m2c": [48.69443893432617, -62.45384979248047, 212.27694702148438], "obj_id": 2}, {"cam_R_m2c": [-0.637127161026001, 0.16313496232032776, -0.7532966732978821, 0.7609555125236511, 0.2885180115699768, -0.5811230540275574, 0.12253817915916443, -0.9434745907783508, -0.307961106300354], "cam_t_m2c": [235.32540893554688, 43.13475036621094, 430.3548889160156], "obj_id": 3}, {"cam_R_m2c": [-0.23946939408779144, 0.771806538105011, -0.5890406966209412, 0.6001311540603638, -0.3592471778392792, -0.7146915197372437, -0.7632148861885071, -0.5246484279632568, -0.37715640664100647], "cam_t_m2c": [-105.59383392333984, -135.65940856933594, 498.4927673339844], "obj_id": 0}, {"cam_R_m2c": [-0.19428758323192596, -0.8691090941429138, 0.45486462116241455, -0.9807257652282715, 0.18189431726932526, -0.07135473936796188, -0.02072225697338581, -0.4599607586860657, -0.8876975178718567], "cam_t_m2c": [-124.7918930053711, -183.40196228027344, 480.9872741699219], "obj_id": 1}, {"cam_R_m2c": [0.6315109133720398, 0.2644481360912323, 0.7288765907287598, -0.30344057083129883, 0.9493554830551147, -0.08153539896011353, -0.7135248780250549, -0.16968025267124176, 0.6797726154327393], "cam_t_m2c": [-149.50770568847656, -266.81591796875, 366.1635437011719], "obj_id": 2}, {"cam_R_m2c": [-0.9569937586784363, 0.017749609425663948, 0.28956422209739685, -0.28518036007881165, -0.2407359927892685, -0.9277489185333252, 0.053241390734910965, -0.9704281687736511, 0.23544496297836304], "cam_t_m2c": [-32.51482391357422, -97.41592407226562, 561.2301635742188], "obj_id": 3}, {"cam_R_m2c": [0.28476542234420776, 0.8889185786247253, -0.35879290103912354, 0.08204719424247742, -0.39551764726638794, -0.9147862792015076, -0.9550794959068298, 0.23106153309345245, -0.18556299805641174], "cam_t_m2c": [-16.17140007019043, 55.194236755371094, 356.62322998046875], "obj_id": 0}, {"cam_R_m2c": [0.9639620780944824, -0.2605823874473572, -0.05360928922891617, -0.11184044182300568, -0.21408973634243011, -0.9703903198242188, 0.2413894087076187, 0.9414151310920715, -0.23551803827285767], "cam_t_m2c": [-130.465087890625, -106.77986907958984, 336.44256591796875], "obj_id": 1}, {"cam_R_m2c": [-0.965141236782074, -0.0935896635055542, -0.24442395567893982, -0.018868152052164078, 0.9563314318656921, -0.29167476296424866, 0.2610480487346649, -0.27689555287361145, -0.9247607588768005], "cam_t_m2c": [-144.64846801757812, -132.77911376953125, 301.0036315917969], "obj_id": 2}, {"cam_R_m2c": [-0.5449355244636536, -0.7699608206748962, 0.33197182416915894, -0.7058919668197632, 0.6349475979804993, 0.3139394521713257, -0.45250582695007324, -0.06325946748256683, -0.889514684677124], "cam_t_m2c": [-121.26229095458984, -116.33147430419922, 444.2452087402344], "obj_id": 3}, {"cam_R_m2c": [0.6784172654151917, 0.3833816647529602, 0.626712441444397, -0.6542155146598816, 0.703404426574707, 0.27789247035980225, -0.3342933654785156, -0.5985320210456848, 0.7280159592628479], "cam_t_m2c": [0.17494894564151764, -43.219539642333984, 344.8773193359375], "obj_id": 0}, {"cam_R_m2c": [-0.6512607336044312, -0.7475847005844116, 0.13029347360134125, 0.7476785182952881, -0.6614989042282104, -0.05827425792813301, 0.1297539472579956, 0.05946589261293411, 0.989761471748352], "cam_t_m2c": [-121.23126983642578, -92.00520324707031, 393.109130859375], "obj_id": 1}, {"cam_R_m2c": [0.7819947004318237, -0.6232709288597107, 0.004198761656880379, 0.5989493131637573, 0.7495812177658081, -0.28175821900367737, 0.17246440052986145, 0.2228482961654663, 0.9594762325286865], "cam_t_m2c": [-112.51701354980469, -42.09541702270508, 314.57373046875], "obj_id": 2}, {"cam_R_m2c": [-0.7321414947509766, 0.34865379333496094, -0.5851575136184692, 0.5267859697341919, 0.8344311118125916, -0.16192962229251862, 0.4318162500858307, -0.4268081784248352, -0.7945875525474548], "cam_t_m2c": [149.59120178222656, -77.26195526123047, 405.9810485839844], "obj_id": 3}]
}