{
  "0": [{"cam_R_m2c": [0.7218848466873169, -0.20800016820430756, -0.660013735294342, -0.6321478486061096, 0.1898372620344162, -0.7512328028678894, 0.281551718711853, 0.9595298767089844, 0.0055537959560751915], "cam_t_m2c": [-323.7969665527344, -100.57051849365234, 1110.57763671875], "obj_id": 3}, {"cam_R_m2c": [-0.8073146343231201, -0.1412719339132309, 0.5729618072509766, -0.5885729789733887, 0.12247716635465622, -0.7991127371788025, 0.042717475444078445, -0.9823653101921082, -0.1820264309644699], "cam_t_m2c": [-442.951904296875, 112.09906768798828, 937.1928100585938], "obj_id": 3}, {"cam_R_m2c": [0.3367750644683838, 0.9413174390792847, 0.022450288757681847, -0.4869050681591034, 0.15369322896003723, 0.8598266839981079, 0.805919349193573, -0.3004993498325348, 0.5100922584533691], "cam_t_m2c": [-256.58966064453125, 197.77626037597656, 980.6242065429688], "obj_id": 3}, {"cam_R_m2c": [-0.9918359518051147, 0.06177326291799545, -0.1115584522485733, 0.12067169696092606, 0.17184089124202728, -0.9777059555053711, -0.041225794702768326, -0.9831859469413757, -0.17789214849472046], "cam_t_m2c": [-483.9457092285156, 70.70488739013672, 948.8447265625], "obj_id": 3}, {"cam_R_m2c": [0.4770875871181488, -0.2680816352367401, -0.8369705080986023, 0.6851056218147278, -0.4830522835254669, 0.5452436208724976, -0.5504704117774963, -0.8335421681404114, -0.046793971210718155], "cam_t_m2c": [-561.4583129882812, -13.223828315734863, 1039.090576171875], "obj_id": 3}, {"cam_R_m2c": [0.8424206972122192, 0.08372260630130768, -0.5322761535644531, 0.4954532980918884, -0.5086427927017212, 0.7041366696357727, -0.21178631484508514, -0.8568972945213318, -0.4699718654155731], "cam_t_m2c": [-376.8702697753906, -3.3079068660736084, 1241.2978515625], "obj_id": 3}, {"cam_R_m2c": [0.3394242823123932, -0.1701747477054596, 0.925111711025238, 0.04923652857542038, -0.9789361953735352, -0.1981407105922699, 0.9393438696861267, 0.11280305683612823, -0.3238959014415741], "cam_t_m2c": [-258.1860046386719, -14.215934753417969, 1254.40185546875], "obj_id": 3}, {"cam_R_m2c": [-0.2379453033208847, 0.9680530428886414, -0.07909085601568222, 0.2528616189956665, 0.1403624266386032, 0.957266628742218, 0.9377862215042114, 0.20777806639671326, -0.2781820297241211], "cam_t_m2c": [-303.83453369140625, -111.78641510009766, 1146.6666259765625], "obj_id": 3}, {"cam_R_m2c": [-0.9320720434188843, -0.3283618986606598, 0.15303705632686615, 0.31394243240356445, -0.9429197907447815, -0.11109698563814163, 0.18078167736530304, -0.05550555884838104, 0.9819557666778564], "cam_t_m2c": [-469.0277404785156, 93.91812896728516, 868.9649658203125], "obj_id": 3}, {"cam_R_m2c": [-0.9529637098312378, 0.12829144299030304, 0.27459263801574707, 0.12107647955417633, 0.9917053580284119, -0.04313952103257179, -0.2778494358062744, -0.007863692007958889, -0.9605922698974609], "cam_t_m2c": [-408.5911560058594, 121.9970932006836, 997.7142333984375], "obj_id": 3}, {"cam_R_m2c": [-0.024687057361006737, 0.13742829859256744, -0.9902039766311646, 0.981245219707489, -0.18608739972114563, -0.05029045417904854, -0.1911758929491043, -0.9728745222091675, -0.13025684654712677], "cam_t_m2c": [-232.6481475830078, 222.83929443359375, 1199.0675048828125], "obj_id": 3}, {"cam_R_m2c": [0.7415462136268616, 0.1519233137369156, 0.6534742116928101, -0.005385059397667646, -0.9726444482803345, 0.2322365939617157, 0.6708801984786987, -0.17573316395282745, -0.7204426527023315], "cam_t_m2c": [-334.2149353027344, 32.02191925048828, 1216.608154296875], "obj_id": 3}, {"cam_R_m2c": [-0.44587594270706177, 0.6492465138435364, 0.6161766052246094, -0.7966761589050293, -0.6016678810119629, 0.057470615953207016, 0.40804627537727356, -0.46526843309402466, 0.7855084538459778], "cam_t_m2c": [-228.74151611328125, -116.47625732421875, 1260.1396484375], "obj_id": 3}, {"cam_R_m2c": [-0.24820198118686676, 0.9141815900802612, 0.3204180896282196, 0.66255122423172, -0.08110088855028152, 0.744612991809845, 0.7066977024078369, 0.3971078097820282, -0.5855627655982971], "cam_t_m2c": [-236.74923706054688, -182.9515838623047, 1219.4351806640625], "obj_id": 3}, {"cam_R_m2c": [0.6112091541290283, 0.6672249436378479, 0.42571619153022766, -0.7043039798736572, 0.7039055824279785, -0.09204800426959991, -0.36108073592185974, -0.24357303977012634, 0.9001626968383789], "cam_t_m2c": [-273.3934020996094, 139.05642700195312, 1218.7216796875], "obj_id": 3}, {"cam_R_m2c": [-0.9541839361190796, -0.18894310295581818, 0.2320202887058258, -0.2986605167388916, 0.6488112807273865, -0.6998898386955261, -0.01829802431166172, -0.7371189594268799, -0.6755151152610779], "cam_t_m2c": [-430.82403564453125, 129.7296142578125, 1247.63427734375], "obj_id": 3}, {"cam_R_m2c": [-0.6142390966415405, 0.7460062503814697, 0.25726404786109924, -0.7811099886894226, -0.6211186051368713, -0.06386417150497437, 0.11214844137430191, -0.2401794046163559, 0.9642285108566284], "cam_t_m2c": [-278.1144714355469, 88.04972839355469, 892.4902954101562], "obj_id": 3}, {"cam_R_m2c": [-0.610530436038971, 0.20661517977714539, 0.764566957950592, 0.7040443420410156, 0.583726704120636, 0.4044560492038727, -0.362731397151947, 0.7852218151092529, -0.5018491744995117], "cam_t_m2c": [-216.73716735839844, -37.01708221435547, 1183.611328125], "obj_id": 3}, {"cam_R_m2c": [0.23099757730960846, 0.42562711238861084, 0.8749180436134338, -0.27602672576904297, 0.890960156917572, -0.3605540692806244, -0.9329786896705627, -0.15821367502212524, 0.32329410314559937], "cam_t_m2c": [-350.4188537597656, 189.4960174560547, 863.6013793945312], "obj_id": 3}, {"cam_R_m2c": [-0.22486715018749237, 0.5341177582740784, -0.8149556517601013, 0.9643169641494751, 0.2419355809688568, -0.10751664638519287, 0.13974013924598694, -0.8100526332855225, -0.5694621205329895], "cam_t_m2c": [-145.55279541015625, 0.9175575971603394, 895.2124633789062], "obj_id": 3}, {"cam_R_m2c": [-0.1470540314912796, 0.9850316047668457, 0.08993148803710938, 0.7952656149864197, 0.06367999315261841, 0.6029073596000671, 0.5881560444831848, 0.16017943620681763, -0.7927261590957642], "cam_t_m2c": [-546.5174560546875, -16.811487197875977, 895.15478515625], "obj_id": 3}, {"cam_R_m2c": [0.2195255607366562, 0.97078537940979, -0.09687185287475586, 0.8269890546798706, -0.23784314095973969, -0.5094307065010071, -0.5175882577896118, 0.0317210778594017, -0.85504150390625], "cam_t_m2c": [-155.29226684570312, 88.74752044677734, 1023.0637817382812], "obj_id": 3}, {"cam_R_m2c": [-0.8724743723869324, 0.3422980308532715, -0.3487411439418793, 0.0056559257209300995, -0.7065470814704895, -0.7076433300971985, -0.48862698674201965, -0.6193732023239136, 0.614508330821991], "cam_t_m2c": [-227.19186401367188, -23.0275936126709, 1274.4591064453125], "obj_id": 3}, {"cam_R_m2c": [-0.03429122269153595, -0.1458357274532318, 0.988714337348938, 0.5419551134109497, 0.8284948468208313, 0.14099974930286407, -0.8397074937820435, 0.5406738519668579, 0.05062633007764816], "cam_t_m2c": [-318.075927734375, -40.30942153930664, 1278.583740234375], "obj_id": 3}, {"cam_R_m2c": [0.524399995803833, 0.1570146381855011, 0.8368698358535767, 0.6827927231788635, 0.5096718668937683, -0.5234774947166443, -0.5087226629257202, 0.845920205116272, 0.1600634753704071], "cam_t_m2c": [-229.8769073486328, -54.4433708190918, 1218.5902099609375], "obj_id": 3}, {"cam_R_m2c": [0.324085533618927, 0.8893272280693054, 0.3225919306278229, 0.6194251179695129, 0.05825505405664444, -0.7828912734985352, -0.7150391936302185, 0.4535452425479889, -0.5319919586181641], "cam_t_m2c": [-413.15777587890625, -100.75855255126953, 901.5320434570312], "obj_id": 3}, {"cam_R_m2c": [-0.6942254304885864, 0.5199137926101685, -0.4977351427078247, 0.5033823251724243, -0.14355605840682983, -0.8520549535751343, -0.5144481658935547, -0.8420694470405579, -0.16205494105815887], "cam_t_m2c": [-175.90187072753906, 23.850662231445312, 1059.9451904296875], "obj_id": 3}, {"cam_R_m2c": [0.04533970728516579, 0.8812167644500732, -0.4705328643321991, 0.9881268739700317, -0.10877618938684464, -0.1085028275847435, -0.1467973291873932, -0.46002671122550964, -0.8756858706474304], "cam_t_m2c": [-209.6139373779297, 203.96250915527344, 887.713623046875], "obj_id": 3}, {"cam_R_m2c": [-0.6524999141693115, 0.6873358488082886, 0.3190818727016449, -0.6435829997062683, -0.2803473472595215, -0.7121841311454773, -0.4000559151172638, -0.6700558066368103, 0.6252843141555786], "cam_t_m2c": [-186.8514404296875, 237.22555541992188, 1233.98291015625], "obj_id": 1}, {"cam_R_m2c": [0.8888662457466125, 0.3560240864753723, -0.28838101029396057, 0.23656117916107178, 0.18241001665592194, 0.9543402791023254, 0.3923717141151428, -0.9165006279945374, 0.07791663706302643], "cam_t_m2c": [-478.704833984375, -16.594968795776367, 1025.5716552734375], "obj_id": 1}, {"cam_R_m2c": [-0.026714740321040154, -0.9608939290046692, 0.27562472224235535, 0.5422133803367615, -0.24556788802146912, -0.8035550713539124, 0.8398159146308899, 0.127980574965477, 0.5275700092315674], "cam_t_m2c": [-247.185546875, -106.59039306640625, 1134.92529296875], "obj_id": 1}, {"cam_R_m2c": [0.04862653836607933, -0.018741155043244362, 0.9986411333084106, -0.0506024993956089, 0.9984937906265259, 0.021202359348535538, -0.9975343346595764, -0.051564738154411316, 0.04760494828224182], "cam_t_m2c": [-490.58111572265625, -58.43111801147461, 915.5919189453125], "obj_id": 1}, {"cam_R_m2c": [0.7873029708862305, 0.3878135681152344, -0.4793272614479065, -0.5857806205749512, 0.22789543867111206, -0.7777690291404724, -0.19239288568496704, 0.893120527267456, 0.40659645199775696], "cam_t_m2c": [-156.8975830078125, 189.09242248535156, 1247.218994140625], "obj_id": 1}, {"cam_R_m2c": [0.7474513053894043, -0.6611534953117371, -0.06474989652633667, 0.1182362511754036, 0.036487169563770294, 0.9923148155212402, -0.6537099480628967, -0.7493627071380615, 0.10544472932815552], "cam_t_m2c": [-56.78469467163086, 114.12043762207031, 1002.2276611328125], "obj_id": 1}, {"cam_R_m2c": [-0.6434949040412903, 0.7281402349472046, 0.23606343567371368, -0.7424263954162598, -0.6687872409820557, 0.03907129168510437, 0.18632560968399048, -0.15011754631996155, 0.9709518551826477], "cam_t_m2c": [-111.30708312988281, 88.83348083496094, 1255.9095458984375], "obj_id": 1}, {"cam_R_m2c": [-0.9555310606956482, 0.1691754311323166, -0.24153612554073334, -0.2948768138885498, -0.5558581948280334, 0.777218759059906, -0.0027735342737287283, 0.813880205154419, 0.581026017665863], "cam_t_m2c": [-422.5000915527344, 133.39419555664062, 1001.9989013671875], "obj_id": 1}, {"cam_R_m2c": [-0.7755026817321777, -0.5613211989402771, 0.2889876961708069, 0.32391080260276794, 0.03915710002183914, 0.9452769160270691, -0.5419198870658875, 0.8266711235046387, 0.15145167708396912], "cam_t_m2c": [-303.298583984375, 143.85914611816406, 953.6151733398438], "obj_id": 1}, {"cam_R_m2c": [0.05878747999668121, -0.09196659177541733, 0.9940251708030701, 0.9803712964057922, 0.19303464889526367, -0.04012046381831169, -0.1881915032863617, 0.9768723845481873, 0.10150948911905289], "cam_t_m2c": [-159.532958984375, 222.5039825439453, 1212.2059326171875], "obj_id": 1}, {"cam_R_m2c": [-0.6769521832466125, -0.2355802208185196, -0.6973074078559875, 0.4403792917728424, 0.6294673085212708, -0.6401851177215576, 0.5897471308708191, -0.7404544949531555, -0.3223746120929718], "cam_t_m2c": [-343.6578369140625, -122.61811065673828, 1068.239990234375], "obj_id": 1}, {"cam_R_m2c": [0.8975163698196411, -0.0486479215323925, 0.4382895529270172, 0.1262359917163849, -0.9239601492881775, -0.36105722188949585, 0.4225267171859741, 0.3793826997280121, -0.8231282234191895], "cam_t_m2c": [-440.73052978515625, 92.42030334472656, 1184.9232177734375], "obj_id": 1}, {"cam_R_m2c": [0.8011105060577393, 0.5673407316207886, -0.1906472146511078, -0.5651324391365051, 0.8219212293624878, 0.07120946794748306, 0.1970970332622528, 0.05069427564740181, 0.9790724515914917], "cam_t_m2c": [-48.32890319824219, 141.04461669921875, 1238.2904052734375], "obj_id": 1}, {"cam_R_m2c": [0.28064289689064026, 0.9594637751579285, 0.025863539427518845, -0.2614913582801819, 0.05050342157483101, 0.9638836979866028, 0.9235052466392517, -0.27727022767066956, 0.2650648355484009], "cam_t_m2c": [-284.5077819824219, 192.0084991455078, 860.39453125], "obj_id": 1}, {"cam_R_m2c": [0.2950235605239868, 0.3700416684150696, -0.8809257745742798, 0.9551783204078674, -0.13776317238807678, 0.2620219886302948, -0.024400116875767708, -0.918743908405304, -0.3940991461277008], "cam_t_m2c": [-391.85186767578125, -14.848282814025879, 1270.792236328125], "obj_id": 1}, {"cam_R_m2c": [0.004779622424393892, 0.9260398745536804, -0.3773955702781677, 0.38053902983665466, 0.347321093082428, 0.8570637106895447, 0.9247525334358215, -0.14771021902561188, -0.35073426365852356], "cam_t_m2c": [-452.0921630859375, 11.936952590942383, 1147.567626953125], "obj_id": 1}, {"cam_R_m2c": [0.8137130737304688, 0.3683245778083801, 0.4496755003929138, 0.5342790484428406, -0.7786434292793274, -0.3290289342403412, 0.2289474755525589, 0.5079873204231262, -0.8303804397583008], "cam_t_m2c": [-224.47335815429688, -58.876529693603516, 1169.2030029296875], "obj_id": 1}, {"cam_R_m2c": [-0.6428050994873047, 0.7223502993583679, 0.25497397780418396, -0.7067822217941284, -0.6876251101493835, 0.1662248969078064, 0.29539909958839417, -0.0733608528971672, 0.9525532126426697], "cam_t_m2c": [-317.4911193847656, 75.17119598388672, 1261.1314697265625], "obj_id": 1}, {"cam_R_m2c": [0.2374923974275589, -0.9442076683044434, 0.22818680107593536, 0.6481285095214844, 0.3289990723133087, 0.6867961883544922, -0.7235515117645264, -0.01521448977291584, 0.6901026964187622], "cam_t_m2c": [-388.9653015136719, -18.092336654663086, 1181.988525390625], "obj_id": 1}, {"cam_R_m2c": [-0.3772369623184204, -0.31629860401153564, 0.8704294562339783, -0.9180285334587097, 0.0037689816672354937, -0.396496444940567, 0.12213064730167389, -0.9486522078514099, -0.29179292917251587], "cam_t_m2c": [-452.3637390136719, 131.9159698486328, 865.9892578125], "obj_id": 1}, {"cam_R_m2c": [-0.018888484686613083, -0.49972569942474365, -0.8659777045249939, 0.006106797605752945, -0.8661736845970154, 0.49970564246177673, -0.9998028874397278, 0.004150346387177706, 0.019412489607930183], "cam_t_m2c": [-216.2126922607422, 168.64111328125, 987.3158569335938], "obj_id": 1}, {"cam_R_m2c": [-0.34514153003692627, -0.9241117238998413, 0.16399618983268738, 0.4231315553188324, -0.30917641520500183, -0.8516862988471985, 0.8377571105957031, -0.22456036508083344, 0.4977305233478546], "cam_t_m2c": [-254.7539825439453, -0.7100570797920227, 1048.030517578125], "obj_id": 1}, {"cam_R_m2c": [0.027725642547011375, -0.30814388394355774, 0.9509356617927551, 0.9650043845176697, -0.23990973830223083, -0.1058768704533577, 0.2607640326023102, 0.9205926060676575, 0.2907085120677948], "cam_t_m2c": [-370.129150390625, 227.2018585205078, 976.5209350585938], "obj_id": 1}, {"cam_R_m2c": [0.06817124038934708, 0.8982856273651123, -0.43409180641174316, 0.6283250451087952, -0.3766303062438965, -0.6807035803794861, -0.7749583125114441, -0.22634631395339966, -0.5900907516479492], "cam_t_m2c": [-442.2161560058594, 51.53341293334961, 938.4235229492188], "obj_id": 1}, {"cam_R_m2c": [-0.8769004940986633, -0.45841166377067566, -0.14458394050598145, 0.4786841571331024, -0.8601604104042053, -0.1760277897119522, -0.04367217794060707, -0.2235688716173172, 0.973709225654602], "cam_t_m2c": [-396.7842712402344, 269.02069091796875, 1000.9932250976562], "obj_id": 1}, {"cam_R_m2c": [0.8080849647521973, 0.5809915661811829, -0.09719854593276978, 0.27235671877861023, -0.5148084163665771, -0.8128924369812012, -0.5223222970962524, 0.6304134726524353, -0.5742458701133728], "cam_t_m2c": [-338.92803955078125, 230.77024841308594, 991.8153686523438], "obj_id": 1}, {"cam_R_m2c": [0.3597833812236786, -0.27702847123146057, -0.8909607529640198, 0.4552912414073944, -0.7813737392425537, 0.4268077611923218, -0.8144112825393677, -0.5592049956321716, -0.1549966037273407], "cam_t_m2c": [-317.6657409667969, 3.7443959712982178, 1212.999755859375], "obj_id": 1}, {"cam_R_m2c": [-0.5562823414802551, -0.788486659526825, -0.2623712420463562, -0.7101481556892395, 0.6150368452072144, -0.3426649570465088, 0.43155473470687866, -0.004296006169170141, -0.9020764827728271], "cam_t_m2c": [-127.15904235839844, 17.622819900512695, 1068.6224365234375], "obj_id": 1}, {"cam_R_m2c": [0.8107671141624451, -0.08474135398864746, 0.5792025327682495, 0.00825866125524044, 0.9910234212875366, 0.13343313336372375, -0.5853105783462524, -0.10339975357055664, 0.8041890263557434], "cam_t_m2c": [-182.8887939453125, -74.69020080566406, 1001.7172241210938], "obj_id": 1}, {"cam_R_m2c": [-0.07323897629976273, -0.8422285318374634, 0.5341227054595947, 0.6134402751922607, 0.3842223882675171, 0.6899740099906921, -0.7863377332687378, 0.3781853914260864, 0.4885168671607971], "cam_t_m2c": [-265.3103942871094, 142.76528930664062, 1020.6812744140625], "obj_id": 1}, {"cam_R_m2c": [0.8051570653915405, 0.572884738445282, 0.1533789187669754, -0.04956808313727379, -0.1927117556333542, 0.9800025820732117, 0.5909864902496338, -0.7966587543487549, -0.12676642835140228], "cam_t_m2c": [-303.603759765625, 36.08549880981445, 895.5643310546875], "obj_id": 1}, {"cam_R_m2c": [-0.9285963773727417, 0.19278599321842194, -0.3170839250087738, 0.22058071196079254, 0.9738801717758179, -0.05386584624648094, 0.2984171509742737, -0.11996223032474518, -0.9468664526939392], "cam_t_m2c": [-443.673828125, -8.058600425720215, 1186.710693359375], "obj_id": 1}, {"cam_R_m2c": [-0.9753969311714172, 0.18170292675495148, -0.1248394027352333, -0.14965230226516724, -0.12992140650749207, 0.9801656007766724, 0.16187964379787445, 0.9747330546379089, 0.15391719341278076], "cam_t_m2c": [-462.46099853515625, 126.26335144042969, 1192.1597900390625], "obj_id": 1}, {"cam_R_m2c": [-0.17106594145298004, 0.8941131830215454, 0.4138815701007843, 0.8445444703102112, -0.08327599614858627, 0.5289703607559204, 0.5074257850646973, 0.4400302469730377, -0.7408725619316101], "cam_t_m2c": [-241.96287536621094, -52.14132308959961, 1161.695556640625], "obj_id": 1}, {"cam_R_m2c": [0.9518129229545593, -0.2530107796192169, -0.17331382632255554, -0.29267367720603943, -0.918218195438385, -0.26686516404151917, -0.09162017703056335, 0.3047301173210144, -0.9480215311050415], "cam_t_m2c": [-346.18267822265625, -51.83256912231445, 934.5943603515625], "obj_id": 1}, {"cam_R_m2c": [0.2046516388654709, -0.42981672286987305, 0.8794175386428833, 0.34528717398643494, -0.8089783191680908, -0.4757421612739563, 0.9159117937088013, 0.40101301670074463, -0.0171484537422657], "cam_t_m2c": [-253.82545471191406, 208.4080352783203, 914.6690673828125], "obj_id": 1}, {"cam_R_m2c": [0.7260463237762451, 0.4831595718860626, 0.4892990291118622, 0.5350677371025085, 0.04999562352895737, -0.8433284759521484, -0.4319250285625458, 0.8741036653518677, -0.22222396731376648], "cam_t_m2c": [-310.0208435058594, 25.99382781982422, 1249.47509765625], "obj_id": 1}, {"cam_R_m2c": [-0.7275213599205017, -0.5827551484107971, 0.36208972334861755, 0.006430875044316053, 0.5219468474388123, 0.8529537320137024, -0.6860548257827759, 0.622870683670044, -0.37597981095314026], "cam_t_m2c": [-326.409912109375, 282.517578125, 1027.6336669921875], "obj_id": 1}, {"cam_R_m2c": [0.5814768075942993, 0.8000394701957703, -0.1477208286523819, 0.7108659148216248, -0.5879368782043457, -0.3860045075416565, -0.39566943049430847, 0.11944292485713959, -0.9105924367904663], "cam_t_m2c": [-495.1103210449219, 112.34322357177734, 894.5831298828125], "obj_id": 1}, {"cam_R_m2c": [0.001859930343925953, 0.8124884366989136, -0.5829741954803467, 0.4784344434738159, -0.5126467347145081, -0.7129471302032471, -0.8781211972236633, -0.27758899331092834, -0.3896758556365967], "cam_t_m2c": [-243.65452575683594, 163.36936950683594, 904.1295776367188], "obj_id": 1}, {"cam_R_m2c": [0.7311571836471558, 0.5485671162605286, -0.40556538105010986, -0.6821706295013428, 0.5815843343734741, -0.44317367672920227, -0.007240030914545059, 0.6006944179534912, 0.7994459271430969], "cam_t_m2c": [-200.09130859375, 23.485776901245117, 1153.645263671875], "obj_id": 1}, {"cam_R_m2c": [0.12772059440612793, -0.5950941443443298, -0.7934421300888062, 0.9542849063873291, -0.14423874020576477, 0.2617928385734558, -0.27023646235466003, -0.7906062006950378, 0.5494670867919922], "cam_t_m2c": [-311.9726867675781, 65.39381408691406, 1036.9964599609375], "obj_id": 1}, {"cam_R_m2c": [0.4542013108730316, 0.270748496055603, -0.8487616777420044, 0.7723454236984253, 0.35519304871559143, 0.5266121625900269, 0.44405367970466614, -0.8947251439094543, -0.04778221622109413], "cam_t_m2c": [-443.33837890625, 26.359607696533203, 991.6890258789062], "obj_id": 1}, {"cam_R_m2c": [-0.2934543192386627, -0.9531577229499817, 0.07331270724534988, 0.91566002368927, -0.2582162618637085, 0.30804380774497986, -0.2746838331222534, 0.15752632915973663, 0.9485432505607605], "cam_t_m2c": [-235.24559020996094, 34.40793991088867, 1195.5567626953125], "obj_id": 1}, {"cam_R_m2c": [0.589341402053833, -0.6135669946670532, 0.5255588889122009, -0.612054169178009, 0.08552279323339462, 0.7861776947975159, -0.5273199677467346, -0.7849975824356079, -0.32513412833213806], "cam_t_m2c": [-135.31536865234375, 119.8154296875, 1186.72265625], "obj_id": 1}, {"cam_R_m2c": [-0.7097742557525635, 0.5688185691833496, 0.41553083062171936, 0.1331842988729477, 0.6876049041748047, -0.7137656807899475, -0.6917242407798767, -0.45127034187316895, -0.5638019442558289], "cam_t_m2c": [-412.9860534667969, 70.76224517822266, 936.9058837890625], "obj_id": 1}, {"cam_R_m2c": [0.7581632733345032, 0.06589849293231964, 0.6487262845039368, -0.35976478457450867, -0.787477433681488, 0.5004483461380005, 0.5438361167907715, -0.6128104329109192, -0.5733284950256348], "cam_t_m2c": [-322.765869140625, 236.59872436523438, 1013.464111328125], "obj_id": 1}, {"cam_R_m2c": [-0.3870808482170105, 0.6973545551300049, 0.6032121777534485, 0.4257092773914337, 0.7154730558395386, -0.5539584159851074, -0.8178874850273132, 0.042366303503513336, -0.5738162398338318], "cam_t_m2c": [-189.92538452148438, 28.638019561767578, 1184.885009765625], "obj_id": 1}, {"cam_R_m2c": [0.5818266272544861, -0.8073040246963501, 0.09868131577968597, 0.7289927005767822, 0.46385428309440613, -0.5033973455429077, 0.3606209456920624, 0.3648279309272766, 0.8584014773368835], "cam_t_m2c": [-325.1580505371094, -135.13526916503906, 971.2247314453125], "obj_id": 1}, {"cam_R_m2c": [-0.15918603539466858, -0.03198212385177612, 0.9867303371429443, -0.9545670747756958, -0.2500488758087158, -0.16210195422172546, 0.2519152760505676, -0.9677047729492188, 0.009275312535464764], "cam_t_m2c": [-460.2450866699219, 99.6243667602539, 898.0859985351562], "obj_id": 1}, {"cam_R_m2c": [-0.6990723013877869, 0.17020587623119354, 0.6944983005523682, -0.46931150555610657, -0.8420010209083557, -0.266046941280365, 0.539485514163971, -0.5119221210479736, 0.6684991717338562], "cam_t_m2c": [-499.63226318359375, 115.95484161376953, 943.5328979492188], "obj_id": 1}, {"cam_R_m2c": [-0.21350570023059845, -0.7136629819869995, 0.6671584844589233, -0.1495344191789627, 0.6987308859825134, 0.6995817422866821, -0.9654298424720764, 0.04960153251886368, -0.25590020418167114], "cam_t_m2c": [-430.4858093261719, -85.69131469726562, 887.62841796875], "obj_id": 1}, {"cam_R_m2c": [-0.1757371872663498, 0.18985794484615326, -0.9659556150436401, -0.6628080010414124, -0.7483202815055847, -0.02649657614529133, -0.7278748750686646, 0.6355867385864258, 0.2573471963405609], "cam_t_m2c": [-442.9208984375, 21.118337631225586, 997.542236328125], "obj_id": 1}, {"cam_R_m2c": [0.17748065292835236, -0.8747775554656982, 0.45084884762763977, 0.9840993285179138, 0.16101577877998352, -0.07498208433389664, -0.007001100108027458, 0.4569879472255707, 0.8894453048706055], "cam_t_m2c": [-418.67291259765625, 59.539329528808594, 1108.2491455078125], "obj_id": 1}, {"cam_R_m2c": [0.16921836137771606, -0.44410964846611023, -0.879847526550293, 0.7490144371986389, -0.522278368473053, 0.4076795279979706, -0.6405798196792603, -0.7280053496360779, 0.24426548182964325], "cam_t_m2c": [-317.47869873046875, -58.4593620300293, 1276.732666015625], "obj_id": 3}, {"cam_R_m2c": [-0.6494651436805725, 0.3728344738483429, -0.6627137660980225, 0.05082370713353157, 0.8908784985542297, 0.4513894319534302, 0.7586910128593445, 0.2594801187515259, -0.5975433588027954], "cam_t_m2c": [-318.427978515625, 215.9885711669922, 1206.7801513671875], "obj_id": 1}, {"cam_R_m2c": [0.32571908831596375, -0.933758556842804, -0.1483306735754013, -0.7617335915565491, -0.16623827815055847, -0.6262001991271973, 0.5600615739822388, 0.3169538080692291, -0.7654222249984741], "cam_t_m2c": [-276.8155517578125, -110.43010711669922, 906.7105102539062], "obj_id": 1}, {"cam_R_m2c": [-0.6691946983337402, 0.6494746804237366, 0.36105528473854065, 0.5424990653991699, 0.0949612557888031, 0.8346717953681946, 0.507811963558197, 0.7544301748275757, -0.41588687896728516], "cam_t_m2c": [-95.27366638183594, 64.41105651855469, 1107.730224609375], "obj_id": 1}, {"cam_R_m2c": [0.957030713558197, 0.14403262734413147, -0.2516878545284271, -0.28996381163597107, 0.48616594076156616, -0.8243564963340759, 0.003627825528383255, 0.861914873123169, 0.5070400238037109], "cam_t_m2c": [-316.7164306640625, -113.09039306640625, 901.84521484375], "obj_id": 1}, {"cam_R_m2c": [0.7268480658531189, -0.14358456432819366, -0.6716214418411255, 0.686527669429779, 0.17934678494930267, 0.7046378254890442, 0.019278012216091156, -0.9732513427734375, 0.22893264889717102], "cam_t_m2c": [-315.10284423828125, 43.87241744995117, 1274.3187255859375], "obj_id": 3}, {"cam_R_m2c": [0.7527519464492798, 0.596616268157959, 0.27823278307914734, -0.6100244522094727, 0.4733060300350189, 0.6354931592941284, 0.24745631217956543, -0.648097574710846, 0.7202325463294983], "cam_t_m2c": [-189.2398223876953, -35.149757385253906, 1016.1663208007812], "obj_id": 1}, {"cam_R_m2c": [-0.04555923119187355, -0.7572331428527832, -0.6515536904335022, -0.9500771164894104, 0.23437896370887756, -0.2059609591960907, 0.30867090821266174, 0.6096428632736206, -0.7301079630851746], "cam_t_m2c": [-65.79983520507812, 145.55747985839844, 1031.600830078125], "obj_id": 1}, {"cam_R_m2c": [-0.5337690711021423, 0.7749825119972229, 0.33836743235588074, -0.26968470215797424, -0.5352482199668884, 0.8004869222640991, 0.8014739751815796, 0.3360227048397064, 0.49470004439353943], "cam_t_m2c": [-439.4593811035156, 13.642254829406738, 1277.949951171875], "obj_id": 1}, {"cam_R_m2c": [0.1989884376525879, -0.831718921661377, 0.5183119177818298, -0.08587221056222916, -0.5416524410247803, -0.8362049460411072, 0.9762323498725891, 0.12188653647899628, -0.17920413613319397], "cam_t_m2c": [-377.8095397949219, 279.2081298828125, 985.5932006835938], "obj_id": 3}, {"cam_R_m2c": [-0.07108225673437119, 0.8232735991477966, -0.5631766319274902, -0.9774388074874878, 0.05509374290704727, 0.20390719175338745, 0.19889894127845764, 0.5649648904800415, 0.8007833361625671], "cam_t_m2c": [-267.03363037109375, 116.53946685791016, 906.3367919921875], "obj_id": 1}, {"cam_R_m2c": [0.06760451942682266, -0.8966370820999146, -0.43757444620132446, 0.6681321859359741, 0.36640191078186035, -0.6475715637207031, 0.7409648299217224, -0.24857889115810394, 0.6238425970077515], "cam_t_m2c": [-540.51416015625, 69.11152648925781, 1260.862548828125], "obj_id": 1}, {"cam_R_m2c": [0.28350111842155457, 0.6331920027732849, -0.7202048301696777, 0.9094000458717346, 0.06082376837730408, 0.4114510715007782, 0.3043330907821655, -0.771601140499115, -0.5585812330245972], "cam_t_m2c": [-373.4765319824219, 134.54046630859375, 1197.4124755859375], "obj_id": 3}, {"cam_R_m2c": [0.5413186550140381, -0.44918540120124817, -0.7107788324356079, -0.7383601665496826, -0.6583535075187683, -0.1462695300579071, -0.40224164724349976, 0.6039892435073853, -0.6880396604537964], "cam_t_m2c": [-222.05747985839844, -84.6420669555664, 908.5855712890625], "obj_id": 1}, {"cam_R_m2c": [0.9494450092315674, 0.09635000675916672, -0.29878219962120056, -0.29990559816360474, 0.5596957802772522, -0.7725265026092529, 0.09279420971870422, 0.823077917098999, 0.5602962970733643], "cam_t_m2c": [-190.0799560546875, 33.62881851196289, 943.8018188476562], "obj_id": 3}, {"cam_R_m2c": [0.45757707953453064, 0.20537054538726807, 0.8651278018951416, 0.34485217928886414, -0.9377947449684143, 0.040224067866802216, 0.819573163986206, 0.2799356281757355, -0.4999358654022217], "cam_t_m2c": [-258.1235046386719, -47.41310501098633, 1249.0330810546875], "obj_id": 3}, {"cam_R_m2c": [0.18968892097473145, -0.431689590215683, -0.8818514347076416, -0.9634158611297607, 0.09136204421520233, -0.25195759534835815, 0.18933513760566711, 0.8973833322525024, -0.39856618642807007], "cam_t_m2c": [-315.600341796875, 38.515380859375, 1123.2935791015625], "obj_id": 3}, {"cam_R_m2c": [-0.8076867461204529, -0.5639805197715759, -0.17195406556129456, -0.010240101255476475, 0.30501312017440796, -0.9522930979728699, 0.5895229578018188, -0.7673936486244202, -0.25213029980659485], "cam_t_m2c": [-315.89306640625, -66.16627502441406, 1272.31884765625], "obj_id": 3}, {"cam_R_m2c": [0.09965451061725616, 0.17442210018634796, -0.9796152114868164, 0.3765380382537842, 0.904690146446228, 0.1993861198425293, 0.9210255742073059, -0.38873210549354553, 0.024479903280735016], "cam_t_m2c": [-430.624267578125, 3.5538840293884277, 1019.2481079101562], "obj_id": 1}, {"cam_R_m2c": [-0.2671699523925781, 0.8018006682395935, 0.5345425605773926, -0.9217622876167297, -0.3744010329246521, 0.10088587552309036, 0.28102371096611023, -0.4657675623893738, 0.8390984535217285], "cam_t_m2c": [-451.6623229980469, 147.6190643310547, 1242.5440673828125], "obj_id": 3}, {"cam_R_m2c": [0.2524526119232178, 0.17414061725139618, -0.9518103003501892, 0.4433762729167938, 0.8535081744194031, 0.2737541198730469, 0.8600495457649231, -0.49112001061439514, 0.13826055824756622], "cam_t_m2c": [-222.29676818847656, 161.2790069580078, 1085.96435546875], "obj_id": 3}, {"cam_R_m2c": [0.2651155889034271, -0.8774541616439819, 0.3997347056865692, -0.5749170184135437, -0.47666674852371216, -0.6650256514549255, 0.7740698456764221, -0.05350564792752266, -0.6308351159095764], "cam_t_m2c": [-474.3427429199219, 116.1754379272461, 1130.517333984375], "obj_id": 3}, {"cam_R_m2c": [-0.5879787802696228, 0.5365079045295715, -0.605342447757721, -0.5206426382064819, 0.32171565294265747, 0.790841281414032, 0.6190407276153564, 0.7801653742790222, 0.09016720950603485], "cam_t_m2c": [-354.8816223144531, -95.83984375, 962.8688354492188], "obj_id": 1}, {"cam_R_m2c": [0.4873444736003876, 0.37620115280151367, -0.7880152463912964, -0.4953433573246002, 0.862289547920227, 0.10531709343194962, 0.7191177606582642, 0.33901241421699524, 0.6065807938575745], "cam_t_m2c": [-553.9793701171875, -9.541753768920898, 955.123291015625], "obj_id": 3}, {"cam_R_m2c": [0.43573570251464844, -0.4381532669067383, 0.7862290143966675, 0.8976843357086182, 0.14793306589126587, -0.4150644838809967, 0.06555263698101044, 0.8866438865661621, 0.4577831029891968], "cam_t_m2c": [-268.6590881347656, -18.469215393066406, 1170.5374755859375], "obj_id": 3}, {"cam_R_m2c": [-0.31112033128738403, 0.6921637654304504, -0.6512398719787598, 0.7518040537834167, 0.5984379053115845, 0.27688029408454895, 0.5813731551170349, -0.4034616947174072, -0.7065577507019043], "cam_t_m2c": [-254.23509216308594, 155.1573028564453, 1028.65673828125], "obj_id": 1}, {"cam_R_m2c": [0.8952613472938538, -0.433292418718338, -0.10375343263149261, 0.3325682282447815, 0.8048490285873413, -0.4915449023246765, 0.29648852348327637, 0.4055560529232025, 0.8646495342254639], "cam_t_m2c": [-498.55950927734375, 22.669837951660156, 1071.7403564453125], "obj_id": 1}, {"cam_R_m2c": [-0.11112237721681595, 0.9527537226676941, 0.28268736600875854, 0.9928308129310608, 0.11903025209903717, -0.010898170992732048, -0.044031620025634766, 0.2794497013092041, -0.9591501951217651], "cam_t_m2c": [-471.32293701171875, -69.6624755859375, 944.4959106445312], "obj_id": 1}, {"cam_R_m2c": [-0.04651002585887909, -0.9464530348777771, -0.3194738030433655, -0.455553263425827, 0.30472230911254883, -0.8364302515983582, 0.8889927268028259, 0.10663493722677231, -0.4453323781490326], "cam_t_m2c": [-134.66749572753906, 149.7863006591797, 1231.1119384765625], "obj_id": 1}, {"cam_R_m2c": [0.1570511758327484, -0.8405457735061646, 0.5184763073921204, -0.25186440348625183, -0.5417205095291138, -0.8019371032714844, 0.9549341201782227, -0.004640590399503708, -0.29678136110305786], "cam_t_m2c": [-549.410888671875, -26.153217315673828, 896.9447631835938], "obj_id": 1}, {"cam_R_m2c": [-0.573158860206604, 0.798498272895813, -0.18409040570259094, 0.4130707383155823, 0.08751451969146729, -0.9064842462539673, -0.7077155709266663, -0.5956019163131714, -0.3799959123134613], "cam_t_m2c": [-246.6988525390625, 12.140700340270996, 1213.614501953125], "obj_id": 3}, {"cam_R_m2c": [-0.4076237976551056, -0.019720355048775673, -0.9129369854927063, -0.6267861127853394, 0.7330970168113708, 0.2640226185321808, 0.6640647649765015, 0.6798381209373474, -0.3111882209777832], "cam_t_m2c": [-297.440673828125, -77.47010040283203, 1105.0611572265625], "obj_id": 3}, {"cam_R_m2c": [-0.047858066856861115, -0.6802078485488892, 0.7314553260803223, -0.5886176824569702, -0.572429358959198, -0.570836067199707, 0.8069936633110046, -0.4578666388988495, -0.3729870021343231], "cam_t_m2c": [-234.7220001220703, 77.2581787109375, 996.183349609375], "obj_id": 3}, {"cam_R_m2c": [-0.8586594462394714, 0.07060523331165314, 0.5076600313186646, 0.5065972805023193, -0.03355884552001953, 0.8615293502807617, 0.07786500453948975, 0.9969395995140076, -0.006952696014195681], "cam_t_m2c": [-103.83301544189453, 49.30167770385742, 1035.4742431640625], "obj_id": 1}, {"cam_R_m2c": [0.7880164384841919, -0.5860643982887268, 0.1885697841644287, -0.5297080278396606, -0.4893287718296051, 0.6927962899208069, -0.31375062465667725, -0.645821750164032, -0.6960421800613403], "cam_t_m2c": [-382.9819641113281, 30.61935043334961, 1107.7506103515625], "obj_id": 3}, {"cam_R_m2c": [0.08962453156709671, -0.2820341885089874, -0.9552088975906372, 0.9472838044166565, -0.27206748723983765, 0.16921131312847137, -0.30760473012924194, -0.9200195074081421, 0.2427825927734375], "cam_t_m2c": [-221.1854248046875, 152.5160369873047, 970.0709228515625], "obj_id": 1}, {"cam_R_m2c": [0.6207506060600281, 0.6320019364356995, -0.46394214034080505, -0.783713161945343, 0.4839777946472168, -0.38930609822273254, -0.021504495292901993, 0.6052595376968384, 0.7957376837730408], "cam_t_m2c": [-237.92910766601562, 85.61373138427734, 888.6394653320312], "obj_id": 1}, {"cam_R_m2c": [0.19093944132328033, 0.4197576940059662, -0.887324869632721, -0.8923261761665344, -0.30244001746177673, -0.3350878059864044, -0.4090183675289154, 0.8557647466659546, 0.3168131709098816], "cam_t_m2c": [-370.3505859375, 140.70993041992188, 1118.8656005859375], "obj_id": 3}, {"cam_R_m2c": [0.21422596275806427, -0.9372601509094238, 0.2750464081764221, -0.8112849593162537, -0.013910364359617233, 0.5844852924346924, -0.543988823890686, -0.34835293889045715, -0.7633650302886963], "cam_t_m2c": [-333.5832214355469, -132.6639404296875, 1261.1719970703125], "obj_id": 3}, {"cam_R_m2c": [0.02995569072663784, 0.8827188611030579, 0.4689456522464752, 0.9733448028564453, 0.08096479624509811, -0.2145799696445465, -0.2273818850517273, 0.4628736972808838, -0.8567644953727722], "cam_t_m2c": [-537.0096435546875, 12.213823318481445, 1269.01611328125], "obj_id": 3}, {"cam_R_m2c": [-0.4545544683933258, 0.8321462869644165, 0.31766751408576965, -0.6707743406295776, -0.5544503331184387, 0.49259161949157715, 0.5860391855239868, 0.010826535522937775, 0.8102103471755981], "cam_t_m2c": [-291.7649230957031, 166.7794647216797, 885.3432006835938], "obj_id": 1}, {"cam_R_m2c": [-0.008403735235333443, 0.2874486744403839, 0.9577592015266418, 0.8729627728462219, 0.46925482153892517, -0.13317599892616272, -0.48771438002586365, 0.8349689841270447, -0.2548754811286926], "cam_t_m2c": [-448.94976806640625, 172.368408203125, 1204.157470703125], "obj_id": 1}, {"cam_R_m2c": [0.2644687294960022, -0.9605172276496887, 0.08638755232095718, -0.5794438123703003, -0.08665835857391357, 0.8103918433189392, -0.7709091901779175, -0.26437997817993164, -0.5794841647148132], "cam_t_m2c": [-468.49505615234375, 189.16053771972656, 1205.19091796875], "obj_id": 3}, {"cam_R_m2c": [0.38877958059310913, 0.565175473690033, -0.7276174426078796, 0.8412740230560303, 0.1042269766330719, 0.5304664969444275, 0.3756440281867981, -0.8183601498603821, -0.4349461495876312], "cam_t_m2c": [-332.1494445800781, -30.358978271484375, 1141.39306640625], "obj_id": 3}, {"cam_R_m2c": [0.486366331577301, -0.7043226957321167, -0.5170853734016418, 0.45788446068763733, 0.709481418132782, -0.535703182220459, 0.7441703677177429, 0.023782620206475258, 0.6675662994384766], "cam_t_m2c": [-76.56377410888672, 120.43879699707031, 1257.31298828125], "obj_id": 3}, {"cam_R_m2c": [-0.6768524050712585, -0.21624897420406342, 0.7036385536193848, -0.6294816136360168, -0.32549622654914856, -0.7055530548095703, 0.3816068172454834, -0.9204828143119812, 0.08418815582990646], "cam_t_m2c": [-231.01644897460938, -14.628633499145508, 1271.870849609375], "obj_id": 3}, {"cam_R_m2c": [-0.9606772661209106, -0.2773531973361969, -0.013205996714532375, 0.13694985210895538, -0.5146578550338745, 0.8463876247406006, -0.2415449023246765, 0.811296820640564, 0.5324035882949829], "cam_t_m2c": [-308.24298095703125, 237.7230987548828, 953.7533569335938], "obj_id": 3}, {"cam_R_m2c": [0.6523464322090149, -0.6906663775444031, 0.3121282756328583, 0.5155240297317505, 0.7062241435050964, 0.4852653443813324, -0.5555890202522278, -0.15565147995948792, 0.8167579174041748], "cam_t_m2c": [-243.55816650390625, 107.90388488769531, 1125.4964599609375], "obj_id": 3}, {"cam_R_m2c": [0.9579417109489441, -0.276303768157959, 0.07748467475175858, -0.28588318824768066, -0.9422895908355713, 0.17424419522285461, 0.0248686783015728, -0.18906734883785248, -0.9816491007804871], "cam_t_m2c": [-296.5550537109375, 113.85662841796875, 868.9498291015625], "obj_id": 3}, {"cam_R_m2c": [-0.2340196967124939, 0.6859416365623474, -0.6889984607696533, -0.9338111281394958, 0.038671012967824936, 0.3556702435016632, 0.27061328291893005, 0.726628303527832, 0.6314901113510132], "cam_t_m2c": [-308.4512634277344, 225.31341552734375, 1219.6142578125], "obj_id": 1}, {"cam_R_m2c": [0.7866246104240417, -0.1334347426891327, -0.6028406620025635, 0.48673495650291443, -0.4667087495326996, 0.7384253740310669, -0.3798826336860657, -0.8742871880531311, -0.3021772503852844], "cam_t_m2c": [-418.8460388183594, 202.03643798828125, 891.6642456054688], "obj_id": 3}, {"cam_R_m2c": [-0.001019490067847073, -0.7870259284973145, 0.616919219493866, 0.9993274807929993, -0.023415520787239075, -0.02822059951722622, 0.036655787378549576, 0.616475522518158, 0.7865203619003296], "cam_t_m2c": [-233.6317596435547, 103.18120574951172, 1053.9677734375], "obj_id": 1}, {"cam_R_m2c": [0.1366885006427765, -0.3391501009464264, -0.9307488203048706, 0.4569864571094513, -0.8120295405387878, 0.36300307512283325, -0.8789081573486328, -0.47495797276496887, 0.04399198293685913], "cam_t_m2c": [-220.23513793945312, -11.797931671142578, 1250.6346435546875], "obj_id": 3}, {"cam_R_m2c": [-0.6739821434020996, 0.5169519186019897, 0.527739405632019, -0.5991748571395874, 0.0353468582034111, -0.7998375296592712, -0.43213146924972534, -0.8552843928337097, 0.2859213948249817], "cam_t_m2c": [-223.6542510986328, -59.47169494628906, 957.07763671875], "obj_id": 3}, {"cam_R_m2c": [0.754403293132782, -0.5734474658966064, -0.31942710280418396, 0.192002072930336, 0.6581189632415771, -0.7280210256576538, 0.6277028918266296, 0.4878907799720764, 0.606590211391449], "cam_t_m2c": [-250.8169403076172, -33.76226806640625, 931.6620483398438], "obj_id": 1}, {"cam_R_m2c": [0.8333600163459778, 0.19675159454345703, 0.5165267586708069, -0.5243489742279053, -0.01418918278068304, 0.8513851761817932, 0.17484050989151, -0.9803506135940552, 0.09134181588888168]