{
  "0": [{"cam_R_m2c": [0.151546448469162, 0.9884482622146606, 0.0018937662243843079, 0.8327189683914185, -0.1266375482082367, -0.5390193462371826, -0.53255295753479, 0.08326340466737747, -0.8422910571098328], "cam_t_m2c": [-41.97976303100586, -37.335411071777344, 278.4345703125], "obj_id": 3}, {"cam_R_m2c": [0.151546448469162, 0.9884482622146606, 0.0018937662243843079, 0.8327189683914185, -0.1266375482082367, -0.5390193462371826, -0.53255295753479, 0.08326340466737747, -0.8422910571098328], "cam_t_m2c": [-41.97976303100586, -37.335411071777344, 278.4345703125], "obj_id": 2}, {"cam_R_m2c": [0.151546448469162, 0.9884482622146606, 0.0018937662243843079, 0.8327189683914185, -0.1266375482082367, -0.5390193462371826, -0.53255295753479, 0.08326340466737747, -0.8422910571098328], "cam_t_m2c": [-41.97976303100586, -37.335411071777344, 278.4345703125], "obj_id": 2}, {"cam_R_m2c": [0.151546448469162, 0.9884482622146606, 0.0018937662243843079, 0.8327189683914185, -0.1266375482082367, -0.5390193462371826, -0.53255295753479, 0.08326340466737747, -0.8422910571098328], "cam_t_m2c": [-41.97976303100586, -37.335411071777344, 278.4345703125], "obj_id": 0}, {"cam_R_m2c": [0.151546448469162, 0.9884482622146606, 0.0018937662243843079, 0.8327189683914185, -0.1266375482082367, -0.5390193462371826, -0.53255295753479, 0.08326340466737747, -0.8422910571098328], "cam_t_m2c": [-41.97976303100586, -37.335411071777344, 278.4345703125], "obj_id": 3}, {"cam_R_m2c": [0.151546448469162, 0.9884482622146606, 0.0018937662243843079, 0.8327189683914185, -0.1266375482082367, -0.5390193462371826, -0.53255295753479, 0.08326340466737747, -0.8422910571098328], "cam_t_m2c": [-41.97976303100586, -37.335411071777344, 278.4345703125], "obj_id": 2}, {"cam_R_m2c": [0.151546448469162, 0.9884482622146606, 0.0018937662243843079, 0.8327189683914185, -0.1266375482082367, -0.5390193462371826, -0.53255295753479, 0.08326340466737747, -0.8422910571098328], "cam_t_m2c": [-41.97976303100586, -37.335411071777344, 278.4345703125], "obj_id": 1}, {"cam_R_m2c": [0.151546448469162, 0.9884482622146606, 0.0018937662243843079, 0.8327189683914185, -0.1266375482082367, -0.5390193462371826, -0.53255295753479, 0.08326340466737747, -0.8422910571098328], "cam_t_m2c": [-41.97976303100586, -37.335411071777344, 278.4345703125], "obj_id": 1}, {"cam_R_m2c": [0.151546448469162, 0.9884482622146606, 0.0018937662243843079, 0.8327189683914185, -0.1266375482082367, -0.5390193462371826, -0.53255295753479, 0.08326340466737747, -0.8422910571098328], "cam_t_m2c": [-41.97976303100586, -37.335411071777344, 278.4345703125], "obj_id": 0}, {"cam_R_m2c": [0.151546448469162, 0.9884482622146606, 0.0018937662243843079, 0.8327189683914185, -0.1266375482082367, -0.5390193462371826, -0.53255295753479, 0.08326340466737747, -0.8422910571098328], "cam_t_m2c": [-41.97976303100586, -37.335411071777344, 278.4345703125], "obj_id": 0}, {"cam_R_m2c": [0.151546448469162, 0.9884482622146606, 0.0018937662243843079, 0.8327189683914185, -0.1266375482082367, -0.5390193462371826, -0.53255295753479, 0.08326340466737747, -0.8422910571098328], "cam_t_m2c": [-41.97976303100586, -37.335411071777344, 278.4345703125], "obj_id": 0}, {"cam_R_m2c": [0.151546448469162, 0.9884482622146606, 0.0018937662243843079, 0.8327189683914185, -0.1266375482082367, -0.5390193462371826, -0.53255295753479, 0.08326340466737747, -0.8422910571098328], "cam_t_m2c": [-41.97976303100586, -37.335411071777344, 278.4345703125], "obj_id": 0}, {"cam_R_m2c": [0.151546448469162, 0.9884482622146606, 0.0018937662243843079, 0.8327189683914185, -0.1266375482082367, -0.5390193462371826, -0.53255295753479, 0.08326340466737747, -0.8422910571098328], "cam_t_m2c": [-41.97976303100586, -37.335411071777344, 278.4345703125], "obj_id": 0}, {"cam_R_m2c": [0.151546448469162, 0.9884482622146606, 0.0018937662243843079, 0.8327189683914185, -0.1266375482082367, -0.5390193462371826, -0.53255295753479, 0.08326340466737747, -0.8422910571098328], "cam_t_m2c": [-41.97976303100586, -37.335411071777344, 278.4345703125], "obj_id": 3}, {"cam_R_m2c": [0.151546448469162, 0.9884482622146606, 0.0018937662243843079, 0.8327189683914185, -0.1266375482082367, -0.5390193462371826, -0.53255295753479, 0.08326340466737747, -0.8422910571098328], "cam_t_m2c": [-41.97976303100586, -37.335411071777344, 278.4345703125], "obj_id": 3}, {"cam_R_m2c": [0.151546448469162, 0.9884482622146606, 0.0018937662243843079, 0.8327189683914185, -0.1266375482082367, -0.5390193462371826, -0.53255295753479, 0.08326340466737747, -0.8422910571098328], "cam_t_m2c": [-41.97976303100586, -37.335411071777344, 278.4345703125], "obj_id": 0}, {"cam_R_m2c": [0.151546448469162, 0.9884482622146606, 0.0018937662243843079, 0.8327189683914185, -0.1266375482082367, -0.5390193462371826, -0.53255295753479, 0.08326340466737747, -0.8422910571098328], "cam_t_m2c": [-41.97976303100586, -37.335411071777344, 278.4345703125], "obj_id": 0}, {"cam_R_m2c": [0.151546448469162, 0.9884482622146606, 0.0018937662243843079, 0.8327189683914185, -0.1266375482082367, -0.5390193462371826, -0.53255295753479, 0.08326340466737747, -0.8422910571098328], "cam_t_m2c": [-41.97976303100586, -37.335411071777344, 278.4345703125], "obj_id": 2}, {"cam_R_m2c": [0.151546448469162, 0.9884482622146606, 0.0018937662243843079, 0.8327189683914185, -0.1266375482082367, -0.5390193462371826, -0.53255295753479, 0.08326340466737747, -0.8422910571098328], "cam_t_m2c": [-41.97976303100586, -37.335411071777344, 278.4345703125], "obj_id": 1}, {"cam_R_m2c": [0.151546448469162, 0.9884482622146606, 0.0018937662243843079, 0.8327189683914185, -0.1266375482082367, -0.5390193462371826, -0.53255295753479, 0.08326340466737747, -0.8422910571098328], "cam_t_m2c": [-41.97976303100586, -37.335411071777344, 278.4345703125], "obj_id": 2}, {"cam_R_m2c": [0.151546448469162, 0.9884482622146606, 0.0018937662243843079, 0.8327189683914185, -0.1266375482082367, -0.5390193462371826, -0.53255295753479, 0.08326340466737747, -0.8422910571098328], "cam_t_m2c": [-41.97976303100586, -37.335411071777344, 278.4345703125], "obj_id": 1}, {"cam_R_m2c": [0.151546448469162, 0.9884482622146606, 0.0018937662243843079, 0.8327189683914185, -0.1266375482082367, -0.5390193462371826, -0.53255295753479, 0.08326340466737747, -0.8422910571098328], "cam_t_m2c": [-41.97976303100586, -37.335411071777344, 278.4345703125], "obj_id": 3}, {"cam_R_m2c": [0.151546448469162, 0.9884482622146606, 0.0018937662243843079, 0.8327189683914185, -0.1266375482082367, -0.5390193462371826, -0.53255295753479, 0.08326340466737747, -0.8422910571098328], "cam_t_m2c": [-41.97976303100586, -37.335411071777344, 278.4345703125], "obj_id": 3}, {"cam_R_m2c": [0.151546448469162, 0.9884482622146606, 0.0018937662243843079, 0.8327189683914185, -0.1266375482082367, -0.5390193462371826, -0.53255295753479, 0.08326340466737747, -0.8422910571098328], "cam_t_m2c": [-41.97976303100586, -37.335411071777344, 278.4345703125], "obj_id": 3}, {"cam_R_m2c": [-0.5329364538192749, 0.21987521648406982, -0.8170884251594543, 0.5772691965103149, 0.8005032539367676, -0.1611049622297287, 0.6186589598655701, -0.5575387477874756, -0.5535445213317871], "cam_t_m2c": [-53.70034408569336, 122.5448226928711, 150.46543884277344], "obj_id": 1}, {"cam_R_m2c": [0.16403034329414368, 0.8936051726341248, -0.4178084433078766, 0.5836060047149658, 0.25356024503707886, 0.7714345455169678, 0.7952975034713745, -0.3703742027282715, -0.47992175817489624], "cam_t_m2c": [-28.909921646118164, 44.441837310791016, 184.2045440673828], "obj_id": 0}, {"cam_R_m2c": [-0.9705770015716553, 0.1537044197320938, 0.18535257875919342, 0.23112764954566956, 0.8105705976486206, 0.538103461265564, -0.0675324872136116, 0.5651108622550964, -0.8222465515136719], "cam_t_m2c": [145.57530212402344, 58.125144958496094, 171.25489807128906], "obj_id": 3}, {"cam_R_m2c": [-0.7664827108383179, 0.30424484610557556, 0.5656313896179199, 0.5747122168540955, 0.7180567383766174, 0.3925561308860779, -0.28672218322753906, 0.6259629130363464, -0.7252312898635864], "cam_t_m2c": [-97.05305480957031, -28.007551193237305, 225.7666015625], "obj_id": 3}, {"cam_R_m2c": [-0.18347817659378052, 0.40787503123283386, 0.8944124579429626, 0.8632318377494812, 0.5021322965621948, -0.051903340965509415, -0.4702834486961365, 0.7625622153282166, -0.44422101974487305], "cam_t_m2c": [15.311502456665039, -217.7081756591797, 347.5070495605469], "obj_id": 3}]
}