{
  "0": [{"cam_R_m2c": [0.45500874519348145, 0.8894768953323364, -0.0424007922410965, 0.6722175478935242, -0.31186211109161377, 0.6714652180671692, 0.5840296149253845, -0.3340250849723816, -0.7398219704627991], "cam_t_m2c": [73.84426879882812, 274.19049072265625, 538.9420166015625], "obj_id": 0}, {"cam_R_m2c": [0.2845369279384613, 0.952250063419342, -0.11071797460317612, 0.9403755068778992, -0.2547888457775116, 0.22533634305000305, 0.18636685609817505, -0.1682329773902893, -0.9679694771766663], "cam_t_m2c": [-160.87449645996094, 181.0320587158203, 422.4366455078125], "obj_id": 3}, {"cam_R_m2c": [-0.4211280643939972, 0.30366232991218567, 0.8546580672264099, 0.6073287129402161, 0.7942676544189453, 0.017052406445145607, -0.6736490726470947, 0.5262395739555359, -0.5189112424850464], "cam_t_m2c": [109.55323028564453, 230.6517333984375, 688.80224609375], "obj_id": 3}, {"cam_R_m2c": [-0.06692665815353394, -0.6041350960731506, -0.7940664887428284, 0.7946150898933411, -0.5135791897773743, 0.3237641453742981, -0.6034132838249207, -0.6093087792396545, 0.5144270658493042], "cam_t_m2c": [-2103.438720703125, -20720.744140625, 6199.5908203125], "obj_id": 2}],
  "1": [{"cam_R_m2c": [-0.08998650312423706, 0.517860472202301, 0.8507190346717834, 0.737244188785553, -0.5396613478660583, 0.40649300813674927, 0.6696069240570068, 0.6637665629386902, -0.33322733640670776], "cam_t_m2c": [442.5633239746094, 128.6726531982422, 663.9916381835938], "obj_id": 0}, {"cam_R_m2c": [0.2782366871833801, 0.4201350510120392, 0.8637539744377136, 0.8927308320999146, -0.444937527179718, -0.07115067541599274, 0.3544236123561859, 0.790896475315094, -0.4988654851913452], "cam_t_m2c": [419.5493469238281, 43.11006546020508, 400.34423828125], "obj_id": 3}, {"cam_R_m2c": [0.62646484375, -0.0560145229101181, 0.7774343490600586, 0.4282057583332062, 0.8581519722938538, -0.283222496509552, -0.6512922644615173, 0.5103307962417603, 0.5615878105163574], "cam_t_m2c": [312.9747314453125, 128.58021545410156, 757.9873046875], "obj_id": 3}, {"cam_R_m2c": [0.7677014470100403, 0.10979403555393219, -0.631331741809845, 0.568132758140564, -0.5723368525505066, 0.5913168787956238, -0.296411395072937, -0.812635064125061, -0.5017614364624023], "cam_t_m2c": [-12564.177734375, -17432.197265625, 631.9913940429688], "obj_id": 2}]
}