{
  "0": [{"cam_R_m2c": [0.6815481781959534, -0.7046023011207581, -0.19755418598651886, -0.23996573686599731, 0.03984113782644272, -0.9699634313583374, 0.6913092732429504, 0.7084830403327942, -0.14192673563957214], "cam_t_m2c": [210.42593383789062, -11.245818138122559, 479.69390869140625], "obj_id": 3}, {"cam_R_m2c": [0.6815481781959534, -0.7046023011207581, -0.19755418598651886, -0.23996573686599731, 0.03984113782644272, -0.9699634313583374, 0.6913092732429504, 0.7084830403327942, -0.14192673563957214], "cam_t_m2c": [210.42593383789062, -11.245818138122559, 479.69390869140625], "obj_id": 0}, {"cam_R_m2c": [0.6815481781959534, -0.7046023011207581, -0.19755418598651886, -0.23996573686599731, 0.03984113782644272, -0.9699634313583374, 0.6913092732429504, 0.7084830403327942, -0.14192673563957214], "cam_t_m2c": [210.42593383789062, -11.245818138122559, 479.69390869140625], "obj_id": 3}, {"cam_R_m2c": [0.6815481781959534, -0.7046023011207581, -0.19755418598651886, -0.23996573686599731, 0.03984113782644272, -0.9699634313583374, 0.6913092732429504, 0.7084830403327942, -0.14192673563957214], "cam_t_m2c": [210.42593383789062, -11.245818138122559, 479.69390869140625], "obj_id": 0}, {"cam_R_m2c": [0.6815481781959534, -0.7046023011207581, -0.19755418598651886, -0.23996573686599731, 0.03984113782644272, -0.9699634313583374, 0.6913092732429504, 0.7084830403327942, -0.14192673563957214], "cam_t_m2c": [210.42593383789062, -11.245818138122559, 479.69390869140625], "obj_id": 1}, {"cam_R_m2c": [0.6815481781959534, -0.7046023011207581, -0.19755418598651886, -0.23996573686599731, 0.03984113782644272, -0.9699634313583374, 0.6913092732429504, 0.7084830403327942, -0.14192673563957214], "cam_t_m2c": [210.42593383789062, -11.245818138122559, 479.69390869140625], "obj_id": 3}, {"cam_R_m2c": [0.6815481781959534, -0.7046023011207581, -0.19755418598651886, -0.23996573686599731, 0.03984113782644272, -0.9699634313583374, 0.6913092732429504, 0.7084830403327942, -0.14192673563957214], "cam_t_m2c": [210.42593383789062, -11.245818138122559, 479.69390869140625], "obj_id": 2}, {"cam_R_m2c": [0.6815481781959534, -0.7046023011207581, -0.19755418598651886, -0.23996573686599731, 0.03984113782644272, -0.9699634313583374, 0.6913092732429504, 0.7084830403327942, -0.14192673563957214], "cam_t_m2c": [210.42593383789062, -11.245818138122559, 479.69390869140625], "obj_id": 0}, {"cam_R_m2c": [0.6815481781959534, -0.7046023011207581, -0.19755418598651886, -0.23996573686599731, 0.03984113782644272, -0.9699634313583374, 0.6913092732429504, 0.7084830403327942, -0.14192673563957214], "cam_t_m2c": [210.42593383789062, -11.245818138122559, 479.69390869140625], "obj_id": 1}, {"cam_R_m2c": [0.6815481781959534, -0.7046023011207581, -0.19755418598651886, -0.23996573686599731, 0.03984113782644272, -0.9699634313583374, 0.6913092732429504, 0.7084830403327942, -0.14192673563957214], "cam_t_m2c": [210.42593383789062, -11.245818138122559, 479.69390869140625], "obj_id": 2}, {"cam_R_m2c": [0.6815481781959534, -0.7046023011207581, -0.19755418598651886, -0.23996573686599731, 0.03984113782644272, -0.9699634313583374, 0.6913092732429504, 0.7084830403327942, -0.14192673563957214], "cam_t_m2c": [210.42593383789062, -11.245818138122559, 479.69390869140625], "obj_id": 0}, {"cam_R_m2c": [0.6815481781959534, -0.7046023011207581, -0.19755418598651886, -0.23996573686599731, 0.03984113782644272, -0.9699634313583374, 0.6913092732429504, 0.7084830403327942, -0.14192673563957214], "cam_t_m2c": [210.42593383789062, -11.245818138122559, 479.69390869140625], "obj_id": 0}, {"cam_R_m2c": [0.06086810678243637, 0.057422105222940445, 0.9964926838874817, 0.9939045310020447, -0.0954224243760109, -0.05521134287118912, 0.09191743284463882, 0.9937792420387268, -0.0628802478313446], "cam_t_m2c": [70.8955078125, 1.6355421543121338, 636.4482421875], "obj_id": 1}, {"cam_R_m2c": [0.18704691529273987, 0.6020285487174988, -0.7762570381164551, -0.9805521965026855, 0.1622188240289688, -0.11046453565359116, 0.05942068248987198, 0.7818226218223572, 0.6206629872322083], "cam_t_m2c": [149.55697631835938, -9.517107009887695, 326.389892578125], "obj_id": 2}, {"cam_R_m2c": [-0.1986396461725235, 0.38563087582588196, 0.9010167121887207, -0.960223913192749, 0.10750783979892731, -0.257705420255661, -0.19624550640583038, -0.916368305683136, 0.34893667697906494], "cam_t_m2c": [214.28128051757812, 75.85385131835938, 70.54045104980469], "obj_id": 3}, {"cam_R_m2c": [-0.13600024580955505, -0.9906530976295471, -0.010518316179513931, -0.11244858801364899, 0.004887102637439966, 0.9936456680297852, -0.9843066334724426, 0.13631868362426758, -0.11206231266260147], "cam_t_m2c": [448.227294921875, -69.20935821533203, 470.8215026855469], "obj_id": 4}],
  "1": [{"cam_R_m2c": [-0.04683821648359299, 0.9739953279495239, -0.2216736525297165, 0.6294349431991577, -0.14353886246681213, -0.763680636882782, -0.7756401896476746, -0.17529863119125366, -0.6063435077667236], "cam_t_m2c": [-140.78956604003906, 128.6605224609375, 448.38134765625], "obj_id": 3}, {"cam_R_m2c": [-0.04683821648359299, 0.9739953279495239, -0.2216736525297165, 0.6294349431991577, -0.14353886246681213, -0.763680636882782, -0.7756401896476746, -0.17529863119125366, -0.6063435077667236], "cam_t_m2c": [-140.78956604003906, 128.6605224609375, 448.38134765625], "obj_id": 0}, {"cam_R_m2c": [-0.04683821648359299, 0.9739953279495239, -0.2216736525297165, 0.6294349431991577, -0.14353886246681213, -0.763680636882782, -0.7756401896476746, -0.17529863119125366, -0.6063435077667236], "cam_t_m2c": [-140.78956604003906, 128.6605224609375, 448.38134765625], "obj_id": 3}, {"cam_R_m2c": [-0.04683821648359299, 0.9739953279495239, -0.2216736525297165, 0.6294349431991577, -0.14353886246681213, -0.763680636882782, -0.7756401896476746, -0.17529863119125366, -0.6063435077667236], "cam_t_m2c": [-140.78956604003906, 128.6605224609375, 448.38134765625], "obj_id": 0}, {"cam_R_m2c": [-0.04683821648359299, 0.9739953279495239, -0.2216736525297165, 0.6294349431991577, -0.14353886246681213, -0.763680636882782, -0.7756401896476746, -0.17529863119125366, -0.6063435077667236], "cam_t_m2c": [-140.78956604003906, 128.6605224609375, 448.38134765625], "obj_id": 1}, {"cam_R_m2c": [-0.04683821648359299, 0.9739953279495239, -0.2216736525297165, 0.6294349431991577, -0.14353886246681213, -0.763680636882782, -0.7756401896476746, -0.17529863119125366, -0.6063435077667236], "cam_t_m2c": [-140.78956604003906, 128.6605224609375, 448.38134765625], "obj_id": 3}, {"cam_R_m2c": [-0.04683821648359299, 0.9739953279495239, -0.2216736525297165, 0.6294349431991577, -0.14353886246681213, -0.763680636882782, -0.7756401896476746, -0.17529863119125366, -0.6063435077667236], "cam_t_m2c": [-140.78956604003906, 128.6605224609375, 448.38134765625], "obj_id": 2}, {"cam_R_m2c": [-0.04683821648359299, 0.9739953279495239, -0.2216736525297165, 0.6294349431991577, -0.14353886246681213, -0.763680636882782, -0.7756401896476746, -0.17529863119125366, -0.6063435077667236], "cam_t_m2c": [-140.78956604003906, 128.6605224609375, 448.38134765625], "obj_id": 0}, {"cam_R_m2c": [-0.04683821648359299, 0.9739953279495239, -0.2216736525297165, 0.6294349431991577, -0.14353886246681213, -0.763680636882782, -0.7756401896476746, -0.17529863119125366, -0.6063435077667236], "cam_t_m2c": [-140.78956604003906, 128.6605224609375, 448.38134765625], "obj_id": 1}, {"cam_R_m2c": [-0.04683821648359299, 0.9739953279495239, -0.2216736525297165, 0.6294349431991577, -0.14353886246681213, -0.763680636882782, -0.7756401896476746, -0.17529863119125366, -0.6063435077667236], "cam_t_m2c": [-140.78956604003906, 128.6605224609375, 448.38134765625], "obj_id": 2}, {"cam_R_m2c": [-0.04683821648359299, 0.9739953279495239, -0.2216736525297165, 0.6294349431991577, -0.14353886246681213, -0.763680636882782, -0.7756401896476746, -0.17529863119125366, -0.6063435077667236], "cam_t_m2c": [-140.78956604003906, 128.6605224609375, 448.38134765625], "obj_id": 0}, {"cam_R_m2c": [-0.04683821648359299, 0.9739953279495239, -0.2216736525297165, 0.6294349431991577, -0.14353886246681213, -0.763680636882782, -0.7756401896476746, -0.17529863119125366, -0.6063435077667236], "cam_t_m2c": [-140.78956604003906, 128.6605224609375, 448.38134765625], "obj_id": 0}, {"cam_R_m2c": [0.2857382893562317, 0.6208352446556091, -0.7300117611885071, 0.6624835133552551, 0.4224572479724884, 0.6185834407806396, 0.6924371123313904, -0.6603737473487854, -0.2905808687210083], "cam_t_m2c": [64.75118255615234, 110.42144012451172, 408.0462951660156], "obj_id": 1}, {"cam_R_m2c": [-0.34510210156440735, 0.17576995491981506, 0.9219595789909363, -0.41899189352989197, 0.8501415848731995, -0.3189123868942261, -0.8398513793945312, -0.4963509142398834, -0.21973945200443268], "cam_t_m2c": [-204.92881774902344, 20.484786987304688, 555.12548828125], "obj_id": 2}, {"cam_R_m2c": [-0.25579342246055603, -0.8630838394165039, -0.43549495935440063, -0.7827314138412476, -0.07947955280542374, 0.6172636151313782, -0.5673632621765137, 0.4987676441669464, -0.6552324295043945], "cam_t_m2c": [-402.26727294921875, 1.3758410215377808, 749.106689453125], "obj_id": 3}, {"cam_R_m2c": [-0.6164115071296692, 0.7633440494537354, 0.19324257969856262, -0.5931758880615234, -0.6115477085113525, 0.5235949754714966, 0.5178601741790771, 0.20812314748764038, 0.8297623991966248], "cam_t_m2c": [-322.6431884765625, 252.832763671875, 341.1502685546875], "obj_id": 4}],
  "2": [{"cam_R_m2c": [-0.04683821648359299, 0.9739953279495239, -0.2216736525297165, 0.6294349431991577, -0.14353886246681213, -0.763680636882782, -0.7756401896476746, -0.17529863119125366, -0.6063435077667236], "cam_t_m2c": [-140.78956604003906, 128.6605224609375, 448.38134765625], "obj_id": 3}, {"cam_R_m2c": [-0.04683821648359299, 0.9739953279495239, -0.2216736525297165, 0.6294349431991577, -0.14353886246681213, -0.763680636882782, -0.7756401896476746, -0.17529863119125366, -0.6063435077667236], "cam_t_m2c": [-140.78956604003906, 128.6605224609375, 448.38134765625], "obj_id": 0}, {"cam_R_m2c": [-0.04683821648359299, 0.9739953279495239, -0.2216736525297165, 0.6294349431991577, -0.14353886246681213, -0.763680636882782, -0.7756401896476746, -0.17529863119125366, -0.6063435077667236], "cam_t_m2c": [-140.78956604003906, 128.6605224609375, 448.38134765625], "obj_id": 3}, {"cam_R_m2c": [-0.04683821648359299, 0.9739953279495239, -0.2216736525297165, 0.6294349431991577, -0.14353886246681213, -0.763680636882782, -0.7756401896476746, -0.17529863119125366, -0.6063435077667236], "cam_t_m2c": [-140.78956604003906, 128.6605224609375, 448.38134765625], "obj_id": 0}, {"cam_R_m2c": [-0.04683821648359299, 0.9739953279495239, -0.2216736525297165, 0.6294349431991577, -0.14353886246681213, -0.763680636882782, -0.7756401896476746, -0.17529863119125366, -0.6063435077667236], "cam_t_m2c": [-140.78956604003906, 128.6605224609375, 448.38134765625], "obj_id": 1}, {"cam_R_m2c": [-0.04683821648359299, 0.9739953279495239, -0.2216736525297165, 0.6294349431991577, -0.14353886246681213, -0.763680636882782, -0.7756401896476746, -0.17529863119125366, -0.6063435077667236], "cam_t_m2c": [-140.78956604003906, 128.6605224609375, 448.38134765625], "obj_id": 3}, {"cam_R_m2c": [-0.04683821648359299, 0.9739953279495239, -0.2216736525297165, 0.6294349431991577, -0.14353886246681213, -0.763680636882782, -0.7756401896476746, -0.17529863119125366, -0.6063435077667236], "cam_t_m2c": [-140.78956604003906, 128.6605224609375, 448.38134765625], "obj_id": 2}, {"cam_R_m2c": [-0.04683821648359299, 0.9739953279495239, -0.2216736525297165, 0.6294349431991577, -0.14353886246681213, -0.763680636882782, -0.7756401896476746, -0.17529863119125366, -0.6063435077667236], "cam_t_m2c": [-140.78956604003906, 128.6605224609375, 448.38134765625], "obj_id": 0}, {"cam_R_m2c": [-0.04683821648359299, 0.9739953279495239, -0.2216736525297165, 0.6294349431991577, -0.14353886246681213, -0.763680636882782, -0.7756401896476746, -0.17529863119125366, -0.6063435077667236], "cam_t_m2c": [-140.78956604003906, 128.6605224609375, 448.38134765625], "obj_id": 1}, {"cam_R_m2c": [-0.04683821648359299, 0.9739953279495239, -0.2216736525297165, 0.6294349431991577, -0.14353886246681213, -0.763680636882782, -0.7756401896476746, -0.17529863119125366, -0.6063435077667236], "cam_t_m2c": [-140.78956604003906, 128.6605224609375, 448.38134765625], "obj_id": 2}, {"cam_R_m2c": [-0.04683821648359299, 0.9739953279495239, -0.2216736525297165, 0.6294349431991577, -0.14353886246681213, -0.763680636882782, -0.7756401896476746, -0.17529863119125366, -0.6063435077667236], "cam_t_m2c": [-140.78956604003906, 128.6605224609375, 448.38134765625], "obj_id": 0}, {"cam_R_m2c": [-0.04683821648359299, 0.9739953279495239, -0.2216736525297165, 0.6294349431991577, -0.14353886246681213, -0.763680636882782, -0.7756401896476746, -0.17529863119125366, -0.6063435077667236], "cam_t_m2c": [-140.78956604003906, 128.6605224609375, 448.38134765625], "obj_id": 0}, {"cam_R_m2c": [0.2857382893562317, 0.6208352446556091, -0.7300117611885071, 0.6624835133552551, 0.4224572479724884, 0.6185834407806396, 0.6924371123313904, -0.6603737473487854, -0.2905808687210083], "cam_t_m2c": [64.75118255615234, 110.42144012451172, 408.0462951660156], "obj_id": 1}, {"cam_R_m2c": [-0.34510210156440735, 0.17576995491981506, 0.9219595789909363, -0.41899189352989197, 0.8501415848731995, -0.3189123868942261, -0.8398513793945312, -0.4963509142398834, -0.21973945200443268], "cam_t_m2c": [-204.92881774902344, 20.484786987304688, 555.12548828125], "obj_id": 2}, {"cam_R_m2c": [-0.25579342246055603, -0.8630838394165039, -0.43549495935440063, -0.7827314138412476, -0.07947955280542374, 0.6172636151313782, -0.5673632621765137, 0.4987676441669464, -0.6552324295043945], "cam_t_m2c": [-402.26727294921875, 1.3758410215377808, 749.106689453125], "obj_id": 3}, {"cam_R_m2c": [-0.6164115071296692, 0.7633440494537354, 0.19324257969856262, -0.5931758880615234, -0.6115477085113525, 0.5235949754714966, 0.5178601741790771, 0.20812314748764038, 0.8297623991966248], "cam_t_m2c": [-322.6431884765625, 252.832763671875, 341.1502685546875], "obj_id": 4}],
  "3": [{"cam_R_m2c": [-0.9925283789634705, -0.08460607379674911, 0.08791472762823105, -0.11037132143974304, 0.31541234254837036, -0.9425143003463745, 0.05201305076479912, -0.9451755285263062, -0.3223937153816223], "cam_t_m2c": [-121.05224609375, -29.220081329345703, 735.5093994140625], "obj_id": 3}, {"cam_R_m2c": [-0.9925283789634705, -0.08460607379674911, 0.08791472762823105, -0.11037132143974304, 0.31541234254837036, -0.9425143003463745, 0.05201305076479912, -0.9451755285263062, -0.3223937153816223], "cam_t_m2c": [-121.05224609375, -29.220081329345703, 735.5093994140625], "obj_id": 0}, {"cam_R_m2c": [-0.9925283789634705, -0.08460607379674911, 0.08791472762823105, -0.11037132143974304, 0.31541234254837036, -0.9425143003463745, 0.05201305076479912, -0.9451755285263062, -0.3223937153816223], "cam_t_m2c": [-121.05224609375, -29.220081329345703, 735.5093994140625], "obj_id": 3}, {"cam_R_m2c": [-0.9925283789634705, -0.08460607379674911, 0.08791472762823105, -0.11037132143974304, 0.31541234254837036, -0.9425143003463745, 0.05201305076479912, -0.9451755285263062, -0.3223937153816223], "cam_t_m2c": [-121.05224609375, -29.220081329345703, 735.5093994140625], "obj_id": 0}, {"cam_R_m2c": [-0.9925283789634705, -0.08460607379674911, 0.08791472762823105, -0.11037132143974304, 0.31541234254837036, -0.9425143003463745, 0.05201305076479912, -0.9451755285263062, -0.3223937153816223], "cam_t_m2c": [-121.05224609375, -29.220081329345703, 735.5093994140625], "obj_id": 1}, {"cam_R_m2c": [-0.9925283789634705, -0.08460607379674911, 0.08791472762823105, -0.11037132143974304, 0.31541234254837036, -0.9425143003463745, 0.05201305076479912, -0.9451755285263062, -0.3223937153816223], "cam_t_m2c": [-121.05224609375, -29.220081329345703, 735.5093994140625], "obj_id": 3}, {"cam_R_m2c": [-0.9925283789634705, -0.08460607379674911, 0.08791472762823105, -0.11037132143974304, 0.31541234254837036, -0.9425143003463745, 0.05201305076479912, -0.9451755285263062, -0.3223937153816223], "cam_t_m2c": [-121.05224609375, -29.220081329345703, 735.5093994140625], "obj_id": 2}, {"cam_R_m2c": [-0.9925283789634705, -0.08460607379674911, 0.08791472762823105, -0.11037132143974304, 0.31541234254837036, -0.9425143003463745, 0.05201305076479912, -0.9451755285263062, -0.3223937153816223], "cam_t_m2c": [-121.05224609375, -29.220081329345703, 735.5093994140625], "obj_id": 0}, {"cam_R_m2c": [-0.9925283789634705, -0.08460607379674911, 0.08791472762823105, -0.11037132143974304, 0.31541234254837036, -0.9425143003463745, 0.05201305076479912, -0.9451755285263062, -0.3223937153816223], "cam_t_m2c": [-121.05224609375, -29.220081329345703, 735.5093994140625], "obj_id": 1}, {"cam_R_m2c": [-0.9925283789634705, -0.08460607379674911, 0.08791472762823105, -0.11037132143974304, 0.31541234254837036, -0.9425143003463745, 0.05201305076479912, -0.9451755285263062, -0.3223937153816223], "cam_t_m2c": [-121.05224609375, -29.220081329345703, 735.5093994140625], "obj_id": 2}, {"cam_R_m2c": [-0.9925283789634705, -0.08460607379674911, 0.08791472762823105, -0.11037132143974304, 0.31541234254837036, -0.9425143003463745, 0.05201305076479912, -0.9451755285263062, -0.3223937153816223], "cam_t_m2c": [-121.05224609375, -29.220081329345703, 735.5093994140625], "obj_id": 0}, {"cam_R_m2c": [-0.9925283789634705, -0.08460607379674911, 0.08791472762823105, -0.11037132143974304, 0.31541234254837036, -0.9425143003463745, 0.05201305076479912, -0.9451755285263062, -0.3223937153816223], "cam_t_m2c": [-121.05224609375, -29.220081329345703, 735.5093994140625], "obj_id": 0}, {"cam_R_m2c": [0.04028847813606262, -0.8045307993888855, -0.5925428867340088, 0.9664956331253052, 0.1818329393863678, -0.18117095530033112, 0.25350141525268555, -0.5653910040855408, 0.7849012613296509], "cam_t_m2c": [-149.54263305664062, 42.62138748168945, 539.9749145507812], "obj_id": 1}, {"cam_R_m2c": [-0.3103213906288147, -0.9506186842918396, 0.004980388097465038, -0.9388362765312195, 0.3072894215583801, 0.15543381869792938, -0.14928871393203735, 0.04355866461992264, -0.9878337979316711], "cam_t_m2c": [34.10081100463867, -63.86749267578125, 779.5233764648438], "obj_id": 2}, {"cam_R_m2c": [0.13126349449157715, 0.4666280150413513, -0.8746587634086609, -0.948369026184082, -0.19786182045936584, -0.247884139418602, -0.2887313961982727, 0.8620375394821167, 0.4165637195110321], "cam_t_m2c": [199.8953857421875, -61.56489562988281, 1001.8817138671875], "obj_id": 3}, {"cam_R_m2c": [0.816097617149353, 0.5256065726280212, 0.24025490880012512, -0.36858290433883667, 0.1531810611486435, 0.9168872237205505, 0.4451194405555725, -0.8368232846260071, 0.31874027848243713], "cam_t_m2c": [-273.8052062988281, -113.42591094970703, 907.4509887695312], "obj_id": 4}],
  "4": [{"cam_R_m2c": [-0.9925283789634705, -0.08460607379674911, 0.08791472762823105, -0.11037132143974304, 0.31541234254837036, -0.9425143003463745, 0.05201305076479912, -0.9451755285263062, -0.3223937153816223], "cam_t_m2c": [-121.05224609375, -29.220081329345703, 735.5093994140625], "obj_id": 3}, {"cam_R_m2c": [-0.9925283789634705, -0.08460607379674911, 0.08791472762823105, -0.11037132143974304, 0.31541234254837036, -0.9425143003463745, 0.05201305076479912, -0.9451755285263062, -0.3223937153816223], "cam_t_m2c": [-121.05224609375, -29.220081329345703, 735.5093994140625], "obj_id": 0}, {"cam_R_m2c": [-0.9925283789634705, -0.08460607379674911, 0.08791472762823105, -0.11037132143974304, 0.31541234254837036, -0.9425143003463745, 0.05201305076479912, -0.9451755285263062, -0.3223937153816223], "cam_t_m2c": [-121.05224609375, -29.220081329345703, 735.5093994140625], "obj_id": 3}, {"cam_R_m2c": [-0.9925283789634705, -0.08460607379674911, 0.08791472762823105, -0.11037132143974304, 0.31541234254837036, -0.9425143003463745, 0.05201305076479912, -0.9451755285263062, -0.3223937153816223], "cam_t_m2c": [-121.05224609375, -29.220081329345703, 735.5093994140625], "obj_id": 0}, {"cam_R_m2c": [-0.9925283789634705, -0.08460607379674911, 0.08791472762823105, -0.11037132143974304, 0.31541234254837036, -0.9425143003463745, 0.05201305076479912, -0.9451755285263062, -0.3223937153816223], "cam_t_m2c": [-121.05224609375, -29.220081329345703, 735.5093994140625], "obj_id": 1}, {"cam_R_m2c": [-0.9925283789634705, -0.08460607379674911, 0.08791472762823105, -0.11037132143974304, 0.31541234254837036, -0.9425143003463745, 0.05201305076479912, -0.9451755285263062, -0.3223937153816223], "cam_t_m2c": [-121.05224609375, -29.220081329345703, 735.5093994140625], "obj_id": 3}, {"cam_R_m2c": [-0.9925283789634705, -0.08460607379674911, 0.08791472762823105, -0.11037132143974304, 0.31541234254837036, -0.9425143003463745, 0.05201305076479912, -0.9451755285263062, -0.3223937153816223], "cam_t_m2c": [-121.05224609375, -29.220081329345703, 735.5093994140625], "obj_id": 2}, {"cam_R_m2c": [-0.9925283789634705, -0.08460607379674911, 0.08791472762823105, -0.11037132143974304, 0.31541234254837036, -0.9425143003463745, 0.05201305076479912, -0.9451755285263062, -0.3223937153816223], "cam_t_m2c": [-121.05224609375, -29.220081329345703, 735.5093994140625], "obj_id": 0}, {"cam_R_m2c": [-0.9925283789634705, -0.08460607379674911, 0.08791472762823105, -0.11037132143974304, 0.31541234254837036, -0.9425143003463745, 0.05201305076479912, -0.9451755285263062, -0.3223937153816223], "cam_t_m2c": [-121.05224609375, -29.220081329345703, 735.5093994140625], "obj_id": 1}, {"cam_R_m2c": [-0.9925283789634705, -0.08460607379674911, 0.08791472762823105, -0.11037132143974304, 0.31541234254837036, -0.9425143003463745, 0.05201305076479912, -0.9451755285263062, -0.3223937153816223], "cam_t_m2c": [-121.05224609375, -29.220081329345703, 735.5093994140625], "obj_id": 2}, {"cam_R_m2c": [-0.9925283789634705, -0.08460607379674911, 0.08791472762823105, -0.11037132143974304, 0.31541234254837036, -0.9425143003463745, 0.05201305076479912, -0.9451755285263062, -0.3223937153816223], "cam_t_m2c": [-121.05224609375, -29.220081329345703, 735.5093994140625], "obj_id": 0}, {"cam_R_m2c": [-0.9925283789634705, -0.08460607379674911, 0.08791472762823105, -0.11037132143974304, 0.31541234254837036, -0.9425143003463745, 0.05201305076479912, -0.9451755285263062, -0.3223937153816223], "cam_t_m2c": [-121.05224609375, -29.220081329345703, 735.5093994140625], "obj_id": 0}, {"cam_R_m2c": [0.04028847813606262, -0.8045307993888855, -0.5925428867340088, 0.9664956331253052, 0.1818329393863678, -0.18117095530033112, 0.25350141525268555, -0.5653910040855408, 0.7849012613296509], "cam_t_m2c": [-149.54263305664062, 42.62138748168945, 539.9749145507812], "obj_id": 1}, {"cam_R_m2c": [-0.3103213906288147, -0.9506186842918396, 0.004980388097465038, -0.9388362765312195, 0.3072894215583801, 0.15543381869792938, -0.14928871393203735, 0.04355866461992264, -0.9878337979316711], "cam_t_m2c": [34.10081100463867, -63.86749267578125, 779.5233764648438], "obj_id": 2}, {"cam_R_m2c": [0.13126349449157715, 0.4666280150413513, -0.8746587634086609, -0.948369026184082, -0.19786182045936584, -0.247884139418602, -0.2887313961982727, 0.8620375394821167, 0.4165637195110321], "cam_t_m2c": [199.8953857421875, -61.56489562988281, 1001.8817138671875], "obj_id": 3}, {"cam_R_m2c": [0.816097617149353, 0.5256065726280212, 0.24025490880012512, -0.36858290433883667, 0.1531810611486435, 0.9168872237205505, 0.4451194405555725, -0.8368232846260071, 0.31874027848243713], "cam_t_m2c": [-273.8052062988281, -113.42591094970703, 907.4509887695312], "obj_id": 4}],
  "5": [{"cam_R_m2c": [-0.8148922920227051, -0.5756377577781677, -0.0677618756890297, -0.021100154146552086, 0.14629331231117249, -0.9890161752700806, 0.5792282223701477, -0.8045119047164917, -0.1313592940568924], "cam_t_m2c": [-239.91697692871094, 72.6600341796875, 122.79093170166016], "obj_id": 3}, {"cam_R_m2c": [-0.8148922920227051, -0.5756377577781677, -0.0677618756890297, -0.021100154146552086, 0.14629331231117249, -0.9890161752700806, 0.5792282223701477, -0.8045119047164917, -0.1313592940568924], "cam_t_m2c": [-239.91697692871094, 72.6600341796875, 122.79093170166016], "obj_id": 0}, {"cam_R_m2c": [-0.8148922920227051, -0.5756377577781677, -0.0677618756890297, -0.021100154146552086, 0.14629331231117249, -0.9890161752700806, 0.5792282223701477, -0.8045119047164917, -0.1313592940568924], "cam_t_m2c": [-239.91697692871094, 72.6600341796875, 122.79093170166016], "obj_id": 3}, {"cam_R_m2c": [-0.8148922920227051, -0.5756377577781677, -0.0677618756890297, -0.021100154146552086, 0.14629331231117249, -0.9890161752700806, 0.5792282223701477, -0.8045119047164917, -0.1313592940568924], "cam_t_m2c": [-239.91697692871094, 72.6600341796875, 122.79093170166016], "obj_id": 3}, {"cam_R_m2c": [-0.8148922920227051, -0.5756377577781677, -0.0677618756890297, -0.021100154146552086, 0.14629331231117249, -0.9890161752700806, 0.5792282223701477, -0.8045119047164917, -0.1313592940568924], "cam_t_m2c": [-239.91697692871094, 72.6600341796875, 122.79093170166016], "obj_id": 2}, {"cam_R_m2c": [-0.8148922920227051, -0.5756377577781677, -0.0677618756890297, -0.021100154146552086, 0.14629331231117249, -0.9890161752700806, 0.5792282223701477, -0.8045119047164917, -0.1313592940568924], "cam_t_m2c": [-239.91697692871094, 72.6600341796875, 122.79093170166016], "obj_id": 0}, {"cam_R_m2c": [-0.8148922920227051, -0.5756377577781677, -0.0677618756890297, -0.021100154146552086, 0.14629331231117249, -0.9890161752700806, 0.5792282223701477, -0.8045119047164917, -0.1313592940568924], "cam_t_m2c": [-239.91697692871094, 72.6600341796875, 122.79093170166016], "obj_id": 0}, {"cam_R_m2c": [-0.8148922920227051, -0.5756377577781677, -0.0677618756890297, -0.021100154146552086, 0.14629331231117249, -0.9890161752700806, 0.5792282223701477, -0.8045119047164917, -0.1313592940568924], "cam_t_m2c": [-239.91697692871094, 72.6600341796875, 122.79093170166016], "obj_id": 1}, {"cam_R_m2c": [-0.8148922920227051, -0.5756377577781677, -0.0677618756890297, -0.021100154146552086, 0.14629331231117249, -0.9890161752700806, 0.5792282223701477, -0.8045119047164917, -0.1313592940568924], "cam_t_m2c": [-239.91697692871094, 72.6600341796875, 122.79093170166016], "obj_id": 1}, {"cam_R_m2c": [-0.8148922920227051, -0.5756377577781677, -0.0677618756890297, -0.021100154146552086, 0.14629331231117249, -0.9890161752700806, 0.5792282223701477, -0.8045119047164917, -0.1313592940568924], "cam_t_m2c": [-239.91697692871094, 72.6600341796875, 122.79093170166016], "obj_id": 1}, {"cam_R_m2c": [-0.8148922920227051, -0.5756377577781677, -0.0677618756890297, -0.021100154146552086, 0.14629331231117249, -0.9890161752700806, 0.5792282223701477, -0.8045119047164917, -0.1313592940568924], "cam_t_m2c": [-239.91697692871094, 72.6600341796875, 122.79093170166016], "obj_id": 3}, {"cam_R_m2c": [-0.8148922920227051, -0.5756377577781677, -0.0677618756890297, -0.021100154146552086, 0.14629331231117249, -0.9890161752700806, 0.5792282223701477, -0.8045119047164917, -0.1313592940568924], "cam_t_m2c": [-239.91697692871094, 72.6600341796875, 122.79093170166016], "obj_id": 3}, {"cam_R_m2c": [0.4599253237247467, 0.10459230095148087, -0.8817760944366455, 0.8871495723724365, -0.01177164725959301, 0.46133166551589966, 0.037871696054935455, -0.9944453835487366, -0.09820304811000824], "cam_t_m2c": [-334.07672119140625, 121.3040542602539, 29.692855834960938], "obj_id": 1}, {"cam_R_m2c": [0.020196938887238503, -0.08839493244886398, -0.995880663394928, -0.8156844973564148, 0.5745408535003662, -0.06753901392221451, 0.5781442523002625, 0.8136885762214661, -0.060498397797346115], "cam_t_m2c": [-343.4823303222656, 16.07486915588379, 809.127685546875], "obj_id": 2}, {"cam_R_m2c": [0.23626650869846344, -0.9501871466636658, 0.20327924191951752, 0.9632580876350403, 0.20153671503067017, -0.17752937972545624, 0.12771792709827423, 0.23775462806224823, 0.9628919363021851], "cam_t_m2c": [-20.603384017944336, 1.2187561988830566, 278.7078552246094], "obj_id": 3}, {"cam_R_m2c": [0.6374253630638123, 0.7516200542449951, 0.16957677900791168, 0.7113887071609497, -0.6586310267448425, 0.24521692097187042, 0.2959984838962555, -0.03567248582839966, -0.9545221328735352], "cam_t_m2c": [-7.057839870452881, 5.604922294616699, 238.69676208496094], "obj_id": 4}],
  "6": [{"cam_R_m2c": [-0.8148922920227051, -0.5756377577781677, -0.0677618756890297, -0.021100154146552086, 0.14629331231117249, -0.9890161752700806, 0.5792282223701477, -0.8045119047164917, -0.1313592940568924], "cam_t_m2c": [-239.91697692871094, 72.6600341796875, 122.79093170166016], "obj_id": 3}, {"cam_R_m2c": [-0.8148922920227051, -0.5756377577781677, -0.0677618756890297, -0.021100154146552086, 0.14629331231117249, -0.9890161752700806, 0.5792282223701477, -0.8045119047164917, -0.1313592940568924], "cam_t_m2c": [-239.91697692871094, 72.6600341796875, 122.79093170166016], "obj_id": 0}, {"cam_R_m2c": [-0.8148922920227051, -0.5756377577781677, -0.0677618756890297, -0.021100154146552086, 0.14629331231117249, -0.9890161752700806, 0.5792282223701477, -0.8045119047164917, -0.1313592940568924], "cam_t_m2c": [-239.91697692871094, 72.6600341796875, 122.79093170166016], "obj_id": 3}, {"cam_R_m2c": [-0.8148922920227051, -0.5756377577781677, -0.0677618756890297, -0.021100154146552086, 0.14629331231117249, -0.9890161752700806, 0.5792282223701477, -0.8045119047164917, -0.1313592940568924], "cam_t_m2c": [-239.91697692871094, 72.6600341796875, 122.79093170166016], "obj_id": 3}, {"cam_R_m2c": [-0.8148922920227051, -0.5756377577781677, -0.0677618756890297, -0.021100154146552086, 0.14629331231117249, -0.9890161752700806, 0.5792282223701477, -0.8045119047164917, -0.1313592940568924], "cam_t_m2c": [-239.91697692871094, 72.6600341796875, 122.79093170166016], "obj_id": 2}, {"cam_R_m2c": [-0.8148922920227051, -0.5756377577781677, -0.0677618756890297, -0.021100154146552086, 0.14629331231117249, -0.9890161752700806, 0.5792282223701477, -0.8045119047164917, -0.1313592940568924], "cam_t_m2c": [-239.91697692871094, 72.6600341796875, 122.79093170166016], "obj_id": 0}, {"cam_R_m2c": [-0.8148922920227051, -0.5756377577781677, -0.0677618756890297, -0.021100154146552086, 0.14629331231117249, -0.9890161752700806, 0.5792282223701477, -0.8045119047164917, -0.1313592940568924], "cam_t_m2c": [-239.91697692871094, 72.6600341796875, 122.79093170166016], "obj_id": 0}, {"cam_R_m2c": [-0.8148922920227051, -0.5756377577781677, -0.0677618756890297, -0.021100154146552086, 0.14629331231117249, -0.9890161752700806, 0.5792282223701477, -0.8045119047164917, -0.1313592940568924], "cam_t_m2c": [-239.91697692871094, 72.6600341796875, 122.79093170166016], "obj_id": 1}, {"cam_R_m2c": [-0.8148922920227051, -0.5756377577781677, -0.0677618756890297, -0.021100154146552086, 0.14629331231117249, -0.9890161752700806, 0.5792282223701477, -0.8045119047164917, -0.1313592940568924], "cam_t_m2c": [-239.91697692871094, 72.6600341796875, 122.79093170166016], "obj_id": 1}, {"cam_R_m2c": [-0.8148922920227051, -0.5756377577781677, -0.0677618756890297, -0.021100154146552086, 0.14629331231117249, -0.9890161752700806, 0.5792282223701477, -0.8045119047164917, -0.1313592940568924], "cam_t_m2c": [-239.91697692871094, 72.6600341796875, 122.79093170166016], "obj_id": 1}, {"cam_R_m2c": [-0.8148922920227051, -0.5756377577781677, -0.0677618756890297, -0.021100154146552086, 0.14629331231117249, -0.9890161752700806, 0.5792282223701477, -0.8045119047164917, -0.1313592940568924], "cam_t_m2c": [-239.91697692871094, 72.6600341796875, 122.79093170166016], "obj_id": 3}, {"cam_R_m2c": [-0.8148922920227051, -0.5756377577781677, -0.0677618756890297, -0.021100154146552086, 0.14629331231117249, -0.9890161752700806, 0.5792282223701477, -0.8045119047164917, -0.1313592940568924], "cam_t_m2c": [-239.91697692871094, 72.6600341796875, 122.79093170166016], "obj_id": 3}, {"cam_R_m2c": [0.4599253237247467, 0.10459230095148087, -0.8817760944366455, 0.8871495723724365, -0.01177164725959301, 0.46133166551589966, 0.037871696054935455, -0.9944453835487366, -0.09820304811000824], "cam_t_m2c": [-334.07672119140625, 121.3040542602539, 29.692855834960938], "obj_id": 1}, {"cam_R_m2c": [0.020196938887238503, -0.08839493244886398, -0.995880663394928, -0.8156844973564148, 0.5745408535003662, -0.06753901392221451, 0.5781442523002625, 0.8136885762214661, -0.060498397797346115], "cam_t_m2c": [-343.4823303222656, 16.07486915588379, 809.127685546875], "obj_id": 2}, {"cam_R_m2c": [0.23626650869846344, -0.9501871466636658, 0.20327924191951752, 0.9632580876350403, 0.20153671503067017, -0.17752937972545624, 0.12771792709827423, 0.23775462806224823, 0.9628919363021851], "cam_t_m2c": [-20.603384017944336, 1.2187561988830566, 278.7078552246094], "obj_id": 3}, {"cam_R_m2c": [0.6374253630638123, 0.7516200542449951, 0.16957677900791168, 0.7113887071609497, -0.6586310267448425, 0.24521692097187042, 0.2959984838962555, -0.03567248582839966, -0.9545221328735352], "cam_t_m2c": [-7.057839870452881, 5.604922294616699, 238.69676208496094], "obj_id": 4}],
  "7": [{"cam_R_m2c": [0.8592846989631653, -0.4913780987262726, 0.14204685389995575, 0.004057279787957668, -0.2711510956287384, -0.9625281691551208, 0.5114814639091492, 0.8276620507240295, -0.2310023158788681], "cam_t_m2c": [-238.91720581054688, -107.98841094970703, 891.1372680664062], "obj_id": 3}, {"cam_R_m2c": [0.8592846989631653, -0.4913780987262726, 0.14204685389995575, 0.004057279787957668, -0.2711510956287384, -0.9625281691551208, 0.5114814639091492, 0.8276620507240295, -0.2310023158788681], "cam_t_m2c": [-238.91720581054688, -107.98841094970703, 891.1372680664062], "obj_id": 0}, {"cam_R_m2c": [0.8592846989631653, -0.4913780987262726, 0.14204685389995575, 0.004057279787957668, -0.2711510956287384, -0.9625281691551208, 0.5114814639091492, 0.8276620507240295, -0.2310023158788681], "cam_t_m2c": [-238.91720581054688, -107.98841094970703, 891.1372680664062], "obj_id": 3}, {"cam_R_m2c": [0.8592846989631653, -0.4913780987262726, 0.14204685389995575, 0.004057279787957668, -0.2711510956287384, -0.9625281691551208, 0.5114814639091492, 0.8276620507240295, -0.2310023158788681], "cam_t_m2c": [-238.91720581054688, -107.98841094970703, 891.1372680664062], "obj_id": 3}, {"cam_R_m2c": [0.8592846989631653, -0.4913780987262726, 0.14204685389995575, 0.004057279787957668, -0.2711510956287384, -0.9625281691551208, 0.5114814639091492, 0.8276620507240295, -0.2310023158788681], "cam_t_m2c": [-238.91720581054688, -107.98841094970703, 891.1372680664062], "obj_id": 2}, {"cam_R_m2c": [0.8592846989631653, -0.4913780987262726, 0.14204685389995575, 0.004057279787957668, -0.2711510956287384, -0.9625281691551208, 0.5114814639091492, 0.8276620507240295, -0.2310023158788681], "cam_t_m2c": [-238.91720581054688, -107.98841094970703, 891.1372680664062], "obj_id": 0}, {"cam_R_m2c": [0.8592846989631653, -0.4913780987262726, 0.14204685389995575, 0.004057279787957668, -0.2711510956287384, -0.9625281691551208, 0.5114814639091492, 0.8276620507240295, -0.2310023158788681], "cam_t_m2c": [-238.91720581054688, -107.98841094970703, 891.1372680664062], "obj_id": 0}, {"cam_R_m2c": [0.8592846989631653, -0.4913780987262726, 0.14204685389995575, 0.004057279787957668, -0.2711510956287384, -0.9625281691551208, 0.5114814639091492, 0.8276620507240295, -0.2310023158788681], "cam_t_m2c": [-238.91720581054688, -107.98841094970703, 891.1372680664062], "obj_id": 1}, {"cam_R_m2c": [0.8592846989631653, -0.4913780987262726, 0.14204685389995575, 0.004057279787957668, -0.2711510956287384, -0.9625281691551208, 0.5114814639091492, 0.8276620507240295, -0.2310023158788681], "cam_t_m2c": [-238.91720581054688, -107.98841094970703, 891.1372680664062], "obj_id": 1}, {"cam_R_m2c": [0.8592846989631653, -0.4913780987262726, 0.14204685389995575, 0.004057279787957668, -0.2711510956287384, -0.9625281691551208, 0.5114814639091492, 0.8276620507240295, -0.2310023158788681], "cam_t_m2c": [-238.91720581054688, -107.98841094970703, 891.1372680664062], "obj_id": 1}, {"cam_R_m2c": [0.8592846989631653, -0.4913780987262726, 0.14204685389995575, 0.004057279787957668, -0.2711510956287384, -0.9625281691551208, 0.5114814639091492, 0.8276620507240295, -0.2310023158788681], "cam_t_m2c": [-238.91720581054688, -107.98841094970703, 891.1372680664062], "obj_id": 3}, {"cam_R_m2c": [0.8592846989631653, -0.4913780987262726, 0.14204685389995575, 0.004057279787957668, -0.2711510956287384, -0.9625281691551208, 0.5114814639091492, 0.8276620507240295, -0.2310023158788681], "cam_t_m2c": [-238.91720581054688, -107.98841094970703, 891.1372680664062], "obj_id": 3}, {"cam_R_m2c": [-0.36776167154312134, -0.9114723801612854, 0.1843077838420868, 0.9226635694503784, -0.3329414129257202, 0.1945299208164215, -0.11594496667385101, 0.24159473180770874, 0.9634255170822144], "cam_t_m2c": [-291.3274841308594, -116.44082641601562, 1021.8325805664062], "obj_id": 1}, {"cam_R_m2c": [0.684912919998169, 0.6167855858802795, 0.3879043757915497, -0.5390902757644653, 0.7871218323707581, -0.2997013330459595, -0.49017947912216187, -0.003846164094284177, 0.8716130256652832], "cam_t_m2c": [418.4684143066406, 55.92897415161133, 730.0125732421875], "obj_id": 2}, {"cam_R_m2c": [-0.21124400198459625, 0.5671579241752625, 0.7960577011108398, 0.9745025634765625, 0.05918474122881889, 0.2164299339056015, 0.07563547790050507, 0.8214797973632812, -0.5651993155479431], "cam_t_m2c": [-179.76434326171875, -71.25416564941406, 621.5747680664062], "obj_id": 3}, {"cam_R_m2c": [-0.17733824253082275, -0.20031225681304932, -0.9635486602783203, 0.890581488609314, -0.44932663440704346, -0.07049831002950668, -0.41882649064064026, -0.8706207275390625, 0.2580772638320923], "cam_t_m2c": [-221.5442352294922, -78.18125915527344, 624.7471923828125], "obj_id": 4}],
