{
  "0": [{"cam_R_m2c": [0.9737842082977295, -0.222356915473938, 0.04797593504190445, -0.12943820655345917, -0.7150769233703613, -0.6869574785232544, 0.18705624341964722, 0.6627384424209595, -0.7251121401786804], "cam_t_m2c": [-49.859161376953125, 44.707313537597656, 206.1288299560547], "obj_id": 3}, {"cam_R_m2c": [0.9737842082977295, -0.222356915473938, 0.04797593504190445, -0.12943820655345917, -0.7150769233703613, -0.6869574785232544, 0.18705624341964722, 0.6627384424209595, -0.7251121401786804], "cam_t_m2c": [-49.859161376953125, 44.707313537597656, 206.1288299560547], "obj_id": 2}, {"cam_R_m2c": [0.9737842082977295, -0.222356915473938, 0.04797593504190445, -0.12943820655345917, -0.7150769233703613, -0.6869574785232544, 0.18705624341964722, 0.6627384424209595, -0.7251121401786804], "cam_t_m2c": [-49.859161376953125, 44.707313537597656, 206.1288299560547], "obj_id": 2}, {"cam_R_m2c": [0.9737842082977295, -0.222356915473938, 0.04797593504190445, -0.12943820655345917, -0.7150769233703613, -0.6869574785232544, 0.18705624341964722, 0.6627384424209595, -0.7251121401786804], "cam_t_m2c": [-49.859161376953125, 44.707313537597656, 206.1288299560547], "obj_id": 0}, {"cam_R_m2c": [0.9737842082977295, -0.222356915473938, 0.04797593504190445, -0.12943820655345917, -0.7150769233703613, -0.6869574785232544, 0.18705624341964722, 0.6627384424209595, -0.7251121401786804], "cam_t_m2c": [-49.859161376953125, 44.707313537597656, 206.1288299560547], "obj_id": 3}, {"cam_R_m2c": [0.9737842082977295, -0.222356915473938, 0.04797593504190445, -0.12943820655345917, -0.7150769233703613, -0.6869574785232544, 0.18705624341964722, 0.6627384424209595, -0.7251121401786804], "cam_t_m2c": [-49.859161376953125, 44.707313537597656, 206.1288299560547], "obj_id": 2}, {"cam_R_m2c": [0.9737842082977295, -0.222356915473938, 0.04797593504190445, -0.12943820655345917, -0.7150769233703613, -0.6869574785232544, 0.18705624341964722, 0.6627384424209595, -0.7251121401786804], "cam_t_m2c": [-49.859161376953125, 44.707313537597656, 206.1288299560547], "obj_id": 1}, {"cam_R_m2c": [0.9737842082977295, -0.222356915473938, 0.04797593504190445, -0.12943820655345917, -0.7150769233703613, -0.6869574785232544, 0.18705624341964722, 0.6627384424209595, -0.7251121401786804], "cam_t_m2c": [-49.859161376953125, 44.707313537597656, 206.1288299560547], "obj_id": 1}, {"cam_R_m2c": [0.9737842082977295, -0.222356915473938, 0.04797593504190445, -0.12943820655345917, -0.7150769233703613, -0.6869574785232544, 0.18705624341964722, 0.6627384424209595, -0.7251121401786804], "cam_t_m2c": [-49.859161376953125, 44.707313537597656, 206.1288299560547], "obj_id": 0}, {"cam_R_m2c": [0.9737842082977295, -0.222356915473938, 0.04797593504190445, -0.12943820655345917, -0.7150769233703613, -0.6869574785232544, 0.18705624341964722, 0.6627384424209595, -0.7251121401786804], "cam_t_m2c": [-49.859161376953125, 44.707313537597656, 206.1288299560547], "obj_id": 0}, {"cam_R_m2c": [0.9737842082977295, -0.222356915473938, 0.04797593504190445, -0.12943820655345917, -0.7150769233703613, -0.6869574785232544, 0.18705624341964722, 0.6627384424209595, -0.7251121401786804], "cam_t_m2c": [-49.859161376953125, 44.707313537597656, 206.1288299560547], "obj_id": 0}, {"cam_R_m2c": [0.9737842082977295, -0.222356915473938, 0.04797593504190445, -0.12943820655345917, -0.7150769233703613, -0.6869574785232544, 0.18705624341964722, 0.6627384424209595, -0.7251121401786804], "cam_t_m2c": [-49.859161376953125, 44.707313537597656, 206.1288299560547], "obj_id": 0}, {"cam_R_m2c": [0.9737842082977295, -0.222356915473938, 0.04797593504190445, -0.12943820655345917, -0.7150769233703613, -0.6869574785232544, 0.18705624341964722, 0.6627384424209595, -0.7251121401786804], "cam_t_m2c": [-49.859161376953125, 44.707313537597656, 206.1288299560547], "obj_id": 0}, {"cam_R_m2c": [0.9737842082977295, -0.222356915473938, 0.04797593504190445, -0.12943820655345917, -0.7150769233703613, -0.6869574785232544, 0.18705624341964722, 0.6627384424209595, -0.7251121401786804], "cam_t_m2c": [-49.859161376953125, 44.707313537597656, 206.1288299560547], "obj_id": 3}, {"cam_R_m2c": [0.9737842082977295, -0.222356915473938, 0.04797593504190445, -0.12943820655345917, -0.7150769233703613, -0.6869574785232544, 0.18705624341964722, 0.6627384424209595, -0.7251121401786804], "cam_t_m2c": [-49.859161376953125, 44.707313537597656, 206.1288299560547], "obj_id": 3}, {"cam_R_m2c": [0.9737842082977295, -0.222356915473938, 0.04797593504190445, -0.12943820655345917, -0.7150769233703613, -0.6869574785232544, 0.18705624341964722, 0.6627384424209595, -0.7251121401786804], "cam_t_m2c": [-49.859161376953125, 44.707313537597656, 206.1288299560547], "obj_id": 0}, {"cam_R_m2c": [0.9737842082977295, -0.222356915473938, 0.04797593504190445, -0.12943820655345917, -0.7150769233703613, -0.6869574785232544, 0.18705624341964722, 0.6627384424209595, -0.7251121401786804], "cam_t_m2c": [-49.859161376953125, 44.707313537597656, 206.1288299560547], "obj_id": 0}, {"cam_R_m2c": [0.9737842082977295, -0.222356915473938, 0.04797593504190445, -0.12943820655345917, -0.7150769233703613, -0.6869574785232544, 0.18705624341964722, 0.6627384424209595, -0.7251121401786804], "cam_t_m2c": [-49.859161376953125, 44.707313537597656, 206.1288299560547], "obj_id": 2}, {"cam_R_m2c": [0.9737842082977295, -0.222356915473938, 0.04797593504190445, -0.12943820655345917, -0.7150769233703613, -0.6869574785232544, 0.18705624341964722, 0.6627384424209595, -0.7251121401786804], "cam_t_m2c": [-49.859161376953125, 44.707313537597656, 206.1288299560547], "obj_id": 1}, {"cam_R_m2c": [0.9737842082977295, -0.222356915473938, 0.04797593504190445, -0.12943820655345917, -0.7150769233703613, -0.6869574785232544, 0.18705624341964722, 0.6627384424209595, -0.7251121401786804], "cam_t_m2c": [-49.859161376953125, 44.707313537597656, 206.1288299560547], "obj_id": 2}, {"cam_R_m2c": [0.9737842082977295, -0.222356915473938, 0.04797593504190445, -0.12943820655345917, -0.7150769233703613, -0.6869574785232544, 0.18705624341964722, 0.6627384424209595, -0.7251121401786804], "cam_t_m2c": [-49.859161376953125, 44.707313537597656, 206.1288299560547], "obj_id": 1}, {"cam_R_m2c": [0.9737842082977295, -0.222356915473938, 0.04797593504190445, -0.12943820655345917, -0.7150769233703613, -0.6869574785232544, 0.18705624341964722, 0.6627384424209595, -0.7251121401786804], "cam_t_m2c": [-49.859161376953125, 44.707313537597656, 206.1288299560547], "obj_id": 3}, {"cam_R_m2c": [0.9737842082977295, -0.222356915473938, 0.04797593504190445, -0.12943820655345917, -0.7150769233703613, -0.6869574785232544, 0.18705624341964722, 0.6627384424209595, -0.7251121401786804], "cam_t_m2c": [-49.859161376953125, 44.707313537597656, 206.1288299560547], "obj_id": 3}, {"cam_R_m2c": [0.9737842082977295, -0.222356915473938, 0.04797593504190445, -0.12943820655345917, -0.7150769233703613, -0.6869574785232544, 0.18705624341964722, 0.6627384424209595, -0.7251121401786804], "cam_t_m2c": [-49.859161376953125, 44.707313537597656, 206.1288299560547], "obj_id": 3}, {"cam_R_m2c": [0.1505802869796753, 0.9570882320404053, 0.24760392308235168, 0.9554210305213928, -0.20522917807102203, 0.2122536599636078, 0.2539610266685486, 0.20460477471351624, -0.9453257322311401], "cam_t_m2c": [154.90293884277344, 34.43572998046875, 199.63778686523438], "obj_id": 1}, {"cam_R_m2c": [0.003453827230259776, 0.35563844442367554, 0.9346172213554382, 0.5543176531791687, -0.7785701751708984, 0.29421135783195496, 0.8322980403900146, 0.5170586705207825, -0.19982567429542542], "cam_t_m2c": [70.11772918701172, 8.659367561340332, 199.5161590576172], "obj_id": 0}, {"cam_R_m2c": [0.29695308208465576, 0.3216998875141144, 0.8990705013275146, 0.7482116222381592, 0.5066105127334595, -0.42839810252189636, -0.5932941436767578, 0.799909234046936, -0.09025999903678894], "cam_t_m2c": [76.13886260986328, -121.10295104980469, 317.5224914550781], "obj_id": 3}, {"cam_R_m2c": [0.6882173418998718, 0.20046785473823547, 0.6972585320472717, 0.5921034812927246, 0.4001765549182892, -0.699479877948761, -0.4192497134208679, 0.8942434191703796, 0.15671074390411377], "cam_t_m2c": [-7.8851728439331055, 57.10986328125, 143.0546417236328], "obj_id": 3}, {"cam_R_m2c": [0.9867985248565674, -0.061481550335884094, 0.14982877671718597, 0.1617581993341446, 0.32885047793388367, -0.9304254651069641, 0.007932747714221478, 0.9423785209655762, 0.3344542980194092], "cam_t_m2c": [-240.55853271484375, -20.051258087158203, 200.86573791503906], "obj_id": 3}]
}