{
  "0": [{"cam_R_m2c": [0.3555010259151459, 0.11373384296894073, -0.9277303218841553, -0.46957698464393616, 0.8799456357955933, -0.07206350564956665, 0.8081561923027039, 0.46125948429107666, 0.3662283718585968], "cam_t_m2c": [-433.44842529296875, -12.605071067810059, 4176.72705078125], "obj_id": 0}, {"cam_R_m2c": [0.6851732134819031, 0.6623077392578125, -0.3031272292137146, 0.3249553442001343, 0.09450399875640869, 0.9409957528114319, 0.6518754959106445, -0.743247926235199, -0.15046881139278412], "cam_t_m2c": [-49.31755447387695, -42.41688537597656, 4336.30517578125], "obj_id": 0}, {"cam_R_m2c": [0.14802682399749756, 0.06579034775495529, -0.9867926836013794, -0.9764997959136963, -0.1483123004436493, -0.15637099742889404, -0.15664108097553253, 0.9867498874664307, 0.042289961129426956], "cam_t_m2c": [-112.08193969726562, -111.1895980834961, 4220.20458984375], "obj_id": 2}, {"cam_R_m2c": [0.8062381148338318, -0.2285815179347992, 0.5456469655036926, -0.4283105432987213, -0.8617690801620483, 0.2718529999256134, 0.40808114409446716, -0.45288461446762085, -0.7926949262619019], "cam_t_m2c": [297.4407958984375, 176.5945587158203, 4012.438720703125], "obj_id": 2}, {"cam_R_m2c": [0.1961427479982376, 0.8076424598693848, 0.5560948848724365, 0.6629094481468201, 0.3086681365966797, -0.6821106672286987, -0.7225503325462341, 0.5024316310882568, -0.4748508036136627], "cam_t_m2c": [41.09855651855469, 65.95918273925781, 3900.906494140625], "obj_id": 1}, {"cam_R_m2c": [-0.5776437520980835, 0.4093974828720093, -0.7062021493911743, -0.17843066155910492, -0.9075427651405334, -0.3801692724227905, -0.7965489625930786, -0.09359429031610489, 0.5972854495048523], "cam_t_m2c": [48.56247329711914, -51.74446487426758, 4389.44970703125], "obj_id": 2}, {"cam_R_m2c": [0.9539382457733154, 0.28678885102272034, 0.08805698156356812, -0.1725294440984726, 0.28431251645088196, 0.9430800080299377, 0.2454291433095932, -0.9148324728012085, 0.320696085691452], "cam_t_m2c": [154.22178649902344, 122.03141784667969, 4199.6474609375], "obj_id": 0}, {"cam_R_m2c": [0.5729941725730896, -0.3332175016403198, -0.7487614750862122, -0.6903647780418396, -0.6886033415794373, -0.22186008095741272, -0.44167202711105347, 0.6440430879592896, -0.6246073246002197], "cam_t_m2c": [133.27127075195312, 46.843788146972656, 3968.66064453125], "obj_id": 2}, {"cam_R_m2c": [-0.9266098737716675, -0.3513350188732147, 0.13400691747665405, 0.21677573025226593, -0.20791417360305786, 0.9538238644599915, -0.3072497844696045, 0.9128720760345459, 0.268816202878952], "cam_t_m2c": [-180.0438690185547, 93.97008514404297, 4244.06201171875], "obj_id": 2}, {"cam_R_m2c": [-0.20615984499454498, -0.8011924028396606, 0.5617730021476746, -0.4306223392486572, -0.44123968482017517, -0.787319540977478, 0.8786709308624268, -0.4042256474494934, -0.2540454566478729], "cam_t_m2c": [-17.76630210876465, 7.042010307312012, 3989.220458984375], "obj_id": 1}, {"cam_R_m2c": [-0.0812908336520195, -0.9676006436347961, 0.2390410155057907, 0.7889178991317749, -0.20903468132019043, -0.5778519511222839, 0.6090978384017944, 0.14160963892936707, 0.7803502082824707], "cam_t_m2c": [-195.10943603515625, -112.4483413696289, 4243.873046875], "obj_id": 0}, {"cam_R_m2c": [-0.35500407218933105, 0.9242485761642456, 0.14048689603805542, 0.3567543029785156, 0.27283772826194763, -0.89346843957901, -0.8641171455383301, -0.2670656740665436, -0.42658814787864685], "cam_t_m2c": [187.6442108154297, 150.06787109375, 3946.588623046875], "obj_id": 0}, {"cam_R_m2c": [0.5783410668373108, -0.6999586224555969, 0.4190220236778259, 0.4718815088272095, 0.7060191035270691, 0.5280765295028687, -0.6654692888259888, -0.10767960548400879, 0.7386174201965332], "cam_t_m2c": [-87.01499938964844, -73.6421127319336, 4139.4150390625], "obj_id": 2}, {"cam_R_m2c": [0.833576500415802, -0.3892095386981964, -0.3920027017593384, -0.1631544828414917, 0.504506528377533, -0.8478524088859558, 0.5277602076530457, 0.770706832408905, 0.35704347491264343], "cam_t_m2c": [-50.318870544433594, -77.16444396972656, 4249.451171875], "obj_id": 2}, {"cam_R_m2c": [0.26908737421035767, -0.8723856210708618, -0.4080873131752014, 0.48012933135032654, -0.24580319225788116, 0.8420549035072327, -0.8349058032035828, -0.42252102494239807, 0.3527154326438904], "cam_t_m2c": [66.35755157470703, 53.306739807128906, 4309.318359375], "obj_id": 0}, {"cam_R_m2c": [-0.7953904867172241, 0.5553443431854248, 0.24278901517391205, -0.35136204957962036, -0.7488858103752136, 0.561884880065918, 0.4938608705997467, 0.3616110682487488, 0.790783703327179], "cam_t_m2c": [-205.48292541503906, 29.285043716430664, 4211.9052734375], "obj_id": 0}, {"cam_R_m2c": [-0.44174590706825256, -0.25827324390411377, 0.8591596484184265, 0.4038377106189728, 0.7979100346565247, 0.44749826192855835, -0.8011088967323303, 0.5446416735649109, -0.24817298352718353], "cam_t_m2c": [-66.33642578125, 150.55178833007812, 4238.89501953125], "obj_id": 0}, {"cam_R_m2c": [0.8173866271972656, -0.5302307605743408, 0.2252429872751236, -0.5683143138885498, -0.8061861991882324, 0.1645679473876953, 0.09432881325483322, -0.26252445578575134, -0.960303544998169], "cam_t_m2c": [-213.6938018798828, 11.504605293273926, 4061.673095703125], "obj_id": 1}, {"cam_R_m2c": [0.5709338784217834, -0.22433407604694366, 0.7897523045539856, -0.5496233105659485, -0.8190183639526367, 0.16469059884548187, 0.6098759770393372, -0.528093695640564, -0.5909044742584229], "cam_t_m2c": [99.30518341064453, 137.96017456054688, 4056.712158203125], "obj_id": 0}, {"cam_R_m2c": [-0.45783495903015137, -0.8835351467132568, 0.09875638782978058, -0.8763163685798645, 0.42976701259613037, -0.21764646470546722, 0.1498560607433319, -0.1861879825592041, -0.9710186719894409], "cam_t_m2c": [-98.98421478271484, 213.04837036132812, 4128.3349609375], "obj_id": 2}]
}