{
  "0": [{"cam_R_m2c": [0.7363767027854919, -0.2098398506641388, -0.6432080268859863, -0.488630086183548, 0.4926151931285858, -0.7201186418533325, 0.4679636061191559, 0.8445693850517273, 0.26021629571914673], "cam_t_m2c": [123.80257415771484, -383.68438720703125, 1057.4005126953125], "obj_id": 3}, {"cam_R_m2c": [-0.7939832210540771, -0.14631380140781403, 0.5900699496269226, -0.5573225617408752, -0.21256183087825775, -0.8026261925697327, 0.24286171793937683, -0.9661312103271484, 0.08722678571939468], "cam_t_m2c": [-0.448684960603714, -242.8597412109375, 824.552490234375], "obj_id": 3}, {"cam_R_m2c": [0.34941035509109497, 0.9369583129882812, 0.0046406895853579044, -0.18572679162025452, 0.0644049197435379, 0.9804884195327759, 0.9183778762817383, -0.3434546887874603, 0.19652201235294342], "cam_t_m2c": [184.07730102539062, -143.90850830078125, 835.3873901367188], "obj_id": 3}, {"cam_R_m2c": [-0.9943603277206421, 0.05558639392256737, -0.09031739085912704, 0.08026361465454102, -0.16218557953834534, -0.9834903478622437, -0.06931687891483307, -0.9851932525634766, 0.15680961310863495], "cam_t_m2c": [-40.48723220825195, -278.8744812011719, 849.6405639648438], "obj_id": 3}, {"cam_R_m2c": [0.46047863364219666, -0.2593300938606262, -0.8489447832107544, 0.47363588213920593, -0.737077534198761, 0.4820638597011566, -0.7507519125938416, -0.6240708231925964, -0.21658039093017578], "cam_t_m2c": [-115.90548706054688, -329.72747802734375, 963.3182983398438], "obj_id": 3}, {"cam_R_m2c": [0.8307347893714905, 0.0928972139954567, -0.5488623380661011, 0.41420111060142517, -0.7618845701217651, 0.49796512722969055, -0.3719101846218109, -0.6410163044929504, -0.671402096748352], "cam_t_m2c": [68.90581512451172, -249.7103729248047, 1149.0638427734375], "obj_id": 3}, {"cam_R_m2c": [0.3405125141143799, -0.14819177985191345, 0.9284881949424744, 0.36428919434547424, -0.8895777463912964, -0.27558037638664246, 0.8668013215065002, 0.4320767819881439, -0.24892759323120117], "cam_t_m2c": [187.83216857910156, -253.28013610839844, 1163.900634765625], "obj_id": 3}, {"cam_R_m2c": [-0.24122491478919983, 0.9652063846588135, -0.1009306088089943, 0.5442702174186707, 0.22065934538841248, 0.809369683265686, 0.8034800887107849, 0.14030666649341583, -0.5785616040229797], "cam_t_m2c": [144.09661865234375, -381.9156188964844, 1094.974609375], "obj_id": 3}, {"cam_R_m2c": [-0.9383547306060791, -0.3075423240661621, 0.15782316029071808, 0.33729982376098633, -0.9145064353942871, 0.2233983725309372, 0.07562583684921265, 0.26286062598228455, 0.9618653655052185], "cam_t_m2c": [-26.27915382385254, -283.12445068359375, 766.4405517578125], "obj_id": 3}, {"cam_R_m2c": [-0.9560768008232117, 0.10628897696733475, 0.27316612005233765, 0.003079080954194069, 0.935528576374054, -0.3532375693321228, -0.2930999994277954, -0.336881160736084, -0.8947644829750061], "cam_t_m2c": [33.8338737487793, -212.78985595703125, 878.0526123046875], "obj_id": 3}, {"cam_R_m2c": [-0.04686170816421509, 0.13917042315006256, -0.9891589879989624, 0.8618918657302856, -0.4949140250682831, -0.11046469211578369, -0.504922091960907, -0.857724666595459, -0.09675731509923935], "cam_t_m2c": [207.98316955566406, -47.4539680480957, 1032.9859619140625], "obj_id": 3}, {"cam_R_m2c": [0.7430973052978516, 0.17299218475818634, 0.6464363932609558, 0.23194901645183563, -0.9727073311805725, -0.006326877977699041, 0.6276989579200745, 0.1546417772769928, -0.7629415392875671], "cam_t_m2c": [110.70720672607422, -223.70191955566406, 1113.66552734375], "obj_id": 3}, {"cam_R_m2c": [-0.4271480143070221, 0.6612831354141235, 0.6166433691978455, -0.6254194974899292, -0.7086110711097717, 0.3266812562942505, 0.6529891490936279, -0.24611955881118774, 0.7162613272666931], "cam_t_m2c": [219.5494842529297, -347.25982666015625, 1202.8797607421875], "obj_id": 3}, {"cam_R_m2c": [-0.2611040771007538, 0.9167063236236572, 0.3024462163448334, 0.8540424108505249, 0.07334113866090775, 0.5150071382522583, 0.4499287009239197, 0.39277249574661255, -0.8020557165145874], "cam_t_m2c": [212.91445922851562, -423.60833740234375, 1186.5491943359375], "obj_id": 3}, {"cam_R_m2c": [0.6257780194282532, 0.6508916616439819, 0.42981603741645813, -0.7717029452323914, 0.5968064665794373, 0.21976469457149506, -0.11347396671772003, -0.4692142605781555, 0.875763475894928], "cam_t_m2c": [169.1514434814453, -120.8029556274414, 1079.6485595703125], "obj_id": 3}, {"cam_R_m2c": [-0.9473804235458374, -0.2050331085920334, 0.24582824110984802, -0.30697810649871826, 0.3642159402370453, -0.8792673945426941, 0.09074438363313675, -0.9084646701812744, -0.4079916775226593], "cam_t_m2c": [12.037259101867676, -123.19480895996094, 1111.5303955078125], "obj_id": 3}, {"cam_R_m2c": [-0.596526563167572, 0.7589916586875916, 0.26093605160713196, -0.7120905518531799, -0.6504884362220764, 0.2641811668872833, 0.3702472150325775, -0.028219003230333328, 0.9285045266151428], "cam_t_m2c": [164.77337646484375, -277.03314208984375, 788.7537231445312], "obj_id": 3}, {"cam_R_m2c": [-0.6268370151519775, 0.19553403556346893, 0.7542160153388977, 0.5318138003349304, 0.8148178458213806, 0.23075079917907715, -0.5694290399551392, 0.5457456111907959, -0.6147457361221313], "cam_t_m2c": [229.60499572753906, -297.396728515625, 1104.2518310546875], "obj_id": 3}, {"cam_R_m2c": [0.23480316996574402, 0.40541890263557434, 0.8834607601165771, -0.564671516418457, 0.7966792583465576, -0.2155185490846634, -0.7912101745605469, -0.44826069474220276, 0.41599130630493164], "cam_t_m2c": [90.17086029052734, -192.3556671142578, 728.6089477539062], "obj_id": 3}, {"cam_R_m2c": [-0.24582023918628693, 0.5266791582107544, -0.8137453198432922, 0.9514686465263367, -0.029245451092720032, -0.3063528835773468, -0.18514804542064667, -0.8495609164237976, -0.49392959475517273], "cam_t_m2c": [299.23394775390625, -355.6700744628906, 818.8825073242188], "obj_id": 3}, {"cam_R_m2c": [-0.1632046103477478, 0.9837636947631836, 0.07465460151433945, 0.9420250058174133, 0.13289938867092133, 0.30810174345970154, 0.2931777536869049, 0.12061012536287308, -0.9484197497367859], "cam_t_m2c": [-101.23422241210938, -380.470458984375, 828.5459594726562], "obj_id": 3}, {"cam_R_m2c": [0.1999189555644989, 0.9758858680725098, -0.08763056993484497, 0.6131990551948547, -0.19437070190906525, -0.765641450881958, -0.7642115354537964, 0.09933121502399445, -0.6372706294059753], "cam_t_m2c": [287.86492919921875, -230.67530822753906, 910.5453491210938], "obj_id": 3}, {"cam_R_m2c": [-0.8735601305961609, 0.35636118054389954, -0.3315107822418213, -0.17397893965244293, -0.8647435307502747, -0.47111573815345764, -0.45455917716026306, -0.35387203097343445, 0.8174047470092773], "cam_t_m2c": [219.06199645996094, -254.32827758789062, 1185.4471435546875], "obj_id": 3}, {"cam_R_m2c": [-0.0483013316988945, -0.16283655166625977, 0.9854700565338135, 0.2325492799282074, 0.9576755166053772, 0.16964191198349, -0.9713844656944275, 0.2373642921447754, -0.008389479480683804], "cam_t_m2c": [128.5930938720703, -271.0901184082031, 1195.9267578125], "obj_id": 3}, {"cam_R_m2c": [0.5079312324523926, 0.14773090183734894, 0.8486350178718567, 0.4862271547317505, 0.7640573382377625, -0.4240277409553528, -0.7110477685928345, 0.6280063390731812, 0.3162577748298645], "cam_t_m2c": [216.9384765625, -302.5185852050781, 1143.151611328125], "obj_id": 3}, {"cam_R_m2c": [0.30857181549072266, 0.8889095783233643, 0.3385603427886963, 0.3541108965873718, 0.22299408912658691, -0.9082285165786743, -0.882830023765564, 0.4001415967941284, -0.24596284329891205], "cam_t_m2c": [33.96310043334961, -454.8755187988281, 861.068359375], "obj_id": 3}, {"cam_R_m2c": [-0.706434965133667, 0.5209345817565918, -0.47914162278175354, 0.2905975878238678, -0.403796911239624, -0.8674681782722473, -0.6453700661659241, -0.7520473003387451, 0.13387401401996613], "cam_t_m2c": [268.7850036621094, -280.10137939453125, 967.0240478515625], "obj_id": 3}, {"cam_R_m2c": [0.023102182894945145, 0.8822982907295227, -0.47012338042259216, 0.8844847083091736, -0.23723115026950836, -0.4017564654350281, -0.46599695086479187, -0.40653547644615173, -0.7858598828315735], "cam_t_m2c": [230.67474365234375, -167.89222717285156, 745.2194213867188], "obj_id": 3}, {"cam_R_m2c": [-0.639055609703064, 0.691757321357727, 0.33627307415008545, -0.7527123689651489, -0.4725246727466583, -0.45841509103775024, -0.15821464359760284, -0.5460696816444397, 0.8226639628410339], "cam_t_m2c": [253.53416442871094, -21.402881622314453, 1060.727783203125], "obj_id": 1}, {"cam_R_m2c": [0.8843545317649841, 0.3496909439563751, -0.3092464208602905, 0.37094029784202576, -0.12422384321689606, 0.9203106164932251, 0.283408522605896, -0.9285928010940552, -0.23957237601280212], "cam_t_m2c": [-33.1304817199707, -335.7214660644531, 950.8831787109375], "obj_id": 1}, {"cam_R_m2c": [-0.03668760508298874, -0.9549118876457214, 0.2946137487888336, 0.7890439629554749, -0.20859266817569733, -0.5778396129608154, 0.6132401823997498, 0.21126364171504974, 0.7611203193664551], "cam_t_m2c": [200.5869140625, -379.7626953125, 1081.631591796875], "obj_id": 1}, {"cam_R_m2c": [0.04733225330710411, -0.04096261411905289, 0.9980388879776001, -0.3770492374897003, 0.9245092272758484, 0.05582635849714279, -0.9249829053878784, -0.3789522051811218, 0.02831418439745903], "cam_t_m2c": [-44.34263610839844, -411.8423156738281, 861.0679321289062], "obj_id": 1}, {"cam_R_m2c": [0.7996109127998352, 0.38482385873794556, -0.4610130190849304, -0.6004993915557861, 0.5184998512268066, -0.6087349653244019, 0.004779402166604996, 0.7635892033576965, 0.6456846594810486], "cam_t_m2c": [284.57794189453125, -61.826473236083984, 1088.8603515625], "obj_id": 1}, {"cam_R_m2c": [0.7430744171142578, -0.6636020541191101, -0.08644510060548782, -0.0898890495300293, -0.226979061961174, 0.9697425365447998, -0.6631442904472351, -0.7128204107284546, -0.2283128947019577], "cam_t_m2c": [385.73553466796875, -211.6602325439453, 881.5415649414062], "obj_id": 1}, {"cam_R_m2c": [-0.6264528036117554, 0.7424020767211914, 0.2374783754348755, -0.6516244411468506, -0.6659971475601196, 0.3630886375904083, 0.4277176856994629, 0.07271121442317963, 0.9009831547737122], "cam_t_m2c": [332.3973388671875, -152.61538696289062, 1129.8062744140625], "obj_id": 1}, {"cam_R_m2c": [-0.9487735629081726, 0.18339766561985016, -0.2572809159755707, -0.29829543828964233, -0.2515069544315338, 0.9207408428192139, 0.10415376722812653, 0.9503206014633179, 0.29333019256591797], "cam_t_m2c": [19.683507919311523, -200.9005584716797, 878.4578857421875], "obj_id": 1}, {"cam_R_m2c": [-0.7837852835655212, -0.5600578784942627, 0.2683568298816681, 0.11055899411439896, 0.2993784248828888, 0.9477072954177856, -0.6111112236976624, 0.7724685072898865, -0.17272882163524628], "cam_t_m2c": [138.50747680664062, -204.65040588378906, 828.1937866210938], "obj_id": 1}, {"cam_R_m2c": [0.036618832498788834, -0.09386410564184189, 0.994911253452301, 0.8637325167655945, 0.503704845905304, 0.01573105901479721, -0.502618134021759, 0.8587612509727478, 0.09951861947774887], "cam_t_m2c": [281.1192932128906, -41.95261001586914, 1044.7894287109375], "obj_id": 1}, {"cam_R_m2c": [-0.6851120591163635, -0.2512384057044983, -0.6837400794029236, 0.5971135497093201, 0.34392592310905457, -0.724686324596405, 0.4172249734401703, -0.9047619104385376, -0.08560983836650848], "cam_t_m2c": [104.33267211914062, -418.9008483886719, 1024.9390869140625], "obj_id": 1}, {"cam_R_m2c": [0.8955171704292297, -0.027270067483186722, 0.44419065117836, 0.27702000737190247, -0.747006893157959, -0.6043510437011719, 0.3482942581176758, 0.6642564535140991, -0.6614031195640564], "cam_t_m2c": [2.8064589500427246, -179.35362243652344, 1064.801513671875], "obj_id": 1}, {"cam_R_m2c": [0.8138960003852844, 0.5491286516189575, -0.18981824815273285, -0.4517807066440582, 0.8035668730735779, 0.38752344250679016, 0.36533188819885254, -0.22964756190776825, 0.9021056294441223], "cam_t_m2c": [394.1617736816406, -107.92830657958984, 1095.2972412109375], "obj_id": 1}, {"cam_R_m2c": [0.28858596086502075, 0.9574400782585144, 0.0051595112308859825, 0.06472954899072647, -0.024886231869459152, 0.9975924491882324, 0.9552633762359619, -0.2875571548938751, -0.06915644556283951], "cam_t_m2c": [156.00318908691406, -189.71871948242188, 724.1165771484375], "obj_id": 1}, {"cam_R_m2c": [0.27374833822250366, 0.37078675627708435, -0.8874564170837402, 0.898944079875946, -0.4267297387123108, 0.09900050610303879, -0.34199604392051697, -0.824874997138977, -0.4501330852508545], "cam_t_m2c": [54.252201080322266, -251.1346893310547, 1180.85888671875], "obj_id": 1}, {"cam_R_m2c": [-0.0014178809942677617, 0.9177663326263428, -0.3971179723739624, 0.6652792692184448, 0.2973520755767822, 0.6848248839378357, 0.7465931177139282, -0.2632232904434204, -0.6109924912452698], "cam_t_m2c": [-6.8621625900268555, -267.8768615722656, 1056.298583984375], "obj_id": 1}, {"cam_R_m2c": [0.8022363185882568, 0.3866921663284302, 0.4548473358154297, 0.5961809754371643, -0.5589601397514343, -0.5763087272644043, 0.03138745203614235, 0.7335070967674255, -0.6789566278457642], "cam_t_m2c": [222.31988525390625, -322.9438781738281, 1097.967041015625], "obj_id": 1}, {"cam_R_m2c": [-0.626289427280426, 0.7372152209281921, 0.2535252869129181, -0.5818696618080139, -0.658470094203949, 0.47733074426651, 0.5188343524932861, 0.15142853558063507, 0.8413562178611755], "cam_t_m2c": [126.57859802246094, -167.91848754882812, 1141.2357177734375], "obj_id": 1}, {"cam_R_m2c": [0.22134459018707275, -0.9512926936149597, 0.21458962559700012, 0.37663108110427856, 0.28636476397514343, 0.8809904456138611, -0.8995307087898254, -0.1141812801361084, 0.4216717481613159], "cam_t_m2c": [56.99668884277344, -283.540771484375, 1098.110595703125], "obj_id": 1}, {"cam_R_m2c": [-0.35652831196784973, -0.31858834624290466, 0.8782874941825867, -0.8331902027130127, -0.3169022798538208, -0.45317426323890686, 0.4227074086666107, -0.8933500647544861, -0.1524599939584732], "cam_t_m2c": [-10.467562675476074, -247.9285430908203, 750.8964233398438], "obj_id": 1}, {"cam_R_m2c": [-0.02142670750617981, -0.4804188013076782, -0.8767773509025574, -0.32565838098526, -0.8257959485054016, 0.4604426920413971, -0.9452446103096008, 0.29539570212364197, -0.13875822722911835], "cam_t_m2c": [225.10276794433594, -168.36917114257812, 850.9578247070312], "obj_id": 1}, {"cam_R_m2c": [-0.35240456461906433, -0.9175797700881958, 0.18400651216506958, 0.6696258187294006, -0.38458895683288574, -0.6353680491447449, 0.6537677645683289, -0.10069109499454498, 0.749966025352478], "cam_t_m2c": [190.4674072265625, -308.8006286621094, 964.6674194335938], "obj_id": 1}, {"cam_R_m2c": [0.006986255757510662, -0.3005399703979492, 0.9537435173988342, 0.9972630143165588, 0.07229666411876678, 0.015476882457733154, -0.0736038088798523, 0.9510250687599182, 0.30022260546684265], "cam_t_m2c": [69.90370178222656, -119.78804779052734, 822.8662719726562], "obj_id": 1}, {"cam_R_m2c": [0.05237992852926254, 0.9058546423912048, -0.42033761739730835, 0.33752620220184326, -0.4122036099433899, -0.8462648987770081, -0.9398576617240906, -0.09754766523838043, -0.32734087109565735], "cam_t_m2c": [1.6339833736419678, -299.5740051269531, 845.7525024414062], "obj_id": 1}, {"cam_R_m2c": [-0.8873838782310486, -0.43979644775390625, -0.1383066624403, 0.419504314661026, -0.8946920037269592, 0.1534343957901001, -0.19122178852558136, 0.07813498377799988, 0.9784319996833801], "cam_t_m2c": [42.38689041137695, -72.77204895019531, 832.3742065429688], "obj_id": 1}, {"cam_R_m2c": [0.8005979657173157, 0.5937612056732178, -0.08056367933750153, 0.10022643953561783, -0.2652547061443329, -0.9589548110961914, -0.5907601118087769, 0.7596626281738281, -0.2718729078769684], "cam_t_m2c": [101.05489349365234, -110.73079681396484, 835.8173828125], "obj_id": 1}, {"cam_R_m2c": [0.34765487909317017, -0.2610105276107788, -0.9005606770515442, 0.16708481311798096, -0.9278532862663269, 0.3334226608276367, -0.922615110874176, -0.2663860023021698, -0.278961718082428], "cam_t_m2c": [127.86954498291016, -251.23858642578125, 1119.46337890625], "obj_id": 1}, {"cam_R_m2c": [-0.5393856763839722, -0.8019155263900757, -0.2568936347961426, -0.538224995136261, 0.5629506707191467, -0.6272163391113281, 0.6475929617881775, -0.20004498958587646, -0.7352584600448608], "cam_t_m2c": [317.6745300292969, -282.1242980957031, 976.8050537109375], "obj_id": 1}, {"cam_R_m2c": [0.8089737892150879, -0.1069059818983078, 0.5780419707298279, -0.16972023248672485, 0.8989730477333069, 0.40378519892692566, -0.5628111958503723, -0.42475706338882446, 0.7091014981269836], "cam_t_m2c": [263.8408203125, -392.4828796386719, 944.7621459960938], "obj_id": 1}, {"cam_R_m2c": [-0.0886932983994484, -0.8496139049530029, 0.5198938846588135, 0.3168754279613495, 0.47076669335365295, 0.8233885169029236, -0.9443110823631287, 0.2377706617116928, 0.22746792435646057], "cam_t_m2c": [176.67184448242188, -182.71633911132812, 891.4756469726562], "obj_id": 1}, {"cam_R_m2c": [0.8074780106544495, 0.5750898122787476, 0.13134287297725677, 0.16509242355823517, -0.4340691566467285, 0.8856231570243835, 0.566324770450592, -0.6934374570846558, -0.445444256067276], "cam_t_m2c": [140.44802856445312, -325.5521240234375, 809.0923461914062], "obj_id": 1}, {"cam_R_m2c": [-0.9325301051139832, 0.170892134308815, -0.31809329986572266, 0.28824374079704285, 0.8828919529914856, -0.3706984221935272, 0.21749258041381836, -0.43737584352493286, -0.872581958770752], "cam_t_m2c": [2.0909998416900635, -273.6106872558594, 1099.770751953125], "obj_id": 1}, {"cam_R_m2c": [-0.9714524745941162, 0.18688121438026428, -0.14613403379917145, -0.1071750745177269, 0.20382438600063324, 0.97312331199646, 0.21164415776729584, 0.9610051512718201, -0.1779765486717224], "cam_t_m2c": [-19.65205955505371, -145.46649169921875, 1060.6387939453125], "obj_id": 1}, {"cam_R_m2c": [-0.18849575519561768, 0.8967944979667664, 0.40028586983680725, 0.9613010287284851, 0.08509775251150131, 0.26202794909477234, 0.20092183351516724, 0.4341863989830017, -0.8781300187110901], "cam_t_m2c": [204.66812133789062, -319.4290466308594, 1088.82275390625], "obj_id": 1}, {"cam_R_m2c": [0.9578347206115723, -0.23188914358615875, -0.16964684426784515, -0.2873168885707855, -0.7704139351844788, -0.5691319108009338, 0.0012772035552188754, 0.5938767194747925, -0.8045548796653748], "cam_t_m2c": [99.91976165771484, -396.4246520996094, 875.42822265625], "obj_id": 1}, {"cam_R_m2c": [0.19916364550590515, -0.41083741188049316, 0.8896889090538025, 0.6331115365028381, -0.6390312910079956, -0.4368164539337158, 0.7479996681213379, 0.6502702832221985, 0.13283419609069824], "cam_t_m2c": [186.44561767578125, -155.66073608398438, 769.6069946289062], "obj_id": 1}, {"cam_R_m2c": [0.7129822969436646, 0.4840381145477295, 0.5073098540306091, 0.37634554505348206, 0.3462916314601898, -0.8593288064002991, -0.5916250944137573, 0.8036100268363953, 0.06473420560359955], "cam_t_m2c": [135.1074981689453, -218.02017211914062, 1146.443115234375], "obj_id": 1}, {"cam_R_m2c": [-0.7291355133056641, -0.5926641821861267, 0.34221407771110535, -0.23570510745048523, 0.6869224905967712, 0.6874449849128723, -0.6424985527992249, 0.4205789566040039, -0.6405535340309143], "cam_t_m2c": [112.51077270507812, -49.80229187011719, 852.367919921875], "obj_id": 1}, {"cam_R_m2c": [0.5646443963050842, 0.8131431341171265, -0.14133277535438538, 0.5512902140617371, -0.499027281999588, -0.6686185598373413, -0.6142114996910095, 0.2996163070201874, -0.730050802230835], "cam_t_m2c": [-52.698707580566406, -257.78564453125, 784.7664184570312], "obj_id": 1}, {"cam_R_m2c": [-0.01084574032574892, 0.8229662179946899, -0.567986786365509, 0.1606324315071106, -0.5592092275619507, -0.8133155703544617, -0.9869546890258789, -0.10005812346935272, -0.12612998485565186], "cam_t_m2c": [197.58560180664062, -201.43467712402344, 774.4711303710938], "obj_id": 1}, {"cam_R_m2c": [0.746058464050293, 0.537004292011261, -0.3937298059463501, -0.6312547922134399, 0.7585684061050415, -0.16152814030647278, 0.21192967891693115, 0.3690532445907593, 0.9049229025840759], "cam_t_m2c": [244.83529663085938, -249.90696716308594, 1055.7916259765625], "obj_id": 1}, {"cam_R_m2c": [0.10591477155685425, -0.5936579704284668, -0.7977169156074524, 0.8133425116539001, -0.40980076789855957, 0.4129616320133209, -0.5720629692077637, -0.6925557851791382, 0.43944329023361206], "cam_t_m2c": [131.77308654785156, -251.24246215820312, 932.9264526367188], "obj_id": 1}, {"cam_R_m2c": [0.4380618631839752, 0.26066431403160095, -0.8603231310844421, 0.8847684860229492, 0.04427316412329674, 0.46392306685447693, 0.1590173989534378, -0.9644138216972351, -0.21123316884040833], "cam_t_m2c": [1.1955896615982056, -305.7059326171875, 904.354736328125], "obj_id": 1}, {"cam_R_m2c": [-0.31431153416633606, -0.9468263983726501, 0.06876035034656525, 0.7669707536697388, -0.21058683097362518, 0.6061426997184753, -0.5594318509101868, 0.24325484037399292, 0.7923780679702759], "cam_t_m2c": [209.5475311279297, -226.4316864013672, 1092.06103515625], "obj_id": 1}, {"cam_R_m2c": [0.6014733910560608, -0.6171984076499939, 0.5072433948516846, -0.7401583790779114, -0.19156251847743988, 0.6445690989494324, -0.3006581962108612, -0.7631316184997559, -0.572044312953949], "cam_t_m2c": [307.5425720214844, -146.7767333984375, 1054.5013427734375], "obj_id": 1}, {"cam_R_m2c": [-0.7142122387886047, 0.5523703694343567, 0.4298693537712097, -0.11764899641275406, 0.5106821656227112, -0.8516820669174194, -0.6899705529212952, -0.6588555574417114, -0.29974961280822754], "cam_t_m2c": [30.425609588623047, -281.3465881347656, 837.67431640625], "obj_id": 1}, {"cam_R_m2c": [0.7672485113143921, 0.08183730393648148, 0.6361072063446045, -0.14409680664539337, -0.9444713592529297, 0.2953135073184967, 0.6249526143074036, -0.31823986768722534, -0.7128517627716064], "cam_t_m2c": [117.13623046875, -97.7396240234375, 854.16064453125], "obj_id": 1}, {"cam_R_m2c": [-0.3983776569366455, 0.6814464330673218, 0.6139427423477173, 0.12302251160144806, 0.7030003070831299, -0.7004684209823608, -0.9089336395263672, -0.20352227985858917, -0.3638928234577179], "cam_t_m2c": [254.96261596679688, -234.49993896484375, 1083.4669189453125], "obj_id": 1}, {"cam_R_m2c": [0.5664144158363342, -0.8164927959442139, 0.1118670403957367, 0.8188092112541199, 0.5421688556671143, -0.1886913925409317, 0.09341433644294739, 0.19847528636455536, 0.975644052028656], "cam_t_m2c": [122.8713150024414, -462.45989990234375, 937.3615112304688], "obj_id": 1}, {"cam_R_m2c": [-0.13741028308868408, -0.02876977249979973, 0.9900962114334106, -0.8203070163726807, -0.5569455623626709, -0.13002969324588776, 0.5551707744598389, -0.8300504088401794, 0.05293017253279686], "cam_t_m2c": [-17.554481506347656, -267.922119140625, 791.9456176757812], "obj_id": 1}, {"cam_R_m2c": [-0.687211275100708, 0.187568798661232, 0.7018251419067383, -0.2781567871570587, -0.9604074954986572, -0.015687651932239532, 0.6710956692695618, -0.20599816739559174, 0.712176501750946], "cam_t_m2c": [-57.184322357177734, -238.26046752929688, 829.8023681640625], "obj_id": 1}, {"cam_R_m2c": [-0.21246787905693054, -0.7288332581520081, 0.6508912444114685, -0.46501582860946655, 0.6612548232078552, 0.5886444449424744, -0.8594286441802979, -0.17760665714740753, -0.4794144034385681], "cam_t_m2c": [16.278121948242188, -445.6094970703125, 843.1267700195312], "obj_id": 1}, {"cam_R_m2c": [-0.16277508437633514, 0.20790599286556244, -0.9645098447799683, -0.8698134422302246, -0.49169015884399414, 0.04080691933631897, -0.46575605869293213, 0.8455860018730164, 0.2608744502067566], "cam_t_m2c": [1.7422972917556763, -308.70526123046875, 911.6091918945312], "obj_id": 1}, {"cam_R_m2c": [0.155636265873909, -0.8770243525505066, 0.45453891158103943, 0.9296270608901978, 0.2856360375881195, 0.23282073438167572, -0.3340221345424652, 0.38631632924079895, 0.8597609400749207], "cam_t_m2c": [25.400440216064453, -235.31687927246094, 1003.1219482421875], "obj_id": 1}, {"cam_R_m2c": [0.15105415880680084, -0.43419212102890015, -0.8880650997161865, 0.4979054927825928, -0.7426750063896179, 0.44779860973358154, -0.8539745807647705, -0.5098143219947815, 0.1040026918053627], "cam_t_m2c": [129.59002685546875, -288.8199157714844, 1200.179443359375], "obj_id": 3}, {"cam_R_m2c": [-0.648601770401001, 0.35364699363708496, -0.673980176448822, 0.2861049771308899, 0.9338423013687134, 0.21466843783855438, 0.7053080201148987, -0.053594738245010376, -0.7068719267845154], "cam_t_m2c": [122.39356994628906, -53.08388900756836, 1043.3499755859375], "obj_id": 1}, {"cam_R_m2c": [0.3438483476638794, -0.9290839433670044, -0.13627620041370392, -0.526621401309967, -0.07063955068588257, -0.8471598029136658, 0.7774561643600464, 0.36306044459342957, -0.5135648250579834], "cam_t_m2c": [170.49928283691406, -459.5431823730469, 867.845458984375], "obj_id": 1}, {"cam_R_m2c": [-0.6798142194747925, 0.6490285992622375, 0.3414885401725769, 0.666478157043457, 0.3524278700351715, 0.6569638252258301, 0.3060382604598999, 0.6742079854011536, -0.6721488237380981], "cam_t_m2c": [348.61053466796875, -224.39585876464844, 997.9149169921875], "obj_id": 1}, {"cam_R_m2c": [0.9632206559181213, 0.13531126081943512, -0.23215696215629578, -0.2531185448169708, 0.746917188167572, -0.6148542761802673, 0.09020531922578812, 0.6510035395622253, 0.7536958456039429], "cam_t_m2c": [130.6558074951172, -464.46551513671875, 864.518310546875], "obj_id": 1}, {"cam_R_m2c": [0.711517870426178, -0.14986270666122437, -0.6865009069442749, 0.6686415076255798, -0.15594090521335602, 0.7270494103431702, -0.21601121127605438, -0.9763316512107849, -0.010750292800366879], "cam_t_m2c": [129.69161987304688, -193.0288848876953, 1164.01611328125], "obj_id": 3}, {"cam_R_m2c": [0.7666643261909485, 0.5844308733940125, 0.2658315598964691, -0.478428453207016, 0.24390476942062378, 0.8435737490653992, 0.4281729459762573, -0.7739192843437195, 0.4666014313697815], "cam_t_m2c": [256.65093994140625, -350.52459716796875, 945.3703002929688], "obj_id": 1}, {"cam_R_m2c": [-0.023774130269885063, -0.7607653737068176, -0.6485914587974548, -0.7949965596199036, 0.40775153040885925, -0.449131578207016, 0.6061479449272156, 0.504950225353241, -0.6144997477531433], "cam_t_m2c": [376.0959777832031, -172.46112060546875, 898.9406127929688], "obj_id": 1}, {"cam_R_m2c": [-0.525736927986145, 0.7874475121498108, 0.32175588607788086, 0.00023380733910016716, -0.3781144917011261, 0.9257586598396301, 0.8506470322608948, 0.4867808520793915, 0.19860482215881348], "cam_t_m2c": [6.04376220703125, -222.84408569335938, 1178.640380859375], "obj_id": 1}, {"cam_R_m2c": [0.20319116115570068, -0.8192294836044312, 0.5362614989280701, 0.24622295796871185, -0.4873357117176056, -0.8377817273139954, 0.9476748704910278, 0.30226975679397583, 0.10269077122211456], "cam_t_m2c": [61.09585189819336, -67.87677764892578, 814.2877807617188], "obj_id": 3}, {"cam_R_m2c": [-0.04894959554076195, 0.8232105374336243, -0.5656220316886902, -0.8576676249504089, 0.2555764317512512, 0.4461914300918579, 0.5118691325187683, 0.5069566369056702, 0.6935307383537292], "cam_t_m2c": [175.2545623779297, -245.35133361816406, 792.2775268554688], "obj_id": 1}, {"cam_R_m2c": [0.054582756012678146, -0.9051239490509033, -0.42162927985191345, 0.8769979476928711, 0.24533726274967194, -0.4131394028663635, 0.4773837625980377, -0.34721776843070984, 0.8071830868721008], "cam_t_m2c": [-96.25502014160156, -178.20314025878906, 1145.128662109375], "obj_id": 1}, {"cam_R_m2c": [0.2640337347984314, 0.6298304200172424, -0.7304791808128357, 0.9643715620040894, -0.18538042902946472, 0.18873688578605652, -0.016544314101338387, -0.7542862296104431, -0.6563372015953064], "cam_t_m2c": [69.14154815673828, -134.13255310058594, 1061.9986572265625], "obj_id": 3}, {"cam_R_m2c": [0.556559681892395, -0.4330465495586395, -0.709021806716919, -0.8188635110855103, -0.43011751770973206, -0.3800804913043976, -0.1403702348470688, 0.7921295762062073, -0.5939920544624329], "cam_t_m2c": [224.68057250976562, -433.4958801269531, 860.5545043945312], "obj_id": 1}, {"cam_R_m2c": [0.9560716152191162, 0.08591929823160172, -0.2802586555480957, -0.23312634229660034, 0.8024667501449585, -0.5492714643478394, 0.17770522832870483, 0.5904785394668579, 0.7872457504272461], "cam_t_m2c": [254.11427307128906, -309.6174011230469, 854.3319091796875], "obj_id": 3}, {"cam_R_m2c": [0.45180386304855347, 0.22675228118896484, 0.8628190159797668, 0.6058841347694397, -0.7878828048706055, -0.11020452529191971, 0.6548111438751221, 0.5725591778755188, -0.49335408210754395], "cam_t_m2c": [188.6157989501953, -286.3759765625, 1169.8206787109375], "obj_id": 3}, {"cam_R_m2c": [0.21142320334911346, -0.4314437210559845, -0.8770157098770142, -0.8423666954040527, 0.3746449947357178, -0.387375146150589, 0.4957001209259033, 0.8206688761711121, -0.2842251658439636], "cam_t_m2c": [128.94911193847656, -248.09849548339844, 1023.2865600585938], "obj_id": 3}, {"cam_R_m2c": [-0.8058400750160217, -0.5724403858184814, -0.15143930912017822, 0.1693076193332672, 0.022325225174427032, -0.9853103756904602, 0.5674123764038086, -0.8196423649787903, 0.0789279192686081], "cam_t_m2c": [131.33526611328125, -297.5159912109375, 1198.5587158203125], "obj_id": 3}, {"cam_R_m2c": [0.09351319074630737, 0.15341711044311523, -0.9837267994880676, 0.662176787853241, 0.7282594442367554, 0.17652226984500885, 0.7434898018836975, -0.6679081916809082, -0.03348737582564354], "cam_t_m2c": [14.48121452331543, -317.8401794433594, 937.785400390625], "obj_id": 1}, {"cam_R_m2c": [-0.2460235208272934, 0.8087677955627441, 0.5341976881027222, -0.7818911075592041, -0.4913126826286316, 0.3837423324584961, 0.5728164911270142, -0.32327476143836975, 0.7532427906990051], "cam_t_m2c": [-9.207046508789062, -108.41984558105469, 1101.0089111328125], "obj_id": 3}, {"cam_R_m2c": [0.2446470856666565, 0.15402185916900635, -0.9573008418083191, 0.7081106901168823, 0.6460686922073364, 0.28491130471229553, 0.662364661693573, -0.7475777268409729, 0.048994313925504684], "cam_t_m2c": [219.41676330566406, -142.76844787597656, 946.5342407226562], "obj_id": 3}, {"cam_R_m2c": [0.2796398401260376, -0.8668144345283508, 0.4128369390964508, -0.2807407081127167, -0.48502159118652344, -0.828214168548584, 0.9181427955627441, 0.1157015785574913, -0.37898147106170654], "cam_t_m2c": [-31.45561408996582, -175.63278198242188, 1005.9234008789062], "obj_id": 3}, {"cam_R_m2c": [-0.5748177766799927, 0.5311325788497925, -0.6224810481071472, -0.29800859093666077, 0.5725951790809631, 0.763757586479187, 0.7620861530303955, 0.6245261430740356, -0.1708558201789856], "cam_t_m2c": [92.26517486572266, -428.7532043457031, 916.7564697265625], "obj_id": 1}, {"cam_R_m2c": [0.49991992115974426, 0.3578373193740845, -0.7886903882026672, -0.21940289437770844, 0.933273196220398, 0.284365177154541, 0.8378200531005859, 0.030881116166710854, 0.5450723767280579], "cam_t_m2c": [-108.71640014648438, -353.90673828125, 882.7974853515625], "obj_id": 3}, {"cam_R_m2c": [0.4159151017665863, -0.43918392062187195, 0.7963240742683411, 0.8773159384727478, 0.42432716488838196, -0.2241942286491394, -0.23943936824798584, 0.7918736338615417, 0.5617871880531311], "cam_t_m2c": [177.2540740966797, -285.2706298828125, 1086.2750244140625], "obj_id": 3}, {"cam_R_m2c": [-0.3262845277786255, 0.6777739524841309, -0.6589087843894958, 0.8954821825027466, 0.4448714852333069, 0.014175331220030785, 0.30273741483688354, -0.5854159593582153, -0.7520892024040222], "cam_t_m2c": [187.48814392089844, -168.16217041015625, 894.7930297851562], "obj_id": 1}, {"cam_R_m2c": [0.8883919715881348, -0.4500238597393036, -0.09076482802629471, 0.42989251017570496, 0.8848555088043213, -0.17950816452503204, 0.1610967218875885, 0.12045449018478394, 0.979560375213623], "cam_t_m2c": [-53.7381706237793, -283.7919616699219, 981.6425170898438], "obj_id": 1}, {"cam_R_m2c": [-0.13317753374576569, 0.9505557417869568, 0.2805485427379608, 0.9198051691055298, 0.22395847737789154, -0.3221815824508667, -0.3690827786922455, 0.21514266729354858, -0.9041523337364197], "cam_t_m2c": [-24.77098846435547, -412.4806213378906, 891.8739013671875], "obj_id": 1}, {"cam_R_m2c": [-0.03427360579371452, -0.9527066946029663, -0.30195239186286926, -0.13634423911571503, 0.30376240611076355, -0.9429414868354797, 0.9900684356689453, 0.008851449936628342, -0.14030709862709045], "cam_t_m2c": [307.6337585449219, -103.79397583007812, 1086.4571533203125], "obj_id": 1}, {"cam_R_m2c": [0.16488730907440186, -0.8283573985099792, 0.5353839993476868, 0.0817348062992096, -0.5294708609580994, -0.8443812727928162, 0.9829198718070984, 0.18298719823360443, -0.019597264006733894], "cam_t_m2c": [-103.91719818115234, -388.7480163574219, 833.3543090820312], "obj_id": 1}, {"cam_R_m2c": [-0.5838644504547119, 0.7949286699295044, -0.16489465534687042, 0.14384004473686218, -0.09860580414533615, -0.984675943851471, -0.7990068197250366, -0.5986359715461731, -0.0567699559032917], "cam_t_m2c": [198.6348419189453, -241.68994140625, 1116.5802001953125], "obj_id": 3}, {"cam_R_m2c": [-0.39204925298690796, -0.0343056358397007, -0.9193041920661926, -0.3796111047267914, 0.916290819644928, 0.1276969611644745, 0.8379692435264587, 0.39904165267944336, -0.3722539246082306], "cam_t_m2c": [149.62261962890625, -363.1855773925781, 1044.294921875], "obj_id": 3}, {"cam_R_m2c": [-0.03287316858768463, -0.6684710383415222, 0.7430111765861511, -0.28905197978019714, -0.7052852511405945, -0.6473185420036316, 0.9567487239837646, -0.2360483556985855, -0.17003773152828217], "cam_t_m2c": [208.6464385986328, -252.01272583007812, 889.7476806640625], "obj_id": 3}, {"cam_R_m2c": [-0.8694728016853333, 0.07373150438070297, 0.4884472191333771, 0.48644518852233887, 0.29985135793685913, 0.8206462264060974, -0.08595407754182816, 0.9511323571205139, -0.29657891392707825], "cam_t_m2c": [340.2137451171875, -262.74603271484375, 934.81787109375], "obj_id": 1}, {"cam_R_m2c": [0.798790693283081, -0.5766430497169495, 0.1715114861726761, -0.5877695083618164, -0.687231719493866, 0.42689523100852966, -0.12829802930355072, -0.44180917739868164, -0.8878874778747559], "cam_t_m2c": [61.721961975097656, -262.0476989746094, 1011.8807373046875], "obj_id": 3}, {"cam_R_m2c": [0.06789305806159973, -0.27815771102905273, -0.9581329226493835, 0.7935997843742371, -0.5669519901275635, 0.22082734107971191, -0.6046402454376221, -0.7753667235374451, 0.1822538822889328], "cam_t_m2c": [220.44679260253906, -189.38790893554688, 840.06884765625], "obj_id": 1}, {"cam_R_m2c": [0.6378927230834961, 0.6225898265838623, -0.4532932937145233, -0.7339888215065002, 0.6696762442588806, -0.11311114579439163, 0.23313789069652557, 0.40486499667167664, 0.8841555714607239], "cam_t_m2c": [204.9941864013672, -279.8004150390625, 785.5343627929688], "obj_id": 1}, {"cam_R_m2c": [0.20965898036956787, 0.4284093677997589, -0.8789246678352356, -0.9733949303627014, 0.0064648231491446495, -0.22904285788536072, -0.09244197607040405, 0.9035616517066956, 0.4183668792247772], "cam_t_m2c": [71.9423599243164, -154.25759887695312, 985.810791015625], "obj_id": 3}, {"cam_R_m2c": [0.2308209389448166, -0.9375587701797485, 0.2602021098136902, -0.9411637783050537, -0.14729343354701996, 0.30416321754455566, -0.2468448430299759, -0.3151000440120697, -0.9163947105407715], "cam_t_m2c": [115.0918197631836, -364.2919921875, 1210.2218017578125], "obj_id": 3}, {"cam_R_m2c": [0.007855475880205631, 0.8818225860595703, 0.4715157449245453, 0.8435484170913696, 0.24737387895584106, -0.4766886830329895, -0.536995530128479, 0.4014909863471985, -0.741916835308075], "cam_t_m2c": [-91.47222900390625, -229.10806274414062, 1171.622802734375], "obj_id": 3}, {"cam_R_m2c": [-0.4381827116012573, 0.8442389965057373, 0.30863624811172485, -0.44788631796836853, -0.5027551651000977, 0.7393476366996765, 0.7793546319007874, 0.18573544919490814, 0.5984218120574951], "cam_t_m2c": [149.36912536621094, -205.4058380126953, 756.078369140625], "obj_id": 1}, {"cam_R_m2c": [-0.028899531811475754, 0.27900129556655884, 0.9598557949066162, 0.6618821620941162, 0.724922776222229, -0.1907852441072464, -0.7490506768226624, 0.6297978162765503, -0.20561589300632477], "cam_t_m2c": [-7.1374053955078125, -97.72674560546875, 1056.5645751953125], "obj_id": 1}, {"cam_R_m2c": [0.2753727436065674, -0.9589976072311401, 0.06703245639801025, -0.7965746521949768, -0.18858568370342255, 0.5743728280067444, -0.5381808280944824, -0.21156294643878937, -0.8158445358276367], "cam_t_m2c": [-27.04800033569336, -81.9395523071289, 1052.173095703125], "obj_id": 3}, {"cam_R_m2c": [0.3709658086299896, 0.5607573986053467, -0.7402266263961792, 0.9258292317390442, -0.16128326952457428, 0.3418009281158447, 0.07228118926286697, -0.8121199011802673, -0.5789961218833923], "cam_t_m2c": [113.97222137451172, -307.412841796875, 1063.3197021484375], "obj_id": 3}, {"cam_R_m2c": [0.47790250182151794, -0.7197954058647156, -0.5034915208816528, 0.6881285309791565, 0.6630355715751648, -0.2947251498699188, 0.545974612236023, -0.2056170254945755, 0.8121781349182129], "cam_t_m2c": [366.4358215332031, -121.6368637084961, 1120.3365478515625], "obj_id": 3}, {"cam_R_m2c": [-0.661831796169281, -0.21120710670948029, 0.7192844152450562, -0.48108595609664917, -0.616187572479248, -0.6235936880111694, 0.5749215483665466, -0.7587518095970154, 0.30620384216308594], "cam_t_m2c": [215.04623413085938, -247.3395538330078, 1180.2598876953125], "obj_id": 3}, {"cam_R_m2c": [-0.9640522003173828, -0.26393842697143555, -0.030655531212687492, 0.029919425025582314, -0.22246524691581726, 0.9744814038276672, -0.2640228867530823, 0.9385337829589844, 0.22236506640911102], "cam_t_m2c": [131.48834228515625, -116.15522003173828, 797.305419921875], "obj_id": 3}, {"cam_R_m2c": [0.6394354104995728, -0.7065025568008423, 0.3032763600349426, 0.3154820203781128, 0.6008254885673523, 0.7344928979873657, -0.7011372447013855, -0.3739825189113617, 0.6070778965950012], "cam_t_m2c": [199.4427947998047, -180.46072387695312, 1001.7103881835938], "obj_id": 3}, {"cam_R_m2c": [0.9640922546386719, -0.2558327317237854, 0.07124438881874084, -0.24221767485141754, -0.9570890069007874, -0.1590939462184906, 0.10888867825269699, 0.13612458109855652, -0.9846892952919006], "cam_t_m2c": [145.70907592773438, -260.8547668457031, 758.1710815429688], "obj_id": 3}, {"cam_R_m2c": [-0.2126394659280777, 0.6866655349731445, -0.6951795816421509, -0.7960385680198669, 0.29085221886634827, 0.530780017375946, 0.5666628479957581, 0.6662546992301941, 0.4847657382488251], "cam_t_m2c": [132.1935272216797, -39.840980529785156, 1052.27978515625], "obj_id": 1}, {"cam_R_m2c": [0.7747406959533691, -0.1251765489578247, -0.6197642087936401, 0.34919795393943787, -0.7324450612068176, 0.5844525694847107, -0.527103066444397, -0.6692195534706116, -0.5237435698509216], "cam_t_m2c": [21.55695343017578, -172.6064910888672, 751.5944213867188], "obj_id": 3}, {"cam_R_m2c": [-0.02305160090327263, -0.7848277688026428, 0.6192850470542908, 0.9548619985580444, 0.16621717810630798, 0.24619190394878387, -0.29615405201911926, 0.5970068573951721, 0.7455706596374512], "cam_t_m2c": [209.2976531982422, -208.40072631835938, 935.6813354492188], "obj_id": 1}, {"cam_R_m2c": [0.1244223341345787, -0.3222353458404541, -0.9384473562240601, 0.14284691214561462, -0.9301269054412842, 0.3383174240589142, -0.981893002986908, -0.17614856362342834, -0.06969822943210602], "cam_t_m2c": [225.7110595703125, -251.48460388183594, 1159.1798095703125], "obj_id": 3}, {"cam_R_m2c": [-0.6615928411483765, 0.5139815211296082, 0.5460017919540405, -0.7218706011772156, -0.23945821821689606, -0.6492785811424255, -0.20297257602214813, -0.8237006664276123, 0.5294519066810608], "cam_t_m2c": [222.64068603515625, -393.7259826660156, 897.9954223632812], "obj_id": 3}, {"cam_R_m2c": [0.7514779567718506, -0.5866979956626892, -0.3017720580101013, 0.4041222035884857, 0.7708790302276611, -0.4923725426197052, 0.521503746509552, 0.24805432558059692, 0.8163962960243225], "cam_t_m2c": [194.85446166992188, -378.43316650390625, 865.76513671875], "obj_id": 1}, {"cam_R_m2c": [0.8451811671257019, 0.19465583562850952, 0.4977729320526123, -0.42002779245376587, -0.3340323269367218, 0.8438001871109009, 0.33052295446395874, -0.9222425222396851,