{
  "0": [{"cam_R_m2c": [-0.6112523674964905, -0.7914352416992188, 0.0008221023599617183, -0.30584973096847534, 0.23525992035865784, -0.9225555062294006, 0.7299495339393616, -0.5641657114028931, -0.38586339354515076], "cam_t_m2c": [-56.80373001098633, 8.134223937988281, 416.9032897949219], "obj_id": 0}, {"cam_R_m2c": [-0.6112523674964905, -0.7914352416992188, 0.0008221023599617183, -0.30584973096847534, 0.23525992035865784, -0.9225555062294006, 0.7299495339393616, -0.5641657114028931, -0.38586339354515076], "cam_t_m2c": [-56.80373001098633, 8.134223937988281, 416.9032897949219], "obj_id": 3}, {"cam_R_m2c": [-0.6112523674964905, -0.7914352416992188, 0.0008221023599617183, -0.30584973096847534, 0.23525992035865784, -0.9225555062294006, 0.7299495339393616, -0.5641657114028931, -0.38586339354515076], "cam_t_m2c": [-56.80373001098633, 8.134223937988281, 416.9032897949219], "obj_id": 1}, {"cam_R_m2c": [-0.6112523674964905, -0.7914352416992188, 0.0008221023599617183, -0.30584973096847534, 0.23525992035865784, -0.9225555062294006, 0.7299495339393616, -0.5641657114028931, -0.38586339354515076], "cam_t_m2c": [-56.80373001098633, 8.134223937988281, 416.9032897949219], "obj_id": 1}, {"cam_R_m2c": [-0.6112523674964905, -0.7914352416992188, 0.0008221023599617183, -0.30584973096847534, 0.23525992035865784, -0.9225555062294006, 0.7299495339393616, -0.5641657114028931, -0.38586339354515076], "cam_t_m2c": [-56.80373001098633, 8.134223937988281, 416.9032897949219], "obj_id": 0}, {"cam_R_m2c": [-0.6112523674964905, -0.7914352416992188, 0.0008221023599617183, -0.30584973096847534, 0.23525992035865784, -0.9225555062294006, 0.7299495339393616, -0.5641657114028931, -0.38586339354515076], "cam_t_m2c": [-56.80373001098633, 8.134223937988281, 416.9032897949219], "obj_id": 3}, {"cam_R_m2c": [-0.6112523674964905, -0.7914352416992188, 0.0008221023599617183, -0.30584973096847534, 0.23525992035865784, -0.9225555062294006, 0.7299495339393616, -0.5641657114028931, -0.38586339354515076], "cam_t_m2c": [-56.80373001098633, 8.134223937988281, 416.9032897949219], "obj_id": 1}, {"cam_R_m2c": [-0.6112523674964905, -0.7914352416992188, 0.0008221023599617183, -0.30584973096847534, 0.23525992035865784, -0.9225555062294006, 0.7299495339393616, -0.5641657114028931, -0.38586339354515076], "cam_t_m2c": [-56.80373001098633, 8.134223937988281, 416.9032897949219], "obj_id": 3}, {"cam_R_m2c": [-0.6112523674964905, -0.7914352416992188, 0.0008221023599617183, -0.30584973096847534, 0.23525992035865784, -0.9225555062294006, 0.7299495339393616, -0.5641657114028931, -0.38586339354515076], "cam_t_m2c": [-56.80373001098633, 8.134223937988281, 416.9032897949219], "obj_id": 2}, {"cam_R_m2c": [-0.6112523674964905, -0.7914352416992188, 0.0008221023599617183, -0.30584973096847534, 0.23525992035865784, -0.9225555062294006, 0.7299495339393616, -0.5641657114028931, -0.38586339354515076], "cam_t_m2c": [-56.80373001098633, 8.134223937988281, 416.9032897949219], "obj_id": 2}, {"cam_R_m2c": [-0.6112523674964905, -0.7914352416992188, 0.0008221023599617183, -0.30584973096847534, 0.23525992035865784, -0.9225555062294006, 0.7299495339393616, -0.5641657114028931, -0.38586339354515076], "cam_t_m2c": [-56.80373001098633, 8.134223937988281, 416.9032897949219], "obj_id": 1}, {"cam_R_m2c": [-0.6112523674964905, -0.7914352416992188, 0.0008221023599617183, -0.30584973096847534, 0.23525992035865784, -0.9225555062294006, 0.7299495339393616, -0.5641657114028931, -0.38586339354515076], "cam_t_m2c": [-56.80373001098633, 8.134223937988281, 416.9032897949219], "obj_id": 2}, {"cam_R_m2c": [-0.6112523674964905, -0.7914352416992188, 0.0008221023599617183, -0.30584973096847534, 0.23525992035865784, -0.9225555062294006, 0.7299495339393616, -0.5641657114028931, -0.38586339354515076], "cam_t_m2c": [-56.80373001098633, 8.134223937988281, 416.9032897949219], "obj_id": 2}, {"cam_R_m2c": [-0.6112523674964905, -0.7914352416992188, 0.0008221023599617183, -0.30584973096847534, 0.23525992035865784, -0.9225555062294006, 0.7299495339393616, -0.5641657114028931, -0.38586339354515076], "cam_t_m2c": [-56.80373001098633, 8.134223937988281, 416.9032897949219], "obj_id": 0}, {"cam_R_m2c": [-0.6112523674964905, -0.7914352416992188, 0.0008221023599617183, -0.30584973096847534, 0.23525992035865784, -0.9225555062294006, 0.7299495339393616, -0.5641657114028931, -0.38586339354515076], "cam_t_m2c": [-56.80373001098633, 8.134223937988281, 416.9032897949219], "obj_id": 3}, {"cam_R_m2c": [-0.6112523674964905, -0.7914352416992188, 0.0008221023599617183, -0.30584973096847534, 0.23525992035865784, -0.9225555062294006, 0.7299495339393616, -0.5641657114028931, -0.38586339354515076], "cam_t_m2c": [-56.80373001098633, 8.134223937988281, 416.9032897949219], "obj_id": 2}, {"cam_R_m2c": [-0.6112523674964905, -0.7914352416992188, 0.0008221023599617183, -0.30584973096847534, 0.23525992035865784, -0.9225555062294006, 0.7299495339393616, -0.5641657114028931, -0.38586339354515076], "cam_t_m2c": [-56.80373001098633, 8.134223937988281, 416.9032897949219], "obj_id": 2}, {"cam_R_m2c": [-0.6112523674964905, -0.7914352416992188, 0.0008221023599617183, -0.30584973096847534, 0.23525992035865784, -0.9225555062294006, 0.7299495339393616, -0.5641657114028931, -0.38586339354515076], "cam_t_m2c": [-56.80373001098633, 8.134223937988281, 416.9032897949219], "obj_id": 0}, {"cam_R_m2c": [-0.6112523674964905, -0.7914352416992188, 0.0008221023599617183, -0.30584973096847534, 0.23525992035865784, -0.9225555062294006, 0.7299495339393616, -0.5641657114028931, -0.38586339354515076], "cam_t_m2c": [-56.80373001098633, 8.134223937988281, 416.9032897949219], "obj_id": 2}, {"cam_R_m2c": [-0.6112523674964905, -0.7914352416992188, 0.0008221023599617183, -0.30584973096847534, 0.23525992035865784, -0.9225555062294006, 0.7299495339393616, -0.5641657114028931, -0.38586339354515076], "cam_t_m2c": [-56.80373001098633, 8.134223937988281, 416.9032897949219], "obj_id": 0}, {"cam_R_m2c": [-0.6112523674964905, -0.7914352416992188, 0.0008221023599617183, -0.30584973096847534, 0.23525992035865784, -0.9225555062294006, 0.7299495339393616, -0.5641657114028931, -0.38586339354515076], "cam_t_m2c": [-56.80373001098633, 8.134223937988281, 416.9032897949219], "obj_id": 3}, {"cam_R_m2c": [-0.6112523674964905, -0.7914352416992188, 0.0008221023599617183, -0.30584973096847534, 0.23525992035865784, -0.9225555062294006, 0.7299495339393616, -0.5641657114028931, -0.38586339354515076], "cam_t_m2c": [-56.80373001098633, 8.134223937988281, 416.9032897949219], "obj_id": 0}, {"cam_R_m2c": [-0.6112523674964905, -0.7914352416992188, 0.0008221023599617183, -0.30584973096847534, 0.23525992035865784, -0.9225555062294006, 0.7299495339393616, -0.5641657114028931, -0.38586339354515076], "cam_t_m2c": [-56.80373001098633, 8.134223937988281, 416.9032897949219], "obj_id": 0}, {"cam_R_m2c": [-0.6112523674964905, -0.7914352416992188, 0.0008221023599617183, -0.30584973096847534, 0.23525992035865784, -0.9225555062294006, 0.7299495339393616, -0.5641657114028931, -0.38586339354515076], "cam_t_m2c": [-56.80373001098633, 8.134223937988281, 416.9032897949219], "obj_id": 3}, {"cam_R_m2c": [0.6259779334068298, -0.5418862700462341, -0.5608127117156982, 0.04610935598611832, 0.7435977458953857, -0.6670354604721069, 0.7784764170646667, 0.39169082045555115, 0.4904618263244629], "cam_t_m2c": [-300.271484375, -44.1760368347168, 411.8729248046875], "obj_id": 3}, {"cam_R_m2c": [-0.5049049854278564, 0.31268057227134705, -0.8045505881309509, 0.009407728910446167, 0.9340210556983948, 0.35709401965141296, 0.8631235361099243, 0.17272959649562836, -0.4745335280895233], "cam_t_m2c": [16.017330169677734, -17.12958526611328, 347.8818359375], "obj_id": 3}, {"cam_R_m2c": [0.9424092769622803, -0.19894126057624817, 0.2688627541065216, -0.09479024261236191, 0.6120393872261047, 0.7851258516311646, -0.32074853777885437, -0.76539546251297, 0.5579338669776917], "cam_t_m2c": [89.01836395263672, 147.3020477294922, 150.78138732910156], "obj_id": 1}, {"cam_R_m2c": [-0.7964123487472534, -0.5813193321228027, 0.1667187213897705, 0.12250306457281113, -0.4250401556491852, -0.8968465924263, 0.592216432094574, -0.6938362121582031, 0.40972065925598145], "cam_t_m2c": [-69.39431762695312, 85.48612213134766, 209.07241821289062], "obj_id": 3}, {"cam_R_m2c": [-0.6297691464424133, -0.7609044909477234, 0.15625309944152832, -0.7302923202514648, 0.648520827293396, 0.21469473838806152, -0.26469558477401733, 0.0210976954549551, -0.9641011357307434], "cam_t_m2c": [-253.0956268310547, 5.5138468742370605, 441.345703125], "obj_id": 0}, {"cam_R_m2c": [0.01751735620200634, 0.09685883671045303, 0.9951438903808594, 0.956093966960907, -0.2928276062011719, 0.011671442538499832, 0.2925361394882202, 0.9512466788291931, -0.09773565083742142], "cam_t_m2c": [431.2356872558594, -51.326114654541016, 430.5265197753906], "obj_id": 0}, {"cam_R_m2c": [0.9796305298805237, 0.1993173360824585, -0.024425504729151726, -0.03512626886367798, 0.28984934091567993, 0.9564273953437805, 0.19771228730678558, -0.9360875487327576, 0.2909465432167053], "cam_t_m2c": [29.648006439208984, 7854.21875, 3737.794189453125], "obj_id": 2}, {"cam_R_m2c": [0.32178252935409546, -0.3403851389884949, -0.8835122585296631, 0.6475310325622559, 0.7599096298217773, -0.0569293312728405, 0.6907673478126526, -0.5537827610969543, 0.4649356007575989], "cam_t_m2c": [-139.98013305664062, 6597.7861328125, 3569.872802734375], "obj_id": 2}]
}