{
  "0": [{"cam_R_m2c": [0.36149314045906067, -0.35458362102508545, 0.8623186349868774, -0.8784682154655457, 0.1803908497095108, 0.44243985414505005, -0.31243643164634705, -0.9174584150314331, -0.24628044664859772], "cam_t_m2c": [362.2176208496094, 299.5211181640625, 548.3566284179688], "obj_id": 2}, {"cam_R_m2c": [-0.12869472801685333, 0.3558090925216675, 0.9256551265716553, -0.15218086540699005, -0.9294469356536865, 0.3361087739467621, 0.9799380302429199, -0.09761155396699905, 0.17376241087913513], "cam_t_m2c": [362.2176208496094, 299.5211181640625, 548.3566284179688], "obj_id": 1}, {"cam_R_m2c": [0.17974519729614258, -0.9032518863677979, -0.3896508812904358, -0.8626201152801514, 0.045667245984077454, -0.5037868618965149, 0.47284069657325745, 0.426673948764801, -0.7709547877311707], "cam_t_m2c": [362.2176208496094, 299.5211181640625, 548.3566284179688], "obj_id": 0}, {"cam_R_m2c": [-0.7218440175056458, 0.4793599545955658, -0.49915456771850586, -0.6919768452644348, -0.48904216289520264, 0.5310421586036682, 0.010452715680003166, 0.7287330031394958, 0.684718132019043], "cam_t_m2c": [362.2176208496094, 299.5211181640625, 548.3566284179688], "obj_id": 0}, {"cam_R_m2c": [0.25733068585395813, -0.5026537775993347, -0.8252999782562256, -0.8633806109428406, 0.2639831006526947, -0.4299846589565277, 0.43399861454963684, 0.8231962323188782, -0.3660505414009094], "cam_t_m2c": [362.2176208496094, 299.5211181640625, 548.3566284179688], "obj_id": 0}, {"cam_R_m2c": [0.3755214810371399, -0.9237022399902344, -0.07588095963001251, -0.45673784613609314, -0.2556783854961395, 0.8520676493644714, -0.8064578771591187, -0.28531205654144287, -0.5179025530815125], "cam_t_m2c": [362.2176208496094, 299.5211181640625, 548.3566284179688], "obj_id": 1}, {"cam_R_m2c": [-0.9420127868652344, 0.3081303834915161, -0.13291972875595093, -0.13625992834568024, 0.0107540562748909, 0.9906147718429565, 0.30666792392730713, 0.9512833952903748, 0.03185532987117767], "cam_t_m2c": [362.2176208496094, 299.5211181640625, 548.3566284179688], "obj_id": 2}, {"cam_R_m2c": [-0.6910718083381653, 0.004131978377699852, -0.7227744460105896, -0.6128222942352295, 0.526860237121582, 0.5889543294906616, 0.3832346498966217, 0.8499419093132019, -0.36156609654426575], "cam_t_m2c": [362.2176208496094, 299.5211181640625, 548.3566284179688], "obj_id": 1}, {"cam_R_m2c": [0.44146206974983215, -0.24711552262306213, 0.8625804781913757, -0.8455318808555603, -0.43631693720817566, 0.3077388405799866, 0.30031150579452515, -0.8651943802833557, -0.4015614092350006], "cam_t_m2c": [362.2176208496094, 299.5211181640625, 548.3566284179688], "obj_id": 1}, {"cam_R_m2c": [-0.528418779373169, 0.7060636878013611, 0.4714314639568329, 0.5452731251716614, 0.7078713774681091, -0.44899365305900574, -0.6507309675216675, 0.019802222028374672, -0.7590501308441162], "cam_t_m2c": [362.2176208496094, 299.5211181640625, 548.3566284179688], "obj_id": 0}],
  "1": [{"cam_R_m2c": [0.36149314045906067, -0.35458362102508545, 0.8623186349868774, -0.8784682154655457, 0.1803908497095108, 0.44243985414505005, -0.31243643164634705, -0.9174584150314331, -0.24628044664859772], "cam_t_m2c": [362.2176208496094, 299.5211181640625, 548.3566284179688], "obj_id": 2}, {"cam_R_m2c": [-0.12869472801685333, 0.3558090925216675, 0.9256551265716553, -0.15218086540699005, -0.9294469356536865, 0.3361087739467621, 0.9799380302429199, -0.09761155396699905, 0.17376241087913513], "cam_t_m2c": [362.2176208496094, 299.5211181640625, 548.3566284179688], "obj_id": 1}, {"cam_R_m2c": [0.17974519729614258, -0.9032518863677979, -0.3896508812904358, -0.8626201152801514, 0.045667245984077454, -0.5037868618965149, 0.47284069657325745, 0.426673948764801, -0.7709547877311707], "cam_t_m2c": [362.2176208496094, 299.5211181640625, 548.3566284179688], "obj_id": 0}, {"cam_R_m2c": [-0.7218440175056458, 0.4793599545955658, -0.49915456771850586, -0.6919768452644348, -0.48904216289520264, 0.5310421586036682, 0.010452715680003166, 0.7287330031394958, 0.684718132019043], "cam_t_m2c": [362.2176208496094, 299.5211181640625, 548.3566284179688], "obj_id": 0}, {"cam_R_m2c": [0.25733068585395813, -0.5026537775993347, -0.8252999782562256, -0.8633806109428406, 0.2639831006526947, -0.4299846589565277, 0.43399861454963684, 0.8231962323188782, -0.3660505414009094], "cam_t_m2c": [362.2176208496094, 299.5211181640625, 548.3566284179688], "obj_id": 0}, {"cam_R_m2c": [0.3755214810371399, -0.9237022399902344, -0.07588095963001251, -0.45673784613609314, -0.2556783854961395, 0.8520676493644714, -0.8064578771591187, -0.28531205654144287, -0.5179025530815125], "cam_t_m2c": [362.2176208496094, 299.5211181640625, 548.3566284179688], "obj_id": 1}, {"cam_R_m2c": [-0.9420127868652344, 0.3081303834915161, -0.13291972875595093, -0.13625992834568024, 0.0107540562748909, 0.9906147718429565, 0.30666792392730713, 0.9512833952903748, 0.03185532987117767], "cam_t_m2c": [362.2176208496094, 299.5211181640625, 548.3566284179688], "obj_id": 2}, {"cam_R_m2c": [-0.6910718083381653, 0.004131978377699852, -0.7227744460105896, -0.6128222942352295, 0.526860237121582, 0.5889543294906616, 0.3832346498966217, 0.8499419093132019, -0.36156609654426575], "cam_t_m2c": [362.2176208496094, 299.5211181640625, 548.3566284179688], "obj_id": 1}, {"cam_R_m2c": [0.44146206974983215, -0.24711552262306213, 0.8625804781913757, -0.8455318808555603, -0.43631693720817566, 0.3077388405799866, 0.30031150579452515, -0.8651943802833557, -0.4015614092350006], "cam_t_m2c": [362.2176208496094, 299.5211181640625, 548.3566284179688], "obj_id": 1}, {"cam_R_m2c": [-0.528418779373169, 0.7060636878013611, 0.4714314639568329, 0.5452731251716614, 0.7078713774681091, -0.44899365305900574, -0.6507309675216675, 0.019802222028374672, -0.7590501308441162], "cam_t_m2c": [362.2176208496094, 299.5211181640625, 548.3566284179688], "obj_id": 0}],
  "2": [{"cam_R_m2c": [0.36149314045906067, -0.35458362102508545, 0.8623186349868774, -0.8784682154655457, 0.1803908497095108, 0.44243985414505005, -0.31243643164634705, -0.9174584150314331, -0.24628044664859772], "cam_t_m2c": [362.2176208496094, 299.5211181640625, 548.3566284179688], "obj_id": 2}, {"cam_R_m2c": [-0.12869472801685333, 0.3558090925216675, 0.9256551265716553, -0.15218086540699005, -0.9294469356536865, 0.3361087739467621, 0.9799380302429199, -0.09761155396699905, 0.17376241087913513], "cam_t_m2c": [362.2176208496094, 299.5211181640625, 548.3566284179688], "obj_id": 1}, {"cam_R_m2c": [0.17974519729614258, -0.9032518863677979, -0.3896508812904358, -0.8626201152801514, 0.045667245984077454, -0.5037868618965149, 0.47284069657325745, 0.426673948764801, -0.7709547877311707], "cam_t_m2c": [362.2176208496094, 299.5211181640625, 548.3566284179688], "obj_id": 0}, {"cam_R_m2c": [-0.7218440175056458, 0.4793599545955658, -0.49915456771850586, -0.6919768452644348, -0.48904216289520264, 0.5310421586036682, 0.010452715680003166, 0.7287330031394958, 0.684718132019043], "cam_t_m2c": [362.2176208496094, 299.5211181640625, 548.3566284179688], "obj_id": 0}, {"cam_R_m2c": [0.25733068585395813, -0.5026537775993347, -0.8252999782562256, -0.8633806109428406, 0.2639831006526947, -0.4299846589565277, 0.43399861454963684, 0.8231962323188782, -0.3660505414009094], "cam_t_m2c": [362.2176208496094, 299.5211181640625, 548.3566284179688], "obj_id": 0}, {"cam_R_m2c": [0.3755214810371399, -0.9237022399902344, -0.07588095963001251, -0.45673784613609314, -0.2556783854961395, 0.8520676493644714, -0.8064578771591187, -0.28531205654144287, -0.5179025530815125], "cam_t_m2c": [362.2176208496094, 299.5211181640625, 548.3566284179688], "obj_id": 1}, {"cam_R_m2c": [-0.9420127868652344, 0.3081303834915161, -0.13291972875595093, -0.13625992834568024, 0.0107540562748909, 0.9906147718429565, 0.30666792392730713, 0.9512833952903748, 0.03185532987117767], "cam_t_m2c": [362.2176208496094, 299.5211181640625, 548.3566284179688], "obj_id": 2}, {"cam_R_m2c": [-0.6910718083381653, 0.004131978377699852, -0.7227744460105896, -0.6128222942352295, 0.526860237121582, 0.5889543294906616, 0.3832346498966217, 0.8499419093132019, -0.36156609654426575], "cam_t_m2c": [362.2176208496094, 299.5211181640625, 548.3566284179688], "obj_id": 1}, {"cam_R_m2c": [0.44146206974983215, -0.24711552262306213, 0.8625804781913757, -0.8455318808555603, -0.43631693720817566, 0.3077388405799866, 0.30031150579452515, -0.8651943802833557, -0.4015614092350006], "cam_t_m2c": [362.2176208496094, 299.5211181640625, 548.3566284179688], "obj_id": 1}, {"cam_R_m2c": [-0.528418779373169, 0.7060636878013611, 0.4714314639568329, 0.5452731251716614, 0.7078713774681091, -0.44899365305900574, -0.6507309675216675, 0.019802222028374672, -0.7590501308441162], "cam_t_m2c": [362.2176208496094, 299.5211181640625, 548.3566284179688], "obj_id": 0}],
  "3": [{"cam_R_m2c": [0.36149314045906067, -0.35458362102508545, 0.8623186349868774, -0.8784682154655457, 0.1803908497095108, 0.44243985414505005, -0.31243643164634705, -0.9174584150314331, -0.24628044664859772], "cam_t_m2c": [362.2176208496094, 299.5211181640625, 548.3566284179688], "obj_id": 2}, {"cam_R_m2c": [-0.12869472801685333, 0.3558090925216675, 0.9256551265716553, -0.15218086540699005, -0.9294469356536865, 0.3361087739467621, 0.9799380302429199, -0.09761155396699905, 0.17376241087913513], "cam_t_m2c": [362.2176208496094, 299.5211181640625, 548.3566284179688], "obj_id": 1}, {"cam_R_m2c": [0.17974519729614258, -0.9032518863677979, -0.3896508812904358, -0.8626201152801514, 0.045667245984077454, -0.5037868618965149, 0.47284069657325745, 0.426673948764801, -0.7709547877311707], "cam_t_m2c": [362.2176208496094, 299.5211181640625, 548.3566284179688], "obj_id": 0}, {"cam_R_m2c": [-0.7218440175056458, 0.4793599545955658, -0.49915456771850586, -0.6919768452644348, -0.48904216289520264, 0.5310421586036682, 0.010452715680003166, 0.7287330031394958, 0.684718132019043], "cam_t_m2c": [362.2176208496094, 299.5211181640625, 548.3566284179688], "obj_id": 0}, {"cam_R_m2c": [0.25733068585395813, -0.5026537775993347, -0.8252999782562256, -0.8633806109428406, 0.2639831006526947, -0.4299846589565277, 0.43399861454963684, 0.8231962323188782, -0.3660505414009094], "cam_t_m2c": [362.2176208496094, 299.5211181640625, 548.3566284179688], "obj_id": 0}, {"cam_R_m2c": [0.3755214810371399, -0.9237022399902344, -0.07588095963001251, -0.45673784613609314, -0.2556783854961395, 0.8520676493644714, -0.8064578771591187, -0.28531205654144287, -0.5179025530815125], "cam_t_m2c": [362.2176208496094, 299.5211181640625, 548.3566284179688], "obj_id": 1}, {"cam_R_m2c": [-0.9420127868652344, 0.3081303834915161, -0.13291972875595093, -0.13625992834568024, 0.0107540562748909, 0.9906147718429565, 0.30666792392730713, 0.9512833952903748, 0.03185532987117767], "cam_t_m2c": [362.2176208496094, 299.5211181640625, 548.3566284179688], "obj_id": 2}, {"cam_R_m2c": [-0.6910718083381653, 0.004131978377699852, -0.7227744460105896, -0.6128222942352295, 0.526860237121582, 0.5889543294906616, 0.3832346498966217, 0.8499419093132019, -0.36156609654426575], "cam_t_m2c": [362.2176208496094, 299.5211181640625, 548.3566284179688], "obj_id": 1}, {"cam_R_m2c": [0.44146206974983215, -0.24711552262306213, 0.8625804781913757, -0.8455318808555603, -0.43631693720817566, 0.3077388405799866, 0.30031150579452515, -0.8651943802833557, -0.4015614092350006], "cam_t_m2c": [362.2176208496094, 299.5211181640625, 548.3566284179688], "obj_id": 1}, {"cam_R_m2c": [-0.528418779373169, 0.7060636878013611, 0.4714314639568329, 0.5452731251716614, 0.7078713774681091, -0.44899365305900574, -0.6507309675216675, 0.019802222028374672, -0.7590501308441162], "cam_t_m2c": [362.2176208496094, 299.5211181640625, 548.3566284179688], "obj_id": 0}],
  "4": [{"cam_R_m2c": [0.36149314045906067, -0.35458362102508545, 0.8623186349868774, -0.8784682154655457, 0.1803908497095108, 0.44243985414505005, -0.31243643164634705, -0.9174584150314331, -0.24628044664859772], "cam_t_m2c": [362.2176208496094, 299.5211181640625, 548.3566284179688], "obj_id": 2}, {"cam_R_m2c": [-0.12869472801685333, 0.3558090925216675, 0.9256551265716553, -0.15218086540699005, -0.9294469356536865, 0.3361087739467621, 0.9799380302429199, -0.09761155396699905, 0.17376241087913513], "cam_t_m2c": [362.2176208496094, 299.5211181640625, 548.3566284179688], "obj_id": 1}, {"cam_R_m2c": [0.17974519729614258, -0.9032518863677979, -0.3896508812904358, -0.8626201152801514, 0.045667245984077454, -0.5037868618965149, 0.47284069657325745, 0.426673948764801, -0.7709547877311707], "cam_t_m2c": [362.2176208496094, 299.5211181640625, 548.3566284179688], "obj_id": 0}, {"cam_R_m2c": [-0.7218440175056458, 0.4793599545955658, -0.49915456771850586, -0.6919768452644348, -0.48904216289520264, 0.5310421586036682, 0.010452715680003166, 0.7287330031394958, 0.684718132019043], "cam_t_m2c": [362.2176208496094, 299.5211181640625, 548.3566284179688], "obj_id": 0}, {"cam_R_m2c": [0.25733068585395813, -0.5026537775993347, -0.8252999782562256, -0.8633806109428406, 0.2639831006526947, -0.4299846589565277, 0.43399861454963684, 0.8231962323188782, -0.3660505414009094], "cam_t_m2c": [362.2176208496094, 299.5211181640625, 548.3566284179688], "obj_id": 0}, {"cam_R_m2c": [0.3755214810371399, -0.9237022399902344, -0.07588095963001251, -0.45673784613609314, -0.2556783854961395, 0.8520676493644714, -0.8064578771591187, -0.28531205654144287, -0.5179025530815125], "cam_t_m2c": [362.2176208496094, 299.5211181640625, 548.3566284179688], "obj_id": 1}, {"cam_R_m2c": [-0.9420127868652344, 0.3081303834915161, -0.13291972875595093, -0.13625992834568024, 0.0107540562748909, 0.9906147718429565, 0.30666792392730713, 0.9512833952903748, 0.03185532987117767], "cam_t_m2c": [362.2176208496094, 299.5211181640625, 548.3566284179688], "obj_id": 2}, {"cam_R_m2c": [-0.6910718083381653, 0.004131978377699852, -0.7227744460105896, -0.6128222942352295, 0.526860237121582, 0.5889543294906616, 0.3832346498966217, 0.8499419093132019, -0.36156609654426575], "cam_t_m2c": [362.2176208496094, 299.5211181640625, 548.3566284179688], "obj_id": 1}, {"cam_R_m2c": [0.44146206974983215, -0.24711552262306213, 0.8625804781913757, -0.8455318808555603, -0.43631693720817566, 0.3077388405799866, 0.30031150579452515, -0.8651943802833557, -0.4015614092350006], "cam_t_m2c": [362.2176208496094, 299.5211181640625, 548.3566284179688], "obj_id": 1}, {"cam_R_m2c": [-0.528418779373169, 0.7060636878013611, 0.4714314639568329, 0.5452731251716614, 0.7078713774681091, -0.44899365305900574, -0.6507309675216675, 0.019802222028374672, -0.7590501308441162], "cam_t_m2c": [362.2176208496094, 299.5211181640625, 548.3566284179688], "obj_id": 0}],
  "5": [{"cam_R_m2c": [0.36149314045906067, -0.35458362102508545, 0.8623186349868774, -0.8784682154655457, 0.1803908497095108, 0.44243985414505005, -0.31243643164634705, -0.9174584150314331, -0.24628044664859772], "cam_t_m2c": [362.2176208496094, 299.5211181640625, 548.3566284179688], "obj_id": 2}, {"cam_R_m2c": [-0.12869472801685333, 0.3558090925216675, 0.9256551265716553, -0.15218086540699005, -0.9294469356536865, 0.3361087739467621, 0.9799380302429199, -0.09761155396699905, 0.17376241087913513], "cam_t_m2c": [362.2176208496094, 299.5211181640625, 548.3566284179688], "obj_id": 1}, {"cam_R_m2c": [0.17974519729614258, -0.9032518863677979, -0.3896508812904358, -0.8626201152801514, 0.045667245984077454, -0.5037868618965149, 0.47284069657325745, 0.426673948764801, -0.7709547877311707], "cam_t_m2c": [362.2176208496094, 299.5211181640625, 548.3566284179688], "obj_id": 0}, {"cam_R_m2c": [-0.7218440175056458, 0.4793599545955658, -0.49915456771850586, -0.6919768452644348, -0.48904216289520264, 0.5310421586036682, 0.010452715680003166, 0.7287330031394958, 0.684718132019043], "cam_t_m2c": [362.2176208496094, 299.5211181640625, 548.3566284179688], "obj_id": 0}, {"cam_R_m2c": [0.25733068585395813, -0.5026537775993347, -0.8252999782562256, -0.8633806109428406, 0.2639831006526947, -0.4299846589565277, 0.43399861454963684, 0.8231962323188782, -0.3660505414009094], "cam_t_m2c": [362.2176208496094, 299.5211181640625, 548.3566284179688], "obj_id": 0}, {"cam_R_m2c": [0.3755214810371399, -0.9237022399902344, -0.07588095963001251, -0.45673784613609314, -0.2556783854961395, 0.8520676493644714, -0.8064578771591187, -0.28531205654144287, -0.5179025530815125], "cam_t_m2c": [362.2176208496094, 299.5211181640625, 548.3566284179688], "obj_id": 1}, {"cam_R_m2c": [-0.9420127868652344, 0.3081303834915161, -0.13291972875595093, -0.13625992834568024, 0.0107540562748909, 0.9906147718429565, 0.30666792392730713, 0.9512833952903748, 0.03185532987117767], "cam_t_m2c": [362.2176208496094, 299.5211181640625, 548.3566284179688], "obj_id": 2}, {"cam_R_m2c": [-0.6910718083381653, 0.004131978377699852, -0.7227744460105896, -0.6128222942352295, 0.526860237121582, 0.5889543294906616, 0.3832346498966217, 0.8499419093132019, -0.36156609654426575], "cam_t_m2c": [362.2176208496094, 299.5211181640625, 548.3566284179688], "obj_id": 1}, {"cam_R_m2c": [0.44146206974983215, -0.24711552262306213, 0.8625804781913757, -0.8455318808555603, -0.43631693720817566, 0.3077388405799866, 0.30031150579452515, -0.8651943802833557, -0.4015614092350006], "cam_t_m2c": [362.2176208496094, 299.5211181640625, 548.3566284179688], "obj_id": 1}, {"cam_R_m2c": [-0.528418779373169, 0.7060636878013611, 0.4714314639568329, 0.5452731251716614, 0.7078713774681091, -0.44899365305900574, -0.6507309675216675, 0.019802222028374672, -0.7590501308441162], "cam_t_m2c": [362.2176208496094, 299.5211181640625, 548.3566284179688], "obj_id": 0}],
  "6": [{"cam_R_m2c": [0.36149314045906067, -0.35458362102508545, 0.8623186349868774, -0.8784682154655457, 0.1803908497095108, 0.44243985414505005, -0.31243643164634705, -0.9174584150314331, -0.24628044664859772], "cam_t_m2c": [362.2176208496094, 299.5211181640625, 548.3566284179688], "obj_id": 2}, {"cam_R_m2c": [-0.12869472801685333, 0.3558090925216675, 0.9256551265716553, -0.15218086540699005, -0.9294469356536865, 0.3361087739467621, 0.9799380302429199, -0.09761155396699905, 0.17376241087913513], "cam_t_m2c": [362.2176208496094, 299.5211181640625, 548.3566284179688], "obj_id": 1}, {"cam_R_m2c": [0.17974519729614258, -0.9032518863677979, -0.3896508812904358, -0.8626201152801514, 0.045667245984077454, -0.5037868618965149, 0.47284069657325745, 0.426673948764801, -0.7709547877311707], "cam_t_m2c": [362.2176208496094, 299.5211181640625, 548.3566284179688], "obj_id": 0}, {"cam_R_m2c": [-0.7218440175056458, 0.4793599545955658, -0.49915456771850586, -0.6919768452644348, -0.48904216289520264, 0.5310421586036682, 0.010452715680003166, 0.7287330031394958, 0.684718132019043], "cam_t_m2c": [362.2176208496094, 299.5211181640625, 548.3566284179688], "obj_id": 0}, {"cam_R_m2c": [0.25733068585395813, -0.5026537775993347, -0.8252999782562256, -0.8633806109428406, 0.2639831006526947, -0.4299846589565277, 0.43399861454963684, 0.8231962323188782, -0.3660505414009094], "cam_t_m2c": [362.2176208496094, 299.5211181640625, 548.3566284179688], "obj_id": 0}, {"cam_R_m2c": [0.3755214810371399, -0.9237022399902344, -0.07588095963001251, -0.45673784613609314, -0.2556783854961395, 0.8520676493644714, -0.8064578771591187, -0.28531205654144287, -0.5179025530815125], "cam_t_m2c": [362.2176208496094, 299.5211181640625, 548.3566284179688], "obj_id": 1}, {"cam_R_m2c": [-0.9420127868652344, 0.3081303834915161, -0.13291972875595093, -0.13625992834568024, 0.0107540562748909, 0.9906147718429565, 0.30666792392730713, 0.9512833952903748, 0.03185532987117767], "cam_t_m2c": [362.2176208496094, 299.5211181640625, 548.3566284179688], "obj_id": 2}, {"cam_R_m2c": [-0.6910718083381653, 0.004131978377699852, -0.7227744460105896, -0.6128222942352295, 0.526860237121582, 0.5889543294906616, 0.3832346498966217, 0.8499419093132019, -0.36156609654426575], "cam_t_m2c": [362.2176208496094, 299.5211181640625, 548.3566284179688], "obj_id": 1}, {"cam_R_m2c": [0.44146206974983215, -0.24711552262306213, 0.8625804781913757, -0.8455318808555603, -0.43631693720817566, 0.3077388405799866, 0.30031150579452515, -0.8651943802833557, -0.4015614092350006], "cam_t_m2c": [362.2176208496094, 299.5211181640625, 548.3566284179688], "obj_id": 1}, {"cam_R_m2c": [-0.528418779373169, 0.7060636878013611, 0.4714314639568329, 0.5452731251716614, 0.7078713774681091, -0.44899365305900574, -0.6507309675216675, 0.019802222028374672, -0.7590501308441162], "cam_t_m2c": [362.2176208496094, 299.5211181640625, 548.3566284179688], "obj_id": 0}],
  "7": [{"cam_R_m2c": [0.36149314045906067, -0.35458362102508545, 0.8623186349868774, -0.8784682154655457, 0.1803908497095108, 0.44243985414505005, -0.31243643164634705, -0.9174584150314331, -0.24628044664859772], "cam_t_m2c": [362.2176208496094, 299.5211181640625, 548.3566284179688], "obj_id": 2}, {"cam_R_m2c": [-0.12869472801685333, 0.3558090925216675, 0.9256551265716553, -0.15218086540699005, -0.9294469356536865, 0.3361087739467621, 0.9799380302429199, -0.09761155396699905, 0.17376241087913513], "cam_t_m2c": [362.2176208496094, 299.5211181640625, 548.3566284179688], "obj_id": 1}, {"cam_R_m2c": [0.17974519729614258, -0.9032518863677979, -0.3896508812904358, -0.8626201152801514, 0.045667245984077454, -0.5037868618965149, 0.47284069657325745, 0.426673948764801, -0.7709547877311707], "cam_t_m2c": [362.2176208496094, 299.5211181640625, 548.3566284179688], "obj_id": 0}, {"cam_R_m2c": [-0.7218440175056458, 0.4793599545955658, -0.49915456771850586, -0.6919768452644348, -0.48904216289520264, 0.5310421586036682, 0.010452715680003166, 0.7287330031394958, 0.684718132019043], "cam_t_m2c": [362.2176208496094, 299.5211181640625, 548.3566284179688], "obj_id": 0}, {"cam_R_m2c": [0.25733068585395813, -0.5026537775993347, -0.8252999782562256, -0.8633806109428406, 0.2639831006526947, -0.4299846589565277, 0.43399861454963684, 0.8231962323188782, -0.3660505414009094], "cam_t_m2c": [362.2176208496094, 299.5211181640625, 548.3566284179688], "obj_id": 0}, {"cam_R_m2c": [0.3755214810371399, -0.9237022399902344, -0.07588095963001251, -0.45673784613609314, -0.2556783854961395, 0.8520676493644714, -0.8064578771591187, -0.28531205654144287, -0.5179025530815125], "cam_t_m2c": [362.2176208496094, 299.5211181640625, 548.3566284179688], "obj_id": 1}, {"cam_R_m2c": [-0.9420127868652344, 0.3081303834915161, -0.13291972875595093, -0.13625992834568024, 0.0107540562748909, 0.9906147718429565, 0.30666792392730713, 0.9512833952903748, 0.03185532987117767], "cam_t_m2c": [362.2176208496094, 299.5211181640625, 548.3566284179688], "obj_id": 2}, {"cam_R_m2c": [-0.6910718083381653, 0.004131978377699852, -0.7227744460105896, -0.6128222942352295, 0.526860237121582, 0.5889543294906616, 0.3832346498966217, 0.8499419093132019, -0.36156609654426575], "cam_t_m2c": [362.2176208496094, 299.5211181640625, 548.3566284179688], "obj_id": 1}, {"cam_R_m2c": [0.44146206974983215, -0.24711552262306213, 0.8625804781913757, -0.8455318808555603, -0.43631693720817566, 0.3077388405799866, 0.30031150579452515, -0.8651943802833557, -0.4015614092350006], "cam_t_m2c": [362.2176208496094, 299.5211181640625, 548.3566284179688], "obj_id": 1}, {"cam_R_m2c": [-0.528418779373169, 0.7060636878013611, 0.4714314639568329, 0.5452731251716614, 0.7078713774681091, -0.44899365305900574, -0.6507309675216675, 0.019802222028374672, -0.7590501308441162], "cam_t_m2c": [362.2176208496094, 299.5211181640625, 548.3566284179688], "obj_id": 0}],
  "8": [{"cam_R_m2c": [0.36149314045906067, -0.35458362102508545, 0.8623186349868774, -0.8784682154655457, 0.1803908497095108, 0.44243985414505005, -0.31243643164634705, -0.9174584150314331, -0.24628044664859772], "cam_t_m2c": [362.2176208496094, 299.5211181640625, 548.3566284179688], "obj_id": 2}, {"cam_R_m2c": [-0.12869472801685333, 0.3558090925216675, 0.9256551265716553, -0.15218086540699005, -0.9294469356536865, 0.3361087739467621, 0.9799380302429199, -0.09761155396699905, 0.17376241087913513], "cam_t_m2c": [362.2176208496094, 299.5211181640625, 548.3566284179688], "obj_id": 1}, {"cam_R_m2c": [0.17974519729614258, -0.9032518863677979, -0.3896508812904358, -0.8626201152801514, 0.045667245984077454, -0.5037868618965149, 0.47284069657325745, 0.426673948764801, -0.7709547877311707], "cam_t_m2c": [362.2176208496094, 299.5211181640625, 548.3566284179688], "obj_id": 0}, {"cam_R_m2c": [-0.7218440175056458, 0.4793599545955658, -0.49915456771850586, -0.6919768452644348, -0.48904216289520264, 0.5310421586036682, 0.010452715680003166, 0.7287330031394958, 0.684718132019043], "cam_t_m2c": [362.2176208496094, 299.5211181640625, 548.3566284179688], "obj_id": 0}, {"cam_R_m2c": [0.25733068585395813, -0.5026537775993347, -0.8252999782562256, -0.8633806109428406, 0.2639831006526947, -0.4299846589565277, 0.43399861454963684, 0.8231962323188782, -0.3660505414009094], "cam_t_m2c": [362.2176208496094, 299.5211181640625, 548.3566284179688], "obj_id": 0}, {"cam_R_m2c": [0.3755214810371399, -0.9237022399902344, -0.07588095963001251, -0.45673784613609314, -0.2556783854961395, 0.8520676493644714, -0.8064578771591187, -0.28531205654144287, -0.5179025530815125], "cam_t_m2c": [362.2176208496094, 299.5211181640625, 548.3566284179688], "obj_id": 1}, {"cam_R_m2c": [-0.9420127868652344, 0.3081303834915161, -0.13291972875595093, -0.13625992834568024, 0.0107540562748909, 0.9906147718429565, 0.30666792392730713, 0.9512833952903748, 0.03185532987117767], "cam_t_m2c": [362.2176208496094, 299.5211181640625, 548.3566284179688], "obj_id": 2}, {"cam_R_m2c": [-0.6910718083381653, 0.004131978377699852, -0.7227744460105896, -0.6128222942352295, 0.526860237121582, 0.5889543294906616, 0.3832346498966217, 0.8499419093132019, -0.36156609654426575], "cam_t_m2c": [362.2176208496094, 299.5211181640625, 548.3566284179688], "obj_id": 1}, {"cam_R_m2c": [0.44146206974983215, -0.24711552262306213, 0.8625804781913757, -0.8455318808555603, -0.43631693720817566, 0.3077388405799866, 0.30031150579452515, -0.8651943802833557, -0.4015614092350006], "cam_t_m2c": [362.2176208496094, 299.5211181640625, 548.3566284179688], "obj_id": 1}, {"cam_R_m2c": [-0.528418779373169, 0.7060636878013611, 0.4714314639568329, 0.5452731251716614, 0.7078713774681091, -0.44899365305900574, -0.6507309675216675, 0.019802222028374672, -0.7590501308441162], "cam_t_m2c": [362.2176208496094, 299.5211181640625, 548.3566284179688], "obj_id": 0}],
  "9": [{"cam_R_m2c": [0.36149314045906067, -0.35458362102508545, 0.8623186349868774, -0.8784682154655457, 0.1803908497095108, 0.44243985414505005, -0.31243643164634705, -0.9174584150314331, -0.24628044664859772], "cam_t_m2c": [362.2176208496094, 299.5211181640625, 548.3566284179688], "obj_id": 2}, {"cam_R_m2c": [-0.12869472801685333, 0.3558090925216675, 0.9256551265716553, -0.15218086540699005, -0.9294469356536865, 0.3361087739467621, 0.9799380302429199, -0.09761155396699905, 0.17376241087913513], "cam_t_m2c": [362.2176208496094, 299.5211181640625, 548.3566284179688], "obj_id": 1}, {"cam_R_m2c": [0.17974519729614258, -0.9032518863677979, -0.3896508812904358, -0.8626201152801514, 0.045667245984077454, -0.5037868618965149, 0.47284069657325745, 0.426673948764801, -0.7709547877311707], "cam_t_m2c": [362.2176208496094, 299.5211181640625, 548.3566284179688], "obj_id": 0}, {"cam_R_m2c": [-0.7218440175056458, 0.4793599545955658, -0.49915456771850586, -0.6919768452644348, -0.48904216289520264, 0.5310421586036682, 0.010452715680003166, 0.7287330031394958, 0.684718132019043], "cam_t_m2c": [362.2176208496094, 299.5211181640625, 548.3566284179688], "obj_id": 0}, {"cam_R_m2c": [0.25733068585395813, -0.5026537775993347, -0.8252999782562256, -0.8633806109428406, 0.2639831006526947, -0.4299846589565277, 0.43399861454963684, 0.8231962323188782, -0.3660505414009094], "cam_t_m2c": [362.2176208496094, 299.5211181640625, 548.3566284179688], "obj_id": 0}, {"cam_R_m2c": [0.3755214810371399, -0.9237022399902344, -0.07588095963001251, -0.45673784613609314, -0.2556783854961395, 0.8520676493644714, -0.8064578771591187, -0.28531205654144287, -0.5179025530815125], "cam_t_m2c": [362.2176208496094, 299.5211181640625, 548.3566284179688], "obj_id": 1}, {"cam_R_m2c": [-0.9420127868652344, 0.3081303834915161, -0.13291972875595093, -0.13625992834568024, 0.0107540562748909, 0.9906147718429565, 0.30666792392730713, 0.9512833952903748, 0.03185532987117767], "cam_t_m2c": [362.2176208496094, 299.5211181640625, 548.3566284179688], "obj_id": 2}, {"cam_R_m2c": [-0.6910718083381653, 0.004131978377699852, -0.7227744460105896, -0.6128222942352295, 0.526860237121582, 0.5889543294906616, 0.3832346498966217, 0.8499419093132019, -0.36156609654426575], "cam_t_m2c": [362.2176208496094, 299.5211181640625, 548.3566284179688], "obj_id": 1}, {"cam_R_m2c": [0.44146206974983215, -0.24711552262306213, 0.8625804781913757, -0.8455318808555603, -0.43631693720817566, 0.3077388405799866, 0.30031150579452515, -0.8651943802833557, -0.4015614092350006], "cam_t_m2c": [362.2176208496094, 299.5211181640625, 548.3566284179688], "obj_id": 1}, {"cam_R_m2c": [-0.528418779373169, 0.7060636878013611, 0.4714314639568329, 0.5452731251716614, 0.7078713774681091, -0.44899365305900574, -0.6507309675216675, 0.019802222028374672, -0.7590501308441162], "cam_t_m2c": [362.2176208496094, 299.5211181640625, 548.3566284179688], "obj_id": 0}]
}