{
  "0": [{"cam_R_m2c": [-0.5458266139030457, -0.06099327653646469, 0.8356751799583435, -0.12890173494815826, 0.9915869235992432, -0.011820233426988125, -0.827923595905304, -0.11417178809642792, -0.5490966439247131], "cam_t_m2c": [-113.0594711303711, 219.8170928955078, 574.5982055664062], "obj_id": 1}, {"cam_R_m2c": [0.37533989548683167, -0.8332375288009644, -0.40599897503852844, -0.8856514692306519, -0.45160239934921265, 0.10805882513523102, -0.2733888030052185, 0.3190148174762726, -0.9074624180793762], "cam_t_m2c": [-146.5285186767578, -13.487892150878906, 404.83551025390625], "obj_id": 2}, {"cam_R_m2c": [0.35086631774902344, 0.9047189354896545, 0.24161221086978912, 0.6207999587059021, -0.4178973138332367, 0.6633018255233765, 0.7010707855224609, -0.08273742347955704, -0.708275556564331], "cam_t_m2c": [-223.5969696044922, 192.8367919921875, 404.8497314453125], "obj_id": 3}, {"cam_R_m2c": [-0.23026159405708313, 0.6042245030403137, 0.7628186345100403, -0.48355087637901306, 0.6092149019241333, -0.6285187005996704, -0.8444868326187134, -0.5135853886604309, 0.15189453959465027], "cam_t_m2c": [-334.9459228515625, 55.017887115478516, 523.6852416992188], "obj_id": 4}, {"cam_R_m2c": [-0.5007666349411011, 0.8590809106826782, -0.1058911681175232, 0.782024085521698, 0.5014674067497253, 0.37009307742118835, 0.37104085087776184, 0.10252080112695694, -0.9229400753974915], "cam_t_m2c": [91.7227783203125, 139.12013244628906, 626.2498168945312], "obj_id": 5}, {"cam_R_m2c": [-0.5744630098342896, -0.6938197016716003, 0.4342883229255676, -0.12541763484477997, -0.4496954083442688, -0.8843327164649963, 0.8088650107383728, -0.5624839067459106, 0.1713162213563919], "cam_t_m2c": [-183.76187133789062, 89.11503601074219, 816.9928588867188], "obj_id": 6}, {"cam_R_m2c": [0.2545270621776581, 0.8079959750175476, 0.5313740372657776, -0.958885669708252, 0.13954606652259827, 0.2471134513616562, 0.12551556527614594, -0.5724239945411682, 0.8102940917015076], "cam_t_m2c": [-48.56880569458008, -31.76906394958496, 806.71240234375], "obj_id": 7}, {"cam_R_m2c": [-0.5045725703239441, -0.24413292109966278, 0.8281339406967163, 0.8311388492584229, -0.3969852328300476, 0.3893726170063019, 0.23369821906089783, 0.8847609758377075, 0.4032161235809326], "cam_t_m2c": [-313.50689697265625, -128.35047912597656, 467.4109191894531], "obj_id": 1}, {"cam_R_m2c": [-0.5522310733795166, 0.6690853238105774, -0.497358500957489, 0.6780744791030884, 0.01339064072817564, -0.7348710894584656, -0.4850315749645233, -0.7430648803710938, -0.46108436584472656], "cam_t_m2c": [-199.31887817382812, 0.44947490096092224, 347.1318664550781], "obj_id": 2}, {"cam_R_m2c": [0.39044320583343506, -0.9044830799102783, 0.17165221273899078, -0.8770278096199036, -0.30873122811317444, 0.3681131601333618, -0.27995771169662476, -0.2942710518836975, -0.9137988686561584], "cam_t_m2c": [-227.7681884765625, -42.23255920410156, 689.6648559570312], "obj_id": 3}, {"cam_R_m2c": [-0.5198936462402344, -0.5369827747344971, -0.6643494963645935, 0.8046183586120605, -0.04664856940507889, -0.5919572114944458, 0.28687989711761475, -0.8423025012016296, 0.45631834864616394], "cam_t_m2c": [-148.09608459472656, -75.1990966796875, 850.0068969726562], "obj_id": 4}, {"cam_R_m2c": [-0.2925730347633362, -0.5259258151054382, 0.7986255884170532, -0.8987791538238525, 0.4363965690135956, -0.04187998175621033, -0.32649168372154236, -0.7300410866737366, -0.6003690361976624], "cam_t_m2c": [-105.77978515625, 76.60220336914062, 702.187744140625], "obj_id": 5}, {"cam_R_m2c": [-0.42240312695503235, 0.8179947733879089, -0.3904617428779602, 0.8679179549217224, 0.4892135262489319, 0.08595709502696991, 0.26133161783218384, -0.30258020758628845, -0.9165976643562317], "cam_t_m2c": [-39.31605911254883, 179.34458923339844, 634.7449340820312], "obj_id": 6}, {"cam_R_m2c": [-0.04723438620567322, -0.5898000001907349, 0.8061668276786804, -0.17067252099514008, -0.7904342412948608, -0.588289737701416, 0.9841950535774231, -0.16537798941135406, -0.06332708150148392], "cam_t_m2c": [-108.15332794189453, -123.02167510986328, 874.3407592773438], "obj_id": 1}, {"cam_R_m2c": [-0.44951367378234863, 0.6561747789382935, 0.6061124205589294, 0.8353524804115295, 0.06843507289886475, 0.545438289642334, 0.3164234459400177, 0.7514994144439697, -0.5788997411727905], "cam_t_m2c": [-407.71099853515625, -26.218429565429688, 513.5386352539062], "obj_id": 2}, {"cam_R_m2c": [0.007006533909589052, -0.9701966047286987, 0.24221786856651306, 0.9077250361442566, -0.09544634073972702, -0.40856489539146423, 0.41950708627700806, 0.2227298468351364, 0.8800029754638672], "cam_t_m2c": [-318.1663818359375, -22.342851638793945, 536.3984375], "obj_id": 3}, {"cam_R_m2c": [-0.48398900032043457, 0.5702110528945923, 0.6637876033782959, 0.817609429359436, 0.024313312023878098, 0.5752596855163574, 0.31188055872917175, 0.8211383819580078, -0.47797730565071106], "cam_t_m2c": [-420.2171325683594, 32.95308303833008, 462.8556213378906], "obj_id": 4}, {"cam_R_m2c": [0.9704793095588684, -0.12109782546758652, -0.2085791379213333, -0.1645282357931137, 0.2999439835548401, -0.9396616816520691, 0.17635305225849152, 0.9462394118309021, 0.2711654007434845], "cam_t_m2c": [-250.7460479736328, 42.15120315551758, 621.7606201171875], "obj_id": 5}, {"cam_R_m2c": [0.41911426186561584, -0.6074069142341614, -0.674833357334137, -0.865386962890625, -0.4921090304851532, -0.09452049434185028, -0.27467918395996094, 0.6236068606376648, -0.731891930103302], "cam_t_m2c": [-210.8898468017578, -0.23621320724487305, 280.4409484863281], "obj_id": 6}, {"cam_R_m2c": [-0.0058524152263998985, -0.1700153797864914, -0.9854241013526917, 0.7421608567237854, 0.6597117185592651, -0.11822781711816788, 0.6701963543891907, -0.7320350408554077, 0.1223178282380104], "cam_t_m2c": [37.241390228271484, 46.43212127685547, 522.0477294921875], "obj_id": 1}, {"cam_R_m2c": [-0.4209921658039093, -0.6586291193962097, -0.6236772537231445, 0.8604984283447266, -0.07252100855112076, -0.5042650103569031, 0.28689393401145935, -0.7489649057388306, 0.5972800254821777], "cam_t_m2c": [9.167530059814453, 98.95404052734375, 515.0416259765625], "obj_id": 2}, {"cam_R_m2c": [-0.15664051473140717, -0.7504215836524963, -0.6421300768852234, 0.7479240894317627, 0.33448925614356995, -0.5733466744422913, 0.6450373530387878, -0.5700739622116089, 0.5088638663291931], "cam_t_m2c": [-396.8509216308594, -7.072577476501465, 476.9638977050781], "obj_id": 3}, {"cam_R_m2c": [-0.40638047456741333, -0.7247405052185059, -0.5564226508140564, 0.9117588996887207, -0.2819361686706543, -0.29867663979530334, 0.05958740413188934, -0.6286996603012085, 0.7753618955612183], "cam_t_m2c": [-53.62842559814453, -15.531006813049316, 672.9287719726562], "obj_id": 4}, {"cam_R_m2c": [-0.14558759331703186, 0.12266967445611954, 0.9817110300064087, 0.7947002649307251, 0.6055341362953186, 0.04218938201665878, -0.5892841815948486, 0.786308228969574, -0.18564389646053314], "cam_t_m2c": [-492.86383056640625, -33.82480239868164, 580.2061767578125], "obj_id": 5}, {"cam_R_m2c": [-0.44014132022857666, -0.8277676105499268, 0.34796059131622314, 0.8120294213294983, -0.5323339700698853, -0.23922564089298248, 0.38325443863868713, 0.17726115882396698, 0.906473696231842], "cam_t_m2c": [-56.55209732055664, 86.85981750488281, 603.0133666992188], "obj_id": 6}, {"cam_R_m2c": [0.8765548467636108, -0.13257251679897308, -0.46268361806869507, -0.48049259185791016, -0.29676511883735657, -0.8252620697021484, -0.027901269495487213, 0.9457035064697266, -0.3238309919834137], "cam_t_m2c": [74.3771743774414, 166.59959411621094, 600.9771118164062], "obj_id": 1}, {"cam_R_m2c": [-0.41834425926208496, 0.6116295456886292, -0.6714889407157898, 0.8693874478340149, 0.4836839437484741, -0.10107071697711945, 0.26297056674957275, -0.6260663866996765, -0.7340894341468811], "cam_t_m2c": [-119.00518798828125, -21.93478775024414, 726.5501098632812], "obj_id": 2}, {"cam_R_m2c": [0.05868419632315636, -0.992909848690033, 0.10337448120117188, -0.2797890901565552, 0.08304345607757568, 0.9564632177352905, -0.9582663178443909, -0.08505234867334366, -0.2729319930076599], "cam_t_m2c": [-206.9604034423828, 16.85283088684082, 686.9446411132812], "obj_id": 3}, {"cam_R_m2c": [0.5331048369407654, -0.7776919603347778, 0.33315834403038025, -0.324199378490448, 0.175946906208992, 0.9294824004173279, -0.7814691662788391, -0.6035213470458984, -0.15832911431789398], "cam_t_m2c": [-127.79670715332031, 57.649322509765625, 472.7063293457031], "obj_id": 4}, {"cam_R_m2c": [-0.9055723547935486, -0.15279074013233185, -0.3957193195819855, 0.12693969905376434, 0.7925187945365906, -0.5964900255203247, 0.4047531485557556, -0.590397298336029, -0.698287844657898], "cam_t_m2c": [-277.7915954589844, -3.314713954925537, 772.47900390625], "obj_id": 5}, {"cam_R_m2c": [-0.7991534471511841, -0.2305569052696228, -0.5551550984382629, 0.5997030138969421, -0.24225248396396637, -0.7626729011535645, 0.0413518026471138, -0.9424208998680115, 0.3318626284599304], "cam_t_m2c": [-353.22088623046875, -146.7633056640625, 712.359619140625], "obj_id": 6}, {"cam_R_m2c": [0.5484204292297363, -0.6408687829971313, -0.5371426343917847, -0.6745110154151917, 0.040627624839544296, -0.7371459603309631, 0.49423661828041077, 0.766574501991272, -0.4099920094013214], "cam_t_m2c": [-114.6623764038086, -36.831424713134766, 808.9169311523438], "obj_id": 7}, {"cam_R_m2c": [-0.32748541235923767, -0.10846307873725891, 0.9386101961135864, -0.11965109407901764, -0.9806315302848816, -0.15506576001644135, 0.9372496604919434, -0.16308751702308655, 0.3081648051738739], "cam_t_m2c": [-390.7187805175781, -108.47239685058594, 570.0510864257812], "obj_id": 8}, {"cam_R_m2c": [0.3291800618171692, -0.9023013114929199, 0.27837517857551575, -0.7921244502067566, -0.10340053588151932, 0.6015372276306152, -0.5139837265014648, -0.41852182149887085, -0.7487723231315613], "cam_t_m2c": [-106.76250457763672, -64.20537567138672, 596.4409790039062], "obj_id": 9}, {"cam_R_m2c": [-0.4662754237651825, -0.7811132669448853, -0.4152698814868927, 0.8394358158111572, -0.24253444373607635, -0.4863377511501312, 0.27916762232780457, -0.5753598213195801, 0.7687824964523315], "cam_t_m2c": [-244.18568420410156, -20.42376136779785, 745.6069946289062], "obj_id": 10}, {"cam_R_m2c": [0.5829969644546509, 0.21853257715702057, 0.7825331091880798, 0.28398120403289795, 0.847589910030365, -0.4482700824737549, -0.7612287998199463, 0.4835647642612457, 0.4320831894874573], "cam_t_m2c": [5.933208465576172, 272.22021484375, 599.09814453125], "obj_id": 1}, {"cam_R_m2c": [-0.6568407416343689, 0.4090484380722046, -0.6334347724914551, 0.7385318875312805, 0.17955954372882843, -0.6498684287071228, -0.15208841860294342, -0.8946718573570251, -0.42003732919692993], "cam_t_m2c": [-203.76461791992188, -52.72321319580078, 713.6627197265625], "obj_id": 2}, {"cam_R_m2c": [-0.22541293501853943, -0.8247804641723633, -0.5185809135437012, 0.7930135726928711, 0.15388458967208862, -0.5894480347633362, 0.5659668445587158, -0.5441109538078308, 0.6193745136260986], "cam_t_m2c": [-305.2555236816406, 117.65045928955078, 328.1542053222656], "obj_id": 3}, {"cam_R_m2c": [-0.8485212326049805, -0.46994122862815857, 0.24324315786361694, 0.5239115953445435, -0.6814929246902466, 0.5109639763832092, -0.07435455173254013, 0.5610015988349915, 0.8244686722755432], "cam_t_m2c": [-229.8214111328125, 42.58944320678711, 536.9553833007812], "obj_id": 4}, {"cam_R_m2c": [-0.6803402900695801, 0.654041588306427, 0.330706387758255, 0.4493502378463745, 0.015776846557855606, 0.8932163715362549, 0.5789831280708313, 0.7562940716743469, -0.30462735891342163], "cam_t_m2c": [-55.94774627685547, 21.683815002441406, 470.79876708984375], "obj_id": 5}, {"cam_R_m2c": [0.20498529076576233, 0.8898439407348633, -0.4076257348060608, 0.9786187410354614, -0.1791350543498993, 0.10107342153787613, 0.016919489949941635, -0.419628769159317, -0.9075379967689514], "cam_t_m2c": [-260.76544189453125, 22.67453384399414, 589.0203247070312], "obj_id": 6}, {"cam_R_m2c": [0.33161023259162903, 0.5676285624504089, 0.7535465955734253, 0.9306566715240479, -0.32774636149406433, -0.1626669317483902, 0.15463772416114807, 0.7552351951599121, -0.6369513869285583], "cam_t_m2c": [-229.7251739501953, -7.3174872398376465, 760.8845825195312], "obj_id": 7}, {"cam_R_m2c": [-0.6724925637245178, -0.03501880541443825, -0.7392749786376953, 0.6044370532035828, 0.5504403710365295, -0.5759090781211853, 0.4270944595336914, -0.8341397643089294, -0.3490004241466522], "cam_t_m2c": [85.19754791259766, 74.24873352050781, 588.6488647460938], "obj_id": 8}, {"cam_R_m2c": [-0.8359233736991882, 0.04748798906803131, 0.5467880368232727, 0.46667665243148804, 0.5858446955680847, 0.6625699400901794, -0.2888687551021576, 0.8090308308601379, -0.5118827819824219], "cam_t_m2c": [-130.0513916015625, 26.010814666748047, 403.32159423828125], "obj_id": 9}, {"cam_R_m2c": [0.6059890389442444, 0.5179731249809265, 0.6037226915359497, 0.4208955764770508, -0.8527893424034119, 0.3091880679130554, 0.6749994158744812, 0.06673961877822876, -0.7347936034202576], "cam_t_m2c": [-62.8638801574707, 147.95021057128906, 535.8175048828125], "obj_id": 10}, {"cam_R_m2c": [-0.8261758089065552, -0.2941369414329529, 0.4805384874343872, 0.5015755295753479, -0.7724599838256836, 0.3895224928855896, 0.256623774766922, 0.5628403425216675, 0.7857193946838379], "cam_t_m2c": [-77.6828842163086, -75.53020477294922, 693.7319946289062], "obj_id": 1}, {"cam_R_m2c": [-0.31015804409980774, -0.5305837392807007, -0.7888493537902832, 0.8406957387924194, 0.23435290157794952, -0.48816969990730286, 0.44388407468795776, -0.8145918250083923, 0.3733728229999542], "cam_t_m2c": [-59.806480407714844, 167.9636688232422, 470.1586608886719], "obj_id": 2}, {"cam_R_m2c": [-0.11068166792392731, 0.2899821996688843, 0.9506102800369263, -0.7518826723098755, 0.6010708212852478, -0.27089908719062805, -0.649940013885498, -0.7447309494018555, 0.15150505304336548], "cam_t_m2c": [-141.96617126464844, 39.278587341308594, 325.1444091796875], "obj_id": 3}, {"cam_R_m2c": [-0.805744469165802, -0.14097169041633606, -0.5752415657043457, 0.40696313977241516, 0.5738702416419983, -0.7106714248657227, 0.4302985966205597, -0.8067216873168945, -0.4050225019454956], "cam_t_m2c": [-311.8675842285156, -21.196672439575195, 421.63153076171875], "obj_id": 4}, {"cam_R_m2c": [-0.5379884243011475, -0.7051794528961182, 0.4618337154388428, -0.02910355105996132, -0.5320112109184265, -0.8462369441986084, 0.8424496054649353, -0.4687066972255707, 0.26569271087646484], "cam_t_m2c": [-70.57209014892578, 8.374944686889648, 830.254638671875], "obj_id": 5}, {"cam_R_m2c": [-0.7123758792877197, 0.16525068879127502, -0.6820650696754456, 0.6208201050758362, 0.6015990972518921, -0.5026538968086243, 0.32726579904556274, -0.7815182209014893, -0.5311555862426758], "cam_t_m2c": [-129.40919494628906, 69.88452911376953, 551.5357666015625], "obj_id": 6}, {"cam_R_m2c": [-0.43315526843070984, 0.4811073839664459, -0.7621759176254272, 0.8873234987258911, 0.3760626018047333, -0.26689690351486206, 0.15821978449821472, -0.7919043898582458, -0.5897913575172424], "cam_t_m2c": [-314.7145080566406, -9.041557312011719, 584.0411987304688], "obj_id": 7}, {"cam_R_m2c": [-0.483936071395874, 0.46444764733314514, -0.7416834235191345, 0.8751032948493958, 0.2565307915210724, -0.4103488326072693, -0.0003209198475815356, -0.8476321697235107, -0.5305842161178589], "cam_t_m2c": [-163.8217010498047, -130.23239135742188, 789.6605834960938], "obj_id": 8}, {"cam_R_m2c": [-0.44387418031692505, 0.505982518196106, -0.7395657300949097, 0.8737228512763977, 0.42762669920921326, -0.23182706534862518, 0.198957622051239, -0.7490774989128113, -0.63190096616745], "cam_t_m2c": [-469.97149658203125, -146.02867126464844, 569.7507934570312], "obj_id": 1}, {"cam_R_m2c": [0.5622242093086243, 0.33556970953941345, -0.755841851234436, -0.5670049786567688, -0.5089105367660522, -0.6477001905441284, -0.6020044088363647, 0.7927188277244568, -0.09585213661193848], "cam_t_m2c": [-11.940948486328125, 130.0204315185547, 660.2109375], "obj_id": 2}, {"cam_R_m2c": [-0.387287437915802, 0.6710086464881897, -0.632262647151947, 0.91499924659729, 0.36384832859039307, -0.17432984709739685, 0.11307089775800705, -0.6460354924201965, -0.754886269569397], "cam_t_m2c": [-316.6558532714844, 4.7225799560546875, 700.2763061523438], "obj_id": 3}, {"cam_R_m2c": [0.24718275666236877, 0.4232619106769562, 0.8716364502906799, -0.9141345024108887, -0.1964547038078308, 0.3546319305896759, 0.3213391900062561, -0.8844518065452576, 0.3383580446243286], "cam_t_m2c": [-52.599159240722656, 94.08759307861328, 465.2160339355469], "obj_id": 4}, {"cam_R_m2c": [0.46044740080833435, -0.7258354425430298, 0.5110294222831726, -0.8712022304534912, -0.2590727210044861, 0.41699865460395813, -0.1702786237001419, -0.6372159123420715, -0.7516388297080994], "cam_t_m2c": [-269.2802734375, -0.4726555347442627, 426.2525939941406], "obj_id": 5}, {"cam_R_m2c": [-0.39752161502838135, 0.7775691151618958, -0.4871990978717804, 0.9165674448013306, 0.3113892674446106, -0.25088027119636536, -0.04336816072463989, -0.5462811589241028, -0.8364784717559814], "cam_t_m2c": [-203.42027282714844, 9.293634414672852, 852.60107421875], "obj_id": 6}, {"cam_R_m2c": [0.2038462907075882, 0.8589254021644592, -0.46978068351745605, -0.5450326800346375, -0.29904961585998535, -0.7832679748535156, -0.8132565021514893, 0.4157120883464813, 0.4071822166442871], "cam_t_m2c": [-104.06212615966797, 54.39646911621094, 609.6741943359375], "obj_id": 7}, {"cam_R_m2c": [-0.32166337966918945, -0.6135702133178711, -0.7211546897888184, 0.9374486207962036, -0.31345468759536743, -0.1514466404914856, -0.13312621414661407, -0.7247603535652161, 0.6760175824165344], "cam_t_m2c": [-418.53619384765625, 83.82778930664062, 466.6808166503906], "obj_id": 8}, {"cam_R_m2c": [0.7140277028083801, -0.694058358669281, -0.09191007912158966, -0.019865939393639565, 0.1111399307847023, -0.9936062097549438, 0.6998355388641357, 0.7112882137298584, 0.06556887179613113], "cam_t_m2c": [-316.5635986328125, -94.48014068603516, 651.9410400390625], "obj_id": 9}, {"cam_R_m2c": [0.2700469493865967, -0.24729114770889282, 0.9305492043495178, 0.9130041599273682, 0.37268728017807007, -0.16591466963291168, -0.30577465891838074, 0.8944000005722046, 0.3264208734035492], "cam_t_m2c": [-22.350013732910156, 52.81129455566406, 769.6024780273438], "obj_id": 10}, {"cam_R_m2c": [-0.6500766277313232, -0.7250421643257141, 0.22740735113620758, 0.46606120467185974, -0.6168162822723389, -0.6342905759811401, 0.6001560091972351, -0.30635175108909607, 0.7388919591903687], "cam_t_m2c": [-452.81072998046875, -25.279294967651367, 573.8291625976562], "obj_id": 1}, {"cam_R_m2c": [0.03897117078304291, -0.466965913772583, 0.8834161162376404, 0.3689480721950531, -0.8148924112319946, -0.4470207393169403, 0.9286326169967651, 0.34335559606552124, 0.14052891731262207], "cam_t_m2c": [-303.3818054199219, 88.06912231445312, 462.4476623535156], "obj_id": 2}, {"cam_R_m2c": [0.24651627242565155, 0.9094276428222656, -0.3349195122718811, -0.3913753628730774, -0.22273236513137817, -0.8928693532943726, -0.8865974545478821, 0.351186066865921, 0.30102041363716125], "cam_t_m2c": [-81.85030364990234, 56.6164665222168, 623.057861328125], "obj_id": 3}, {"cam_R_m2c": [-0.014733787626028061, -0.9861075282096863, 0.1654527336359024, -0.7880197167396545, 0.11330580711364746, 0.6051334738731384, -0.6154735088348389, -0.12146405130624771, -0.7787415981292725], "cam_t_m2c": [-102.8958969116211, -5.094562530517578, 610.0865478515625], "obj_id": 4}, {"cam_R_m2c": [-0.27734458446502686, -0.5751234889030457, -0.7696186304092407, 0.9289538860321045, 0.043915748596191406, -0.36758121848106384, 0.2452029436826706, -0.8168869614601135, 0.5220835208892822], "cam_t_m2c": [27.74701690673828, -25.832670211791992, 686.7030639648438], "obj_id": 5}, {"cam_R_m2c": [-0.8506584763526917, -0.3056676387786865, -0.42772382497787476, -0.44271624088287354, 0.8552781939506531, 0.2692612111568451, 0.2835184335708618, 0.4184095859527588, -0.8628736734390259], "cam_t_m2c": [-270.4065246582031, 60.277015686035156, 406.2544860839844], "obj_id": 6}, {"cam_R_m2c": [-0.8669776320457458, -0.292775958776474, 0.403276652097702, 0.3912219703197479, -0.9011285901069641, 0.1868491917848587, 0.30869919061660767, 0.31976476311683655, 0.8957986831665039], "cam_t_m2c": [-347.790283203125, -111.95896911621094, 669.9911499023438], "obj_id": 1}, {"cam_R_m2c": [-0.27868860960006714, -0.2516539990901947, 0.9268240928649902, 0.8750121593475342, -0.4642987549304962, 0.13704141974449158, 0.3958362638950348, 0.8491742610931396, 0.3495950996875763], "cam_t_m2c": [13.55630111694336, 15.228330612182617, 713.0640258789062], "obj_id": 2}, {"cam_R_m2c": [0.012917989864945412, 0.13665203750133514, 0.9905348420143127, -0.8566542267799377, 0.5124455094337463, -0.059523895382881165, -0.5157291889190674, -0.8477769494056702, 0.12368332594633102], "cam_t_m2c": [-194.818603515625, -23.806930541992188, 665.0415649414062], "obj_id": 3}, {"cam_R_m2c": [-0.5747612714767456, -0.34248700737953186, -0.74320387840271, 0.8183079957962036, -0.23541758954524994, -0.5243571996688843, 0.004622237756848335, -0.9095499515533447, 0.41556885838508606], "cam_t_m2c": [-163.3498077392578, 23.931472778320312, 868.8282470703125], "obj_id": 4}, {"cam_R_m2c": [-0.4796064794063568, -0.5892179608345032, -0.6502305865287781, 0.868395984172821, -0.21234244108200073, -0.44810619950294495, 0.12596067786216736, -0.7795722484588623, 0.6135152578353882], "cam_t_m2c": [-226.60011291503906, -58.60951614379883, 449.3984375], "obj_id": 5}, {"cam_R_m2c": [-0.881729006767273, -0.4606616199016571, 0.10170983523130417, 0.46047282218933105, -0.7935276627540588, 0.39784255623817444, -0.10256123542785645, 0.3976239264011383, 0.9117984771728516], "cam_t_m2c": [82.9405517578125, 74.63018798828125, 591.951416015625], "obj_id": 6}, {"cam_R_m2c": [0.4578770399093628, -0.5662106275558472, -0.6853861808776855, -0.8391980528831482, -0.5297309756278992, -0.12301132827997208, -0.2934199571609497, 0.6314988136291504, -0.7177144885063171], "cam_t_m2c": [-284.0032958984375, -39.644287109375, 350.31805419921875], "obj_id": 7}, {"cam_R_m2c": [-0.5878427624702454, 0.4564136862754822, -0.6679278612136841, 0.7747180461883545, 0.07988592237234116, -0.6272403001785278, -0.23292294144630432, -0.8861743211746216, -0.400552362203598], "cam_t_m2c": [-67.51292419433594, 227.0967559814453, 591.6835327148438], "obj_id": 8}, {"cam_R_m2c": [0.7721191048622131, 0.6182062029838562, 0.14715033769607544, 0.227768674492836, -0.05304840952157974, -0.9722692370414734, -0.5932567119598389, 0.7842238545417786, -0.18176770210266113], "cam_t_m2c": [-222.64280700683594, 58.114498138427734, 611.2380981445312], "obj_id": 9}, {"cam_R_m2c": [0.2771511971950531, 0.8960634469985962, -0.34678179025650024, 0.8688799142837524, -0.38780832290649414, -0.30765652656555176, -0.41016459465026855, -0.2160443216562271, -0.8860530257225037], "cam_t_m2c": [19.49860191345215, 26.779924392700195, 691.529296875], "obj_id": 10}],
