{
  "0": [{"cam_R_m2c": [0.6357106566429138, 0.45090362429618835, -0.6265443563461304, -0.514818549156189, -0.35713526606559753, -0.7793689370155334, -0.5751814842224121, 0.8180097937583923, 0.005098952911794186], "cam_t_m2c": [-230.43724060058594, -358.7229919433594, 771.0794067382812], "obj_id": 2}, {"cam_R_m2c": [-0.73063725233078, 0.6647842526435852, 0.15566180646419525, -0.10257185250520706, 0.11852701008319855, -0.9876386523246765, -0.6750168204307556, -0.7375723719596863, -0.018411854282021523], "cam_t_m2c": [-2818.7578125, 3035.425537109375, -293.6929016113281], "obj_id": 3}, {"cam_R_m2c": [0.8318028450012207, 0.4669063985347748, -0.3001707196235657, 0.2061748057603836, -0.7619795203208923, -0.6139050126075745, -0.5153600573539734, 0.4487603008747101, -0.7300810813903809], "cam_t_m2c": [-2699.973388671875, 3218.609375, 3.20143985748291], "obj_id": 2}],
  "1": [{"cam_R_m2c": [-0.6119332909584045, 0.1458776593208313, 0.7773399949073792, 0.22212477028369904, 0.9749845266342163, -0.008108340203762054, -0.7590773105621338, 0.16770468652248383, -0.6290285587310791], "cam_t_m2c": [311.841796875, 31.734376907348633, 738.1492919921875], "obj_id": 2}, {"cam_R_m2c": [0.30637601017951965, -0.9298425316810608, 0.20378048717975616, -0.833379864692688, -0.15855585038661957, 0.5294694304466248, -0.46001261472702026, -0.33204329013824463, -0.823489785194397], "cam_t_m2c": [739.2907104492188, -3746.322021484375, 2950.75341796875], "obj_id": 3}, {"cam_R_m2c": [-0.9896177053451538, 0.09623953700065613, 0.10674507915973663, 0.048139121383428574, 0.9217626452445984, -0.3847547471523285, -0.1354222446680069, -0.3756215572357178, -0.916825532913208], "cam_t_m2c": [721.2166748046875, -3561.619140625, 3269.13134765625], "obj_id": 2}]
}