{
  "0": [{"cam_R_m2c": [0.7592387795448303, -0.6472010612487793, 0.06846339255571365, 0.6070042252540588, 0.7421462535858154, 0.28419142961502075, -0.23473885655403137, -0.17421159148216248, 0.95632004737854], "cam_t_m2c": [37.82640075683594, 162.94151306152344, 1234.427734375], "obj_id": 2}, {"cam_R_m2c": [-0.3267466127872467, -0.21903961896896362, 0.9193791747093201, -0.7415278553962708, -0.5437154173851013, -0.39307722449302673, 0.585980236530304, -0.8101820349693298, 0.015233372338116169], "cam_t_m2c": [-9674.0888671875, 12154.5771484375, 2248.67822265625], "obj_id": 2}, {"cam_R_m2c": [-0.03914270177483559, 0.6497204899787903, 0.7591648101806641, 0.9819619655609131, 0.16565930843353271, -0.09114708751440048, -0.18498288094997406, 0.7419031858444214, -0.6444851160049438], "cam_t_m2c": [-9515.302734375, 12059.3720703125, 2375.453369140625], "obj_id": 2}],
  "1": [{"cam_R_m2c": [0.8236778974533081, -0.38660088181495667, -0.41484272480010986, -0.07525982707738876, 0.6505689024925232, -0.7557089924812317, 0.5620415210723877, 0.653681755065918, 0.5067636966705322], "cam_t_m2c": [-157.4502410888672, -304.70501708984375, 1341.1300048828125], "obj_id": 2}, {"cam_R_m2c": [-0.6536848545074463, 0.18619060516357422, 0.7335046529769897, -0.47128888964653015, 0.6581987142562866, -0.5870785117149353, -0.5921003222465515, -0.7294569611549377, -0.34250494837760925], "cam_t_m2c": [-7774.11181640625, 6678.42529296875, 12846.5400390625], "obj_id": 2}, {"cam_R_m2c": [0.1569841206073761, 0.17838376760482788, 0.9713573455810547, 0.3904843032360077, -0.9146184325218201, 0.10485664755105972, 0.9071261882781982, 0.362839013338089, -0.21323655545711517], "cam_t_m2c": [-7714.87939453125, 6469.4208984375, 12790.984375], "obj_id": 2}]
}