{
  "0": [{"cam_R_m2c": [-0.2991791367530823, 0.7395170331001282, 0.602997899055481, 0.37016505002975464, 0.6724031567573547, -0.6409772634506226, -0.8794712424278259, 0.03144172579050064, -0.4749123454093933], "cam_t_m2c": [941.2820434570312, -716.3387451171875, 3359.642333984375], "obj_id": 1}, {"cam_R_m2c": [-0.16074933111667633, -0.10678578168153763, -0.9812014698982239, -0.5291120409965515, 0.848533034324646, -0.005663280375301838, 0.8331866264343262, 0.5182551741600037, -0.19290275871753693], "cam_t_m2c": [853.760986328125, 357.6002502441406, 2859.224609375], "obj_id": 2}, {"cam_R_m2c": [-0.9519404172897339, 0.16363567113876343, -0.25890687108039856, 0.1924050897359848, -0.3382156193256378, -0.9211897253990173, -0.23830585181713104, -0.9267327189445496, 0.29047679901123047], "cam_t_m2c": [643.7640991210938, 332.80718994140625, 2617.5849609375], "obj_id": 0}, {"cam_R_m2c": [-0.8061981797218323, -0.43200406432151794, 0.40424877405166626, -0.13896337151527405, 0.8024107813835144, 0.5803672075271606, -0.5750945806503296, 0.41171517968177795, -0.7069348692893982], "cam_t_m2c": [624.237060546875, 693.859375, 2488.45263671875], "obj_id": 2}, {"cam_R_m2c": [0.004989334382116795, -0.9783807396888733, 0.20675133168697357, -0.9661908149719238, 0.04858117550611496, 0.25320935249328613, -0.25777938961982727, -0.20102457702159882, -0.9450600743293762], "cam_t_m2c": [-213.2005615234375, -168.69686889648438, 2466.123779296875], "obj_id": 1}, {"cam_R_m2c": [0.8191502094268799, 0.3356628715991974, -0.4651057720184326, 0.03345240280032158, -0.8374612331390381, -0.5454718470573425, -0.5726027488708496, 0.4312644600868225, -0.6972352266311646], "cam_t_m2c": [773.8939819335938, -542.0066528320312, 3247.97607421875], "obj_id": 2}, {"cam_R_m2c": [-0.6818281412124634, 0.6606668829917908, 0.3140537142753601, 0.38014793395996094, 0.6868090033531189, -0.6195005178451538, -0.6249784231185913, -0.30300599336624146, -0.7194368839263916], "cam_t_m2c": [862.74951171875, -220.80447387695312, 2735.063232421875], "obj_id": 1}, {"cam_R_m2c": [0.051210664212703705, 0.861478328704834, -0.5052054524421692, 0.701382577419281, 0.3290925621986389, 0.6322662234306335, 0.7109429836273193, -0.38672104477882385, -0.5873728394508362], "cam_t_m2c": [915.9195556640625, -501.9640197753906, 3105.92333984375], "obj_id": 0}, {"cam_R_m2c": [-0.9117122292518616, 0.3159084618091583, -0.26264533400535583, -0.4060792624950409, -0.7898936867713928, 0.45952969789505005, -0.062292564660310745, 0.5256137251853943, 0.8484396934509277], "cam_t_m2c": [631.8562622070312, -395.97857666015625, 3408.297607421875], "obj_id": 2}, {"cam_R_m2c": [-0.25040051341056824, -0.9647094011306763, 0.08145797252655029, 0.6386839747428894, -0.22783604264259338, -0.7349650859832764, 0.7275867462158203, -0.13200969994068146, 0.6731945872306824], "cam_t_m2c": [-293.7499084472656, -253.24761962890625, 3450.51416015625], "obj_id": 2}, {"cam_R_m2c": [0.9171457886695862, -0.11669745296239853, -0.3810843527317047, -0.3513491153717041, -0.6881128549575806, -0.6348655819892883, -0.188141867518425, 0.7161579728126526, -0.6721013784408569], "cam_t_m2c": [-687.2842407226562, 36.59211730957031, 3487.78173828125], "obj_id": 0}, {"cam_R_m2c": [0.11629194766283035, -0.9599589109420776, -0.25486254692077637, -0.782829999923706, 0.06933646649122238, -0.6183603405952454, 0.611271858215332, 0.2714243531227112, -0.7434213757514954], "cam_t_m2c": [968.7410278320312, -96.331298828125, 3480.21240234375], "obj_id": 0}, {"cam_R_m2c": [0.32700249552726746, 0.5579588413238525, 0.7627261877059937, 0.48885971307754517, -0.7905917763710022, 0.36875540018081665, 0.8087555170059204, 0.25228220224380493, -0.5312890410423279], "cam_t_m2c": [-284.1485290527344, 120.59521484375, 2301.99560546875], "obj_id": 0}, {"cam_R_m2c": [0.9337707757949829, 0.16974793374538422, 0.31505194306373596, 0.3243219554424286, -0.7735463976860046, -0.5444639325141907, 0.15128569304943085, 0.6105828285217285, -0.7773680090904236], "cam_t_m2c": [-399.4788513183594, 416.9718017578125, 2529.6103515625], "obj_id": 0}, {"cam_R_m2c": [-0.7514251470565796, 0.5778195261955261, -0.31856679916381836, 0.5422702431678772, 0.2657501995563507, -0.7970694899559021, -0.3759031295776367, -0.771687388420105, -0.51302570104599], "cam_t_m2c": [664.6808471679688, 159.97604370117188, 2564.996337890625], "obj_id": 1}, {"cam_R_m2c": [-0.9337376952171326, 0.1168244332075119, -0.3383577764034271, 0.035987380892038345, -0.9098184108734131, -0.413443386554718, -0.35614442825317383, -0.3982242941856384, 0.8453274965286255], "cam_t_m2c": [271.17999267578125, 50.99250411987305, 2473.18603515625], "obj_id": 1}, {"cam_R_m2c": [0.727134108543396, 0.6567962169647217, 0.1997365951538086, 0.08542116731405258, 0.20212624967098236, -0.9756271243095398, -0.6811602115631104, 0.7264735102653503, 0.09086858481168747], "cam_t_m2c": [-695.5191650390625, -276.6844482421875, 3432.3203125], "obj_id": 2}, {"cam_R_m2c": [-0.48043695092201233, 0.26699572801589966, -0.8354001641273499, 0.6922561526298523, -0.46939319372177124, -0.5481343269348145, -0.5384807586669922, -0.8416549563407898, 0.040684524923563004], "cam_t_m2c": [-544.6038818359375, -641.76611328125, 3343.287109375], "obj_id": 0}, {"cam_R_m2c": [0.8175588250160217, 0.2867213189601898, 0.4993881285190582, 0.40561097860336304, 0.32884877920150757, -0.8528412580490112, -0.4087509214878082, 0.8998051881790161, 0.1525558978319168], "cam_t_m2c": [352.93316650390625, -329.5593566894531, 3693.517333984375], "obj_id": 1}, {"cam_R_m2c": [-0.42296740412712097, -0.8930352330207825, 0.15357959270477295, -0.529443621635437, 0.10600938647985458, -0.8416956067085266, 0.7353829145431519, -0.4373215436935425, -0.517650306224823], "cam_t_m2c": [728.8553466796875, -531.7700805664062, 3113.424560546875], "obj_id": 2}, {"cam_R_m2c": [0.10391305387020111, 0.9117323160171509, -0.39742428064346313, 0.26284870505332947, 0.36020636558532715, 0.8950764536857605, 0.9592249393463135, -0.19747252762317657, -0.20221750438213348], "cam_t_m2c": [414.21771240234375, 125.54356384277344, 3300.6875], "obj_id": 1}, {"cam_R_m2c": [0.17533530294895172, 0.6756285429000854, -0.7160890102386475, -0.8377443552017212, 0.4844578504562378, 0.25196224451065063, 0.5171478390693665, 0.5557217001914978, 0.6509466171264648], "cam_t_m2c": [744.8359985351562, 209.55714416503906, 2379.03466796875], "obj_id": 2}, {"cam_R_m2c": [-0.9301924109458923, 0.2862784266471863, 0.2297532707452774, 0.31409478187561035, 0.9446686506271362, 0.094581238925457, -0.1899641454219818, 0.16014306247234344, -0.9686421751976013], "cam_t_m2c": [-213.07801818847656, -17.652847290039062, 3434.69677734375], "obj_id": 2}, {"cam_R_m2c": [0.8093154430389404, -0.07806802541017532, 0.5821630954742432, -0.08940428495407104, 0.963206946849823, 0.25345465540885925, -0.5805302262306213, -0.2571726441383362, 0.7725586295127869], "cam_t_m2c": [559.2366333007812, 185.2010040283203, 3185.761474609375], "obj_id": 2}, {"cam_R_m2c": [-0.7433974742889404, 0.6653361916542053, -0.06846906989812851, 0.5355060696601868, 0.6533987522125244, 0.5350731611251831, 0.4007411599159241, 0.3611064553260803, -0.8420265316963196], "cam_t_m2c": [-675.4756469726562, -565.3364868164062, 3335.09326171875], "obj_id": 2}, {"cam_R_m2c": [-0.317985475063324, 0.6126652359962463, -0.723551332950592, 0.39912742376327515, 0.7787470817565918, 0.48399409651756287, 0.8599898815155029, -0.13488611578941345, -0.4921617805957794], "cam_t_m2c": [-684.9383544921875, -164.86924743652344, 3327.732666015625], "obj_id": 2}, {"cam_R_m2c": [-0.06467222422361374, 0.6833823919296265, -0.7271904349327087, -0.5154405832290649, 0.6011044979095459, 0.6107326149940491, 0.8544813394546509, 0.4143209457397461, 0.3133682906627655], "cam_t_m2c": [-548.7132568359375, 354.7138671875, 2459.70849609375], "obj_id": 0}, {"cam_R_m2c": [0.4052494168281555, -0.8320814371109009, 0.37869957089424133, 0.9105046391487122, 0.3301132023334503, -0.24901114404201508, 0.082183837890625, 0.44571933150291443, 0.8913922309875488], "cam_t_m2c": [626.1851806640625, -9.891531944274902, 3006.328369140625], "obj_id": 2}, {"cam_R_m2c": [-0.8549786806106567, 0.5161513090133667, 0.05098287761211395, -0.14323802292346954, -0.14050015807151794, -0.9796645045280457, -0.4984920024871826, -0.8448950052261353, 0.1940571516752243], "cam_t_m2c": [427.762939453125, 650.900146484375, 2257.771240234375], "obj_id": 0}, {"cam_R_m2c": [0.16206946969032288, 0.9117144346237183, -0.37750527262687683, 0.7252136468887329, 0.1493835747241974, 0.6721231937408447, 0.6691775321960449, -0.38270261883735657, -0.6369771957397461], "cam_t_m2c": [168.89898681640625, 190.63523864746094, 2631.97705078125], "obj_id": 1}, {"cam_R_m2c": [0.14423228800296783, 0.8447460532188416, -0.5153648853302002, 0.5594562888145447, 0.35997283458709717, 0.7466110587120056, 0.8162141442298889, -0.39600953459739685, -0.4206787645816803], "cam_t_m2c": [-393.2290954589844, -704.0774536132812, 3412.93310546875], "obj_id": 1}, {"cam_R_m2c": [-0.8224389553070068, 0.44238778948783875, 0.35761335492134094, -0.021664639934897423, -0.652559220790863, 0.757427990436554, 0.5684407949447632, 0.6151906847953796, 0.5462741851806641], "cam_t_m2c": [547.145751953125, 121.52503204345703, 3526.14990234375], "obj_id": 0}, {"cam_R_m2c": [0.689866304397583, -0.45699992775917053, -0.5614584684371948, -0.642074704170227, -0.7444961667060852, -0.18293623626232147, -0.33440178632736206, 0.48669978976249695, -0.8070309162139893], "cam_t_m2c": [418.7237854003906, 468.8527526855469, 2668.37744140625], "obj_id": 0}, {"cam_R_m2c": [0.7526313066482544, -0.048935964703559875, -0.6566211581230164, 0.32228487730026245, -0.8422321081161499, 0.432177871465683, -0.5741764307022095, -0.5368896722793579, -0.618118941783905], "cam_t_m2c": [-483.0062255859375, 268.9623718261719, 2449.444091796875], "obj_id": 2}, {"cam_R_m2c": [0.1089174896478653, 0.9844582080841064, 0.13776443898677826, 0.9924749135971069, -0.09989483654499054, -0.07081376761198044, -0.05595124140381813, 0.14444060623645782, -0.9879303574562073], "cam_t_m2c": [898.364501953125, -322.2664794921875, 3477.270751953125], "obj_id": 1}, {"cam_R_m2c": [0.10456396639347076, -0.9342060685157776, 0.3410649299621582, -0.7119743824005127, -0.3097629249095917, -0.630189836025238, 0.6943764686584473, -0.1769343912601471, -0.6975207924842834], "cam_t_m2c": [277.9176330566406, 259.1452331542969, 2691.910888671875], "obj_id": 0}, {"cam_R_m2c": [0.9047340154647827, 0.2784275710582733, 0.32238873839378357, 0.002974584698677063, 0.7526740431785583, -0.6583866477012634, -0.42596662044525146, 0.5966237187385559, 0.6801415681838989], "cam_t_m2c": [-513.0540771484375, -63.53339385986328, 3613.31396484375], "obj_id": 1}, {"cam_R_m2c": [-0.5095624327659607, -0.43702811002731323, 0.7411831021308899, 0.5558960437774658, -0.8247076869010925, -0.10409938544034958, 0.6567538380622864, 0.3589756190776825, 0.6631823778152466], "cam_t_m2c": [-852.7511596679688, 158.78268432617188, 2660.57763671875], "obj_id": 0}, {"cam_R_m2c": [0.26047730445861816, 0.1270790696144104, -0.9570801258087158, -0.506389856338501, -0.8260235786437988, -0.2474958449602127, -0.8220223784446716, 0.5491227507591248, -0.15080876648426056], "cam_t_m2c": [-736.0676879882812, -485.3742980957031, 3010.2734375], "obj_id": 2}, {"cam_R_m2c": [0.6476503014564514, 0.2851053774356842, -0.7065861225128174, 0.32422617077827454, 0.7360817193984985, 0.5941894054412842, 0.6895117163658142, -0.6139206886291504, 0.3842849135398865], "cam_t_m2c": [-210.11581420898438, -330.50244140625, 3790.11328125], "obj_id": 0}, {"cam_R_m2c": [-0.25068551301956177, -0.8139316439628601, -0.5240916609764099, -0.24985915422439575, 0.5774357914924622, -0.777263343334198, 0.9352685213088989, -0.06389956176280975, -0.34812307357788086], "cam_t_m2c": [334.0380554199219, -534.081298828125, 3375.308349609375], "obj_id": 1}, {"cam_R_m2c": [-0.6224927306175232, 0.6893778443336487, 0.3704872727394104, -0.7619051933288574, -0.42559877038002014, -0.4882274270057678, -0.17889422178268433, -0.5861942172050476, 0.7901728749275208], "cam_t_m2c": [544.7518920898438, 263.7633972167969, 2589.6455078125], "obj_id": 1}, {"cam_R_m2c": [0.5257929563522339, -0.29195985198020935, -0.7989374995231628, -0.6629782319068909, 0.4477892220020294, -0.599953830242157, 0.5329180359840393, 0.845129668712616, 0.041881389915943146], "cam_t_m2c": [-386.9833984375, -198.66444396972656, 3161.27783203125], "obj_id": 0}, {"cam_R_m2c": [-0.1750628650188446, 0.9743916988372803, 0.14111603796482086, 0.5949166417121887, 0.21889358758926392, -0.7734078764915466, -0.7844915986061096, -0.05144273117184639, -0.6180019974708557], "cam_t_m2c": [245.719970703125, 360.8816833496094, 2323.44091796875], "obj_id": 0}, {"cam_R_m2c": [-0.2167971283197403, 0.7858789563179016, -0.5791314244270325, 0.7329866290092468, -0.26078054308891296, -0.6282707452774048, -0.6447709798812866, -0.560702919960022, -0.5195023417472839], "cam_t_m2c": [-107.90996551513672, -306.7627258300781, 2908.315185546875], "obj_id": 2}, {"cam_R_m2c": [0.4049622714519501, -0.12766122817993164, -0.9053773283958435, -0.29164132475852966, -0.9565174579620361, 0.0044251964427530766, -0.866574227809906, 0.26225343346595764, -0.4245847463607788], "cam_t_m2c": [-544.8358764648438, 563.521240234375, 2676.05078125], "obj_id": 2}, {"cam_R_m2c": [-0.24669960141181946, -0.8739255666732788, -0.41880014538764954, 0.9582571983337402, -0.15554405748844147, -0.23989425599575043, 0.14450787007808685, -0.460500031709671, 0.8758180141448975], "cam_t_m2c": [1077.8087158203125, -154.69554138183594, 3569.954345703125], "obj_id": 1}, {"cam_R_m2c": [-0.5536143779754639, -0.5647681355476379, -0.6120033264160156, 0.07918298989534378, -0.7672674059867859, 0.6364203095436096, -0.8290001153945923, 0.30387118458747864, 0.46949028968811035], "cam_t_m2c": [94.61848449707031, -230.8116455078125, 3225.478515625], "obj_id": 1}, {"cam_R_m2c": [0.22375495731830597, -0.6505471467971802, -0.7257562279701233, 0.6743234992027283, 0.6409770250320435, -0.36665552854537964, 0.7037197947502136, -0.4073535203933716, 0.5821009874343872], "cam_t_m2c": [-292.5343017578125, -556.034912109375, 3525.391357421875], "obj_id": 2}, {"cam_R_m2c": [-0.6612473726272583, -0.7372568845748901, 0.13857905566692352, 0.7045624852180481, -0.6737868785858154, -0.2227170467376709, 0.2575724422931671, -0.049633465707302094, 0.9649834036827087], "cam_t_m2c": [418.5088806152344, 177.59632873535156, 2852.556884765625], "obj_id": 1}, {"cam_R_m2c": [-0.3087739050388336, -0.49567756056785583, 0.8117649555206299, 0.4838540256023407, 0.652923583984375, 0.5827315449714661, -0.8188674449920654, 0.5727080702781677, 0.03822983056306839], "cam_t_m2c": [188.24435424804688, 736.6296997070312, 2388.2265625], "obj_id": 0}, {"cam_R_m2c": [0.49129101634025574, 0.4876062572002411, -0.7217154502868652, -0.7641410827636719, 0.6389517188072205, -0.08848195523023605, 0.41799694299697876, 0.5949628353118896, 0.6865112781524658], "cam_t_m2c": [461.315673828125, 33.25105667114258, 3677.237060546875], "obj_id": 0}, {"cam_R_m2c": [-0.3067435026168823, -0.368198424577713, 0.8776891827583313, -0.6384813785552979, -0.6042788028717041, -0.4766431152820587, 0.7058682441711426, -0.7065953612327576, -0.04972923919558525], "cam_t_m2c": [541.8143310546875, 25.571643829345703, 2676.27392578125], "obj_id": 2}, {"cam_R_m2c": [0.15500682592391968, -0.31594085693359375, 0.9360311627388, -0.7105742692947388, 0.6225919723510742, 0.3278161585330963, -0.6863360404968262, -0.7159334421157837, -0.12799343466758728], "cam_t_m2c": [835.6754150390625, -320.6191101074219, 2576.156982421875], "obj_id": 0}, {"cam_R_m2c": [0.10175620764493942, -0.8998569250106812, 0.42414966225624084, -0.5909252166748047, -0.3976658582687378, -0.7019038200378418, 0.8002830147743225, -0.17921775579452515, -0.5722130537033081], "cam_t_m2c": [-649.4397583007812, -292.0689697265625, 3048.400634765625], "obj_id": 0}, {"cam_R_m2c": [0.6299993395805359, 0.7225944399833679, -0.28453144431114197, -0.7450748085975647, 0.6657227873802185, 0.04094783589243889, 0.21900774538516998, 0.1862000972032547, 0.957791805267334], "cam_t_m2c": [1107.2471923828125, -611.11376953125, 3413.391357421875], "obj_id": 0}, {"cam_R_m2c": [0.1791515052318573, -0.06575047969818115, -0.9816219210624695, 0.3693879544734955, 0.9292609095573425, 0.005172109231352806, 0.9118427634239197, -0.3635258972644806, 0.19076593220233917], "cam_t_m2c": [323.9708251953125, -226.07835388183594, 3542.495361328125], "obj_id": 2}, {"cam_R_m2c": [0.5398725271224976, 0.8009231686592102, 0.2589588761329651, -0.4525948762893677, 0.016814054921269417, 0.8915576934814453, 0.7097151279449463, -0.5985309481620789, 0.3715711832046509], "cam_t_m2c": [564.8831176757812, 66.24588012695312, 3639.17138671875], "obj_id": 1}, {"cam_R_m2c": [-0.6531591415405273, -0.6203504800796509, 0.4342217445373535, 0.2819189131259918, 0.33299532532691956, 0.8997976779937744, -0.7027837038040161, 0.7101263403892517, -0.04261040687561035], "cam_t_m2c": [385.1442565917969, 165.68780517578125, 2167.036376953125], "obj_id": 0}, {"cam_R_m2c": [0.6589640378952026, 0.3915102779865265, 0.6422507762908936, -0.19321414828300476, 0.9133137464523315, -0.35850563645362854, -0.7269351482391357, 0.11215038597583771, 0.6774862408638], "cam_t_m2c": [-215.4723663330078, -30.887737274169922, 2724.065185546875], "obj_id": 1}, {"cam_R_m2c": [0.5626623034477234, -0.8206323385238647, 0.09986793994903564, -0.6764612793922424, -0.3876021206378937, 0.6262304186820984, -0.4751959443092346, -0.41991305351257324, -0.773215115070343], "cam_t_m2c": [-275.9610900878906, -291.8837585449219, 3862.58447265625], "obj_id": 0}, {"cam_R_m2c": [0.9149883389472961, 0.39427196979522705, 0.08570855855941772, 0.2540120780467987, -0.3978431820869446, -0.8815887570381165, -0.31348717212677, 0.8284144401550293, -0.46417170763015747], "cam_t_m2c": [6.571397304534912, 12.708430290222168, 2839.4677734375], "obj_id": 1}, {"cam_R_m2c": [-0.7142006754875183, 0.017417728900909424, -0.6997243165969849, 0.5994865894317627, -0.5007960200309753, -0.6243550777435303, -0.3612939715385437, -0.8653901219367981, 0.3472270965576172], "cam_t_m2c": [25.912677764892578, -253.24302673339844, 3891.314208984375], "obj_id": 2}, {"cam_R_m2c": [-0.4032626748085022, -0.9022509455680847, 0.1527162492275238, 0.661921501159668, -0.4028409421443939, -0.6321225166320801, 0.6318535804748535, -0.1538253128528595, 0.7596701979637146], "cam_t_m2c": [1022.8629150390625, -114.12844848632812, 3666.080078125], "obj_id": 2}, {"cam_R_m2c": [-0.23824195563793182, 0.7720344662666321, -0.5892397165298462, 0.22309450805187225, -0.5469823479652405, -0.8068698644638062, -0.9452351331710815, -0.3236864507198334, -0.041922394186258316], "cam_t_m2c": [-174.3433380126953, -209.08799743652344, 3848.850341796875], "obj_id": 2}, {"cam_R_m2c": [0.8083489537239075, -0.5365505218505859, -0.24225090444087982, -0.5625510811805725, -0.8252958655357361, -0.04922439157962799, -0.17351730167865753, 0.1760689914226532, -0.968964159488678], "cam_t_m2c": [193.4933624267578, -276.8381652832031, 2485.8857421875], "obj_id": 2}, {"cam_R_m2c": [0.054206542670726776, -0.9826722741127014, -0.17724715173244476, -0.9892990589141846, -0.07693246752023697, 0.12396933883428574, -0.1354573369026184, 0.16863054037094116, -0.9763270020484924], "cam_t_m2c": [135.78298950195312, -380.0561828613281, 3453.2509765625], "obj_id": 0}, {"cam_R_m2c": [0.2235603928565979, -0.967839777469635, 0.11535534262657166, -0.023363802582025528, -0.12363795936107635, -0.9920523166656494, 0.9744099974632263, 0.21908845007419586, -0.050252947956323624], "cam_t_m2c": [-109.04557800292969, -1.348540186882019, 3839.61962890625], "obj_id": 2}, {"cam_R_m2c": [0.5328701138496399, 0.3508718013763428, 0.7700248956680298, -0.8103883266448975, -0.05031415820121765, 0.583728551864624, 0.2435571402311325, -0.9350707530975342, 0.2575315833091736], "cam_t_m2c": [645.8568725585938, -459.398193359375, 2899.409423828125], "obj_id": 0}, {"cam_R_m2c": [0.9313725829124451, 0.09579838812351227, -0.351237416267395, -0.20202988386154175, 0.9385824799537659, -0.27972647547721863, 0.30286794900894165, 0.33149003982543945, 0.8935241103172302], "cam_t_m2c": [503.44354248046875, -150.30711364746094, 3252.57470703125], "obj_id": 2}, {"cam_R_m2c": [0.8188673257827759, -0.19090361893177032, -0.5413058400154114, -0.3314979672431946, 0.6125933527946472, -0.7175224423408508, 0.4685779809951782, 0.7669974565505981, 0.43834853172302246], "cam_t_m2c": [252.2334442138672, -321.9086608886719, 3880.703125], "obj_id": 2}, {"cam_R_m2c": [-0.3741758167743683, 0.9188995957374573, 0.12496387213468552, 0.17575718462467194, 0.2025790959596634, -0.9633644819259644, -0.9105502963066101, -0.3385044038295746, -0.23730340600013733], "cam_t_m2c": [340.0811767578125, -490.0781555175781, 3019.05224609375], "obj_id": 0}, {"cam_R_m2c": [0.8600260019302368, -0.24988198280334473, -0.4448756277561188, 0.28333544731140137, 0.9589777588844299, 0.009091469459235668, 0.42435401678085327, -0.13386793434619904, 0.8955461978912354], "cam_t_m2c": [-298.5591125488281, -414.5577087402344, 3804.068115234375], "obj_id": 2}, {"cam_R_m2c": [0.9281661510467529, -0.37087664008140564, -0.03095378167927265, 0.2683349847793579, 0.609265148639679, 0.7461851835250854, -0.25788357853889465, -0.7008898258209229, 0.6650184392929077], "cam_t_m2c": [685.9880981445312, -327.6018981933594, 3023.49169921875], "obj_id": 2}, {"cam_R_m2c": [0.4253365397453308, -0.9036586880683899, 0.04989802837371826, 0.2265021950006485, 0.05290738120675087, -0.9725726246833801, 0.8762337565422058, 0.42497268319129944, 0.22718411684036255], "cam_t_m2c": [178.4317626953125, -378.02056884765625, 2846.12841796875], "obj_id": 0}, {"cam_R_m2c": [0.04065985232591629, 0.5452399253845215, 0.8372933864593506, 0.3522935211658478, -0.7919936776161194, 0.49863335490226746, 0.9350059032440186, 0.2746986746788025, -0.22428682446479797], "cam_t_m2c": [-26.932518005371094, -76.50534057617188, 3759.359375], "obj_id": 1}, {"cam_R_m2c": [-0.2716980278491974, 0.3875255286693573, -0.8809109926223755, -0.03323906287550926, -0.9185764193534851, -0.39384323358535767, -0.9618083834648132, -0.07772577553987503, 0.26245638728141785], "cam_t_m2c": [534.313720703125, 539.943359375, 2406.834228515625], "obj_id": 1}, {"cam_R_m2c": [0.49336832761764526, -0.488086462020874, 0.7199717164039612, -0.005171285010874271, 0.8260639905929565, 0.5635526180267334, -0.869805097579956, -0.28176215291023254, 0.4050297439098358], "cam_t_m2c": [-917.7850952148438, 223.60475158691406, 2673.858154296875], "obj_id": 1}, {"cam_R_m2c": [-0.28284865617752075, 0.06966480612754822, -0.9566311836242676, 0.4534749686717987, -0.8691397905349731, -0.19737312197685242, -0.8451963663101196, -0.48963508009910583, 0.21424397826194763], "cam_t_m2c": [263.64056396484375, 416.1233215332031, 2510.26806640625], "obj_id": 1}, {"cam_R_m2c": [0.9083911776542664, 0.1699531376361847, 0.3820227086544037, -0.12741707265377045, 0.982726514339447, -0.13421428203582764, -0.39823397994041443, 0.07324285060167313, 0.9143550395965576], "cam_t_m2c": [1005.3291015625, -250.46182250976562, 3494.4150390625], "obj_id": 0}, {"cam_R_m2c": [-0.6044247150421143, -0.7382224202156067, -0.2994968295097351, -0.5309418439865112, 0.6535531878471375, -0.5394154191017151, 0.5939456820487976, -0.16702060401439667, -0.7869768738746643], "cam_t_m2c": [-226.33470153808594, 336.3455810546875, 2797.69775390625], "obj_id": 2}, {"cam_R_m2c": [-0.6937751770019531, 0.6559813022613525, -0.29726141691207886, -0.6922115683555603, -0.7213014960289001, 0.023813866078853607, -0.1987936943769455, 0.2222892791032791, 0.9544991254806519], "cam_t_m2c": [-226.24560546875, -0.33754482865333557, 2929.86767578125], "obj_id": 0}, {"cam_R_m2c": [-0.39265164732933044, 0.20435084402561188, 0.8966968655586243, 0.6716821789741516, -0.6022917032241821, 0.43137872219085693, 0.6282258033752441, 0.7716768980026245, 0.09923210740089417], "cam_t_m2c": [529.420654296875, -461.6579895019531, 3382.380126953125], "obj_id": 0}, {"cam_R_m2c": [0.6809383630752563, 0.15149934589862823, 0.7164990901947021, -0.6921108961105347, 0.4529339373111725, 0.5619905591011047, -0.23938557505607605, -0.8785777688026428, 0.4132744371891022], "cam_t_m2c": [760.611328125, -247.58486938476562, 2950.486083984375], "obj_id": 0}, {"cam_R_m2c": [-0.9244314432144165, 0.02966137044131756, 0.3801928162574768, 0.18839044868946075, -0.8313004374504089, 0.5229229927062988, 0.33156511187553406, 0.5550311803817749, 0.762892484664917], "cam_t_m2c": [-210.60610961914062, 160.67449951171875, 2696.275634765625], "obj_id": 1}, {"cam_R_m2c": [-0.0005170363001525402, -0.6818090677261353, -0.7315300107002258, 0.4383743107318878, -0.6576482653617859, 0.6126390695571899, -0.8987923264503479, -0.3203671872615814, 0.29922765493392944], "cam_t_m2c": [922.2860717773438, -39.33513259887695, 3061.450927734375], "obj_id": 0}, {"cam_R_m2c": [0.4212181568145752, -0.11634405702352524, 0.8994660973548889, 0.17414160072803497, -0.9629106521606445, -0.20610062777996063, 0.8900842070579529, 0.24344779551029205, -0.3853350281715393], "cam_t_m2c": [222.72743225097656, 111.40831756591797, 2370.99853515625], "obj_id": 0}, {"cam_R_m2c": [-0.5318111181259155, -0.8457469344139099, -0.04346108436584473, -0.8468452095985413, 0.5307676196098328, 0.03374742344021797, -0.005474047269672155, 0.05475207418203354, -0.9984849095344543], "cam_t_m2c": [-336.51190185546875, 300.1355895996094, 2880.640869140625], "obj_id": 1}, {"cam_R_m2c": [-0.5250841975212097, 0.5794140696525574, -0.6233504414558411, 0.5413669347763062, -0.3377475142478943, -0.7699664235115051, -0.6566644906997681, -0.7417585849761963, -0.13632963597774506], "cam_t_m2c": [-415.8555603027344, -142.73219299316406, 2446.435302734375], "obj_id": 0}, {"cam_R_m2c": [0.012234881520271301, 0.48104092478752136, -0.8766128420829773, 0.26215052604675293, -0.8475568890571594, -0.4614376127719879, -0.9649494886398315, -0.22415883839130402, -0.13647501170635223], "cam_t_m2c": [301.46124267578125, -330.98699951171875, 2874.73095703125], "obj_id": 2}, {"cam_R_m2c": [-0.3571532666683197, -0.24363544583320618, -0.9017113447189331, 0.9339661598205566, -0.10576067864894867, -0.3413531482219696, -0.012199848890304565, -0.9640832543373108, 0.26531997323036194], "cam_t_m2c": [725.4043579101562, -230.44696044921875, 2780.510498046875], "obj_id": 2}, {"cam_R_m2c": [-0.12081049382686615, 0.24045495688915253, -0.9631127119064331, 0.9289031028747559, 0.3695272207260132, -0.024261608719825745, 0.3500624895095825, -0.897569477558136, -0.26800209283828735], "cam_t_m2c": [-588.9755859375, 81.09736633300781, 2591.787353515625], "obj_id": 1}, {"cam_R_m2c": [-0.874861478805542, 0.4699000120162964, 0.11752178519964218, 0.1214778870344162, 0.4477262794971466, -0.8858805298805237, -0.4688928723335266, -0.760746419429779, -0.44878092408180237], "cam_t_m2c": [-770.042724609375, 194.5072479248047, 2629.882568359375], "obj_id": 0}, {"cam_R_m2c": [-0.20802165567874908, -0.10920192301273346, -0.9720091819763184, -0.9621288776397705, 0.20182615518569946, 0.18323269486427307, 0.17616748809814453, 0.9733144640922546, -0.14705049991607666], "cam_t_m2c": [-285.3112487792969, -147.0619354248047, 2250.7705078125], "obj_id": 2}, {"cam_R_m2c": [-0.5971841216087341, 0.7251451015472412, 0.3428345322608948, -0.6193932890892029, -0.6884738206863403, 0.37730029225349426, 0.5096300840377808, 0.012968347407877445, 0.860295832157135], "cam_t_m2c": [45.24838638305664, 283.9495849609375, 2992.105224609375], "obj_id": 2}, {"cam_R_m2c": [0.3034670054912567, 0.49252983927726746, 0.815672755241394, 0.8344590663909912, -0.5506292581558228, 0.02203161083161831, 0.45998454093933105, 0.6739596724510193, -0.5780937671661377], "cam_t_m2c": [-315.6619567871094, -101.1412124633789, 2614.240234375], "obj_id": 2}, {"cam_R_m2c": [-0.7688580751419067, -0.4934825897216797, -0.4066103994846344, 0.6257042288780212, -0.7116521000862122, -0.31944540143013, -0.13172441720962524, -0.5000260472297668, 0.8559337854385376], "cam_t_m2c": [-264.88714599609375, 397.3979797363281, 2429.24658203125], "obj_id": 0}, {"cam_R_m2c": [0.07700005918741226, -0.6160278916358948, 0.7839518785476685, -0.43198320269584656, 0.6880388855934143, 0.5830891728401184, -0.8985885977745056, -0.3835519552230835, -0.21313467621803284], "cam_t_m2c": [-938.5088500976562, 258.2937927246094, 2550.77490234375], "obj_id": 0}, {"cam_R_m2c": [-0.12248348444700241, 0.024924468249082565, 0.992157518863678, -0.7600449323654175, 0.640507161617279, -0.10991931706666946, -0.6382236480712891, -0.767547607421875, -0.059507817029953], "cam_t_m2c": [907.0042114257812, -0.9364113211631775, 3852.797119140625], "obj_id": 0}, {"cam_R_m2c": [-0.011522616259753704, -0.797733724117279, 0.6028996706008911, -0.8007325530052185, -0.3537699282169342, -0.4833984673023224, 0.5989111065864563, -0.48833146691322327, -0.6346949934959412], "cam_t_m2c": [104.51221466064453, 236.00367736816406, 3432.2177734375], "obj_id": 1}]
}