{
  "0": [{"cam_R_m2c": [-0.7269075512886047, 0.39480167627334595, -0.5619049072265625, -0.2724086344242096, 0.5853314995765686, 0.7636626362800598, 0.6303958892822266, 0.7081798315048218, -0.317934513092041], "cam_t_m2c": [205.58514404296875, 534.6929931640625, 2865.26611328125], "obj_id": 0}, {"cam_R_m2c": [0.54056316614151, -0.6335582733154297, 0.5535298585891724, -0.5466739535331726, 0.2355908900499344, 0.8035199642181396, -0.6394833326339722, -0.7369536757469177, -0.21899805963039398], "cam_t_m2c": [-859.419921875, 383.68096923828125, 3104.388671875], "obj_id": 2}, {"cam_R_m2c": [-0.29585930705070496, 0.9492149949073792, -0.10704275965690613, -0.6624749898910522, -0.2846243679523468, -0.6929039359092712, -0.6881817579269409, -0.134088933467865, 0.7130399346351624], "cam_t_m2c": [-319.0422668457031, 199.20558166503906, 2181.117431640625], "obj_id": 0}, {"cam_R_m2c": [0.34135255217552185, 0.13651497662067413, -0.9299688339233398, 0.5511904358863831, -0.8304961323738098, 0.08040598779916763, -0.7613589763641357, -0.5400367379188538, -0.35873767733573914], "cam_t_m2c": [804.572509765625, 341.47833251953125, 3315.902587890625], "obj_id": 0}, {"cam_R_m2c": [0.10392551869153976, 0.9807068109512329, 0.16557034850120544, -0.6583395004272461, 0.19261334836483002, -0.727660059928894, -0.7455122470855713, -0.03337908908724785, 0.6656554937362671], "cam_t_m2c": [440.9942626953125, 211.52174377441406, 2972.058349609375], "obj_id": 0}, {"cam_R_m2c": [-0.7958763241767883, -0.401606023311615, 0.4530932605266571, 0.5632140040397644, -0.7657101154327393, 0.3106091320514679, 0.2221955955028534, 0.5023949146270752, 0.8356006741523743], "cam_t_m2c": [1010.4253540039062, -288.1335754394531, 3273.92578125], "obj_id": 2}, {"cam_R_m2c": [0.9646469354629517, -0.22811931371688843, -0.13197675347328186, 0.00893581286072731, 0.5287967920303345, -0.8487014174461365, 0.2633940577507019, 0.8175179362297058, 0.5121406316757202], "cam_t_m2c": [-733.777587890625, 594.6901245117188, 2788.17919921875], "obj_id": 1}, {"cam_R_m2c": [-0.3253801465034485, -0.1518264263868332, 0.9333147406578064, 0.07912226021289825, 0.9791924357414246, 0.18687383830547333, -0.942267119884491, 0.13465102016925812, -0.30659693479537964], "cam_t_m2c": [-719.9326171875, -28.621122360229492, 3754.6640625], "obj_id": 1}, {"cam_R_m2c": [-0.17835469543933868, 0.2590976655483246, -0.9492406845092773, 0.5507138967514038, 0.8257428407669067, 0.121913842856884, 0.8154162764549255, -0.5010161399841309, -0.2899637818336487], "cam_t_m2c": [-250.0762939453125, 72.91854858398438, 3560.6943359375], "obj_id": 2}, {"cam_R_m2c": [-0.3620665669441223, 0.66900235414505, 0.6491098403930664, 0.2767455279827118, 0.7421064972877502, -0.6104832887649536, -0.8901233673095703, -0.041397348046302795, -0.4538353383541107], "cam_t_m2c": [359.69110107421875, 365.50213623046875, 3580.97607421875], "obj_id": 0}, {"cam_R_m2c": [-0.9966560006141663, 0.054241202771663666, -0.06111058592796326, -0.04966298118233681, -0.9960135817527771, -0.07409632205963135, -0.06488605588674545, -0.0708136186003685, 0.9953769445419312], "cam_t_m2c": [-484.9784851074219, 654.8241577148438, 2903.414794921875], "obj_id": 1}, {"cam_R_m2c": [-0.20245812833309174, 0.9639806747436523, 0.17248667776584625, 0.5400891304016113, 0.2568379044532776, -0.801459789276123, -0.8168929815292358, -0.06910399347543716, -0.5726343393325806], "cam_t_m2c": [-271.53375244140625, -203.12168884277344, 3303.8984375], "obj_id": 1}, {"cam_R_m2c": [0.23230302333831787, 0.566232442855835, 0.7908325791358948, 0.19096623361110687, -0.8238022327423096, 0.5337432026863098, 0.9537123441696167, 0.02703215181827545, -0.29950302839279175], "cam_t_m2c": [50.52041244506836, -247.87664794921875, 3705.234619140625], "obj_id": 1}, {"cam_R_m2c": [-0.2888379395008087, 0.8881851434707642, 0.35735100507736206, -0.8572956919670105, -0.0737982839345932, -0.509507417678833, -0.42616501450538635, -0.45352059602737427, 0.7827531099319458], "cam_t_m2c": [-394.9908447265625, 455.9369201660156, 2465.016357421875], "obj_id": 2}, {"cam_R_m2c": [0.7489665150642395, 0.6339589357376099, 0.19273100793361664, -0.5855603218078613, 0.49712973833084106, 0.6402977108955383, 0.3101101219654083, -0.5924171805381775, 0.7435547113418579], "cam_t_m2c": [-934.8959350585938, 100.39282989501953, 2617.216552734375], "obj_id": 0}, {"cam_R_m2c": [-0.9437492489814758, 0.32078418135643005, -0.08021683245897293, -0.3236718475818634, -0.8465856313705444, 0.4225270748138428, 0.06762957572937012, 0.4247235655784607, 0.9027935266494751], "cam_t_m2c": [424.0952453613281, -272.0123596191406, 3314.00390625], "obj_id": 1}, {"cam_R_m2c": [-0.2211204320192337, -0.32259035110473633, 0.9203483462333679, 0.9681311249732971, 0.041180409491062164, 0.2470347285270691, -0.11759129911661148, 0.9456424117088318, 0.3032039999961853], "cam_t_m2c": [-41.30862808227539, 132.4800262451172, 2518.857666015625], "obj_id": 0}, {"cam_R_m2c": [-0.12341411411762238, 0.9883489608764648, -0.08908006548881531, 0.9127486348152161, 0.14828293025493622, 0.38066017627716064, 0.3894341289997101, -0.034328874200582504, -0.920414388179779], "cam_t_m2c": [-152.58233642578125, 311.75982666015625, 3191.08203125], "obj_id": 1}, {"cam_R_m2c": [-0.9389581680297852, -0.26156678795814514, -0.22347348928451538, 0.06295623630285263, -0.7692427039146423, 0.6358476281166077, -0.3382219672203064, 0.5829652547836304, 0.7387539744377136], "cam_t_m2c": [652.5527954101562, 265.2746276855469, 2869.951416015625], "obj_id": 2}, {"cam_R_m2c": [0.549324631690979, -0.8199589252471924, 0.16096526384353638, -0.36844873428344727, -0.41057470440864563, -0.8340706825256348, 0.7499919533729553, 0.3988681733608246, -0.5276516079902649], "cam_t_m2c": [-33.77028274536133, 38.440189361572266, 4003.164794921875], "obj_id": 0}, {"cam_R_m2c": [-0.14044272899627686, 0.5447761416435242, -0.8267374038696289, 0.8553197979927063, 0.487348735332489, 0.17583878338336945, 0.49870219826698303, -0.6824295520782471, -0.5344024300575256], "cam_t_m2c": [233.27481079101562, 710.8660888671875, 2655.024169921875], "obj_id": 1}, {"cam_R_m2c": [0.2589356005191803, -0.8457042574882507, -0.466622531414032, 0.006458130199462175, -0.48157209157943726, 0.87638258934021, -0.9658729434013367, -0.22994013130664825, -0.11923443526029587], "cam_t_m2c": [113.76786041259766, 27.620935440063477, 3422.3369140625], "obj_id": 2}, {"cam_R_m2c": [-0.9964287877082825, -0.002411544555798173, -0.08440274000167847, -0.07839038968086243, 0.3978832960128784, 0.9140808582305908, 0.03137809410691261, 0.9174328446388245, -0.39665141701698303], "cam_t_m2c": [959.1839599609375, 46.45450973510742, 3589.718017578125], "obj_id": 0}, {"cam_R_m2c": [0.38135451078414917, 0.8385056853294373, 0.3892003893852234, 0.7397792935371399, -0.5292819738388062, 0.41543594002723694, 0.5543422102928162, 0.12949404120445251, -0.8221532106399536], "cam_t_m2c": [-354.8817443847656, 389.4057922363281, 2907.549072265625], "obj_id": 0}, {"cam_R_m2c": [-0.1984996497631073, 0.8074061274528503, 0.5556013584136963, 0.9674117565155029, 0.07048340886831284, 0.24320024251937866, 0.15720078349113464, 0.5857705473899841, -0.795085072517395], "cam_t_m2c": [125.94202423095703, 80.42898559570312, 3072.50537109375], "obj_id": 1}, {"cam_R_m2c": [0.41944000124931335, -0.3962959945201874, 0.8167125582695007, 0.05244161933660507, 0.9087536931037903, 0.41402485966682434, -0.906266987323761, -0.1308288276195526, 0.40195006132125854], "cam_t_m2c": [-77.79443359375, 134.83273315429688, 3582.698486328125], "obj_id": 2}, {"cam_R_m2c": [0.6043903827667236, 0.7962870001792908, 0.02528153546154499, -0.37060022354125977, 0.30909720063209534, -0.8758506178855896, -0.7052429914474487, 0.5199863314628601, 0.4819195866584778], "cam_t_m2c": [-73.6788101196289, 228.45587158203125, 3851.2197265625], "obj_id": 1}, {"cam_R_m2c": [0.2465813308954239, 0.8216767907142639, 0.5138530135154724, -0.42873355746269226, 0.5680064558982849, -0.7025355696678162, -0.8691290020942688, -0.047073859721422195, 0.49234020709991455], "cam_t_m2c": [770.397216796875, -8.177712440490723, 2866.89013671875], "obj_id": 2}, {"cam_R_m2c": [0.9389463067054749, -0.09549012035131454, 0.3305472433567047, -0.14691931009292603, 0.7574471831321716, 0.6361513137817383, -0.3111182153224945, -0.6458756923675537, 0.6971728801727295], "cam_t_m2c": [-518.9647827148438, 441.9197998046875, 3478.218017578125], "obj_id": 0}, {"cam_R_m2c": [-0.2835555076599121, -0.6970112323760986, -0.6586132645606995, -0.2881990373134613, -0.5931119918823242, 0.7517707347869873, -0.9146242141723633, 0.4029805362224579, -0.032697681337594986], "cam_t_m2c": [588.3780517578125, 325.7948913574219, 2340.90283203125], "obj_id": 1}, {"cam_R_m2c": [-0.5733163356781006, 0.7129913568496704, 0.40367263555526733, -0.746133029460907, -0.6578893065452576, 0.10230853408575058, 0.33851704001426697, -0.24253833293914795, 0.9091652035713196], "cam_t_m2c": [383.39556884765625, -198.92626953125, 2830.114990234375], "obj_id": 1}, {"cam_R_m2c": [0.24063387513160706, 0.9705990552902222, 0.0057231588289141655, -0.665740966796875, 0.1607559770345688, 0.7286607027053833, 0.7063174247741699, -0.17915058135986328, 0.6848509311676025], "cam_t_m2c": [-628.9768676757812, 474.6578674316406, 3299.5078125], "obj_id": 2}, {"cam_R_m2c": [0.6861937642097473, 0.6984471678733826, 0.2032477855682373, 0.568123459815979, -0.3400859236717224, -0.7493846416473389, -0.45428383350372314, 0.6296929121017456, -0.6301690936088562], "cam_t_m2c": [254.29188537597656, 809.7903442382812, 2312.177978515625], "obj_id": 0}, {"cam_R_m2c": [0.9060297608375549, -0.37991753220558167, -0.1864745318889618, 0.4228876829147339, 0.7954134941101074, 0.4341467022895813, -0.01661558821797371, -0.47220760583877563, 0.8813307285308838], "cam_t_m2c": [-117.95824432373047, 267.2784729003906, 2220.375244140625], "obj_id": 0}, {"cam_R_m2c": [-0.9357790946960449, 0.10603408515453339, 0.3362649083137512, -0.3499247133731842, -0.3962632715702057, -0.8488391637802124, 0.043243568390607834, -0.9119934439659119, 0.4079189598560333], "cam_t_m2c": [495.1634216308594, 125.75462341308594, 3332.057373046875], "obj_id": 0}, {"cam_R_m2c": [-0.07947730273008347, -0.7726719379425049, 0.6298105120658875, 0.8551286458969116, -0.37754201889038086, -0.35526999831199646, 0.5122871994972229, 0.5103331208229065, 0.6907401084899902], "cam_t_m2c": [47.39836502075195, 10.905717849731445, 3026.134033203125], "obj_id": 1}, {"cam_R_m2c": [-0.3558014929294586, 0.6250328421592712, 0.6947943568229675, 0.8561089038848877, 0.5161454081535339, -0.025911245495080948, -0.3748103082180023, 0.5856004357337952, -0.7187414765357971], "cam_t_m2c": [675.3145751953125, 492.4766845703125, 3377.569580078125], "obj_id": 2}, {"cam_R_m2c": [-0.40357664227485657, -0.9049046039581299, -0.13517983257770538, 0.3948977291584015, -0.30555135011672974, 0.8664261102676392, -0.8253373503684998, 0.2962871193885803, 0.4806581437587738], "cam_t_m2c": [-694.541748046875, 734.1860961914062, 2554.8955078125], "obj_id": 0}, {"cam_R_m2c": [0.88030606508255, -0.3270961344242096, 0.3436121940612793, 0.472856730222702, 0.6634674668312073, -0.5798425674438477, -0.03831123560667038, 0.6729183197021484, 0.7387240529060364], "cam_t_m2c": [115.78271484375, -297.5461730957031, 3376.147705078125], "obj_id": 1}, {"cam_R_m2c": [-0.26726216077804565, -0.14267979562282562, -0.9530022144317627, -0.9621964693069458, -0.014293543994426727, 0.2719806730747223, -0.0524279959499836, 0.9896656274795532, -0.13346579670906067], "cam_t_m2c": [901.2745361328125, 291.6182556152344, 3389.03125], "obj_id": 0}, {"cam_R_m2c": [0.9641091227531433, -0.25335800647735596, 0.07939346879720688, 0.26304396986961365, 0.9520943760871887, -0.1559619903564453, -0.036075860261917114, 0.17124834656715393, 0.9845671653747559], "cam_t_m2c": [25.31211280822754, 148.70220947265625, 2218.8466796875], "obj_id": 2}, {"cam_R_m2c": [0.2786264717578888, -0.6177246570587158, -0.7353798747062683, 0.153509259223938, 0.7845024466514587, -0.6008251905441284, 0.9480518102645874, 0.054518189281225204, 0.31340959668159485], "cam_t_m2c": [-69.72991180419922, -567.1673583984375, 3762.233642578125], "obj_id": 1}, {"cam_R_m2c": [0.9041089415550232, 0.41891559958457947, 0.08424220979213715, -0.0749952420592308, 0.3496536314487457, -0.9338725805282593, -0.42066940665245056, 0.8380048274993896, 0.3475416600704193], "cam_t_m2c": [-709.1903076171875, 223.78794860839844, 3213.792236328125], "obj_id": 1}, {"cam_R_m2c": [0.029761075973510742, -0.941317617893219, 0.33620724081993103, 0.6290798187255859, 0.2790265679359436, 0.7255361080169678, -0.7767707109451294, 0.18990851938724518, 0.600468099117279], "cam_t_m2c": [-700.2794799804688, -324.7961730957031, 3738.125], "obj_id": 1}, {"cam_R_m2c": [0.8585096597671509, 0.3792710304260254, -0.3451298773288727, -0.508844792842865, 0.5466671586036682, -0.6650052070617676, -0.06354605406522751, 0.7465309500694275, 0.6623091101646423], "cam_t_m2c": [593.1566162109375, 265.1660461425781, 3195.969970703125], "obj_id": 1}, {"cam_R_m2c": [-0.14485371112823486, 0.6140471696853638, 0.7758630514144897, -0.7831372618675232, -0.550403892993927, 0.2893984913825989, 0.6047423481941223, -0.565686821937561, 0.5606113076210022], "cam_t_m2c": [1066.1632080078125, -44.98131561279297, 3577.055908203125], "obj_id": 2}, {"cam_R_m2c": [-0.16328205168247223, 0.9485689401626587, -0.2712119519710541, -0.4120163023471832, -0.315343976020813, -0.8548688292503357, -0.8964270949363708, -0.02784099616110325, 0.44231587648391724], "cam_t_m2c": [361.79962158203125, 112.68718719482422, 2562.314453125], "obj_id": 0}, {"cam_R_m2c": [0.7972458600997925, -0.5747320652008057, 0.1846134513616562, -0.5345017910003662, -0.5299611687660217, 0.6583684086799622, -0.28054746985435486, -0.6235576868057251, -0.7297046184539795], "cam_t_m2c": [430.80279541015625, 386.7010803222656, 3003.5400390625], "obj_id": 1}, {"cam_R_m2c": [0.941393256187439, -0.1486859917640686, -0.30277252197265625, 0.11407648772001266, -0.7043778896331787, 0.7005984783172607, -0.31743547320365906, -0.6940779089927673, -0.6461350321769714], "cam_t_m2c": [-417.23638916015625, 779.1290283203125, 2715.599853515625], "obj_id": 0}, {"cam_R_m2c": [-0.6799563765525818, -0.6916130185127258, 0.2435784935951233, 0.5801695585250854, -0.30430781841278076, 0.7555129528045654, -0.44839978218078613, 0.6550328135490417, 0.6081690788269043], "cam_t_m2c": [377.815673828125, 547.9463500976562, 2403.221923828125], "obj_id": 0}, {"cam_R_m2c": [-0.49927863478660583, -0.8285022974014282, -0.2535841166973114, 0.5298890471458435, -0.06041299179196358, -0.8459124565124512, 0.6855206489562988, -0.5567174553871155, 0.46917715668678284], "cam_t_m2c": [-400.1074523925781, 595.1629028320312, 2602.931884765625], "obj_id": 2}, {"cam_R_m2c": [-0.5105794668197632, 0.4461035430431366, 0.7350510954856873, -0.7704358696937561, -0.6169180274009705, -0.16074995696544647, 0.38175520300865173, -0.6483854055404663, 0.6586799621582031], "cam_t_m2c": [300.1296691894531, -397.146484375, 3479.97216796875], "obj_id": 0}, {"cam_R_m2c": [-0.48371854424476624, -0.5611636638641357, 0.6716485023498535, 0.0054266322404146194, 0.7654644846916199, 0.6434552669525146, -0.8752067685127258, 0.3148960471153259, -0.3672241270542145], "cam_t_m2c": [-561.5172729492188, 173.62881469726562, 3538.20654296875], "obj_id": 2}, {"cam_R_m2c": [0.06526876240968704, 0.8907622694969177, 0.4497581124305725, 0.7245388627052307, 0.2676117420196533, -0.6351591944694519, -0.6861364245414734, 0.36732327938079834, -0.6279252171516418], "cam_t_m2c": [-548.94482421875, -456.1161804199219, 3593.871337890625], "obj_id": 0}, {"cam_R_m2c": [-0.7180638909339905, -0.6928446888923645, 0.06595722585916519, 0.4983885884284973, -0.5780394077301025, -0.6461262106895447, 0.48579102754592896, -0.4310876429080963, 0.7603752613067627], "cam_t_m2c": [442.06463623046875, 425.7210998535156, 1999.281494140625], "obj_id": 2}, {"cam_R_m2c": [0.2910277545452118, 0.7922203540802002, 0.5363669395446777, 0.6998535990715027, 0.20596517622470856, -0.6839466691017151, -0.6523094177246094, 0.5744258165359497, -0.4944966733455658], "cam_t_m2c": [-647.326904296875, -590.195068359375, 3759.604248046875], "obj_id": 2}, {"cam_R_m2c": [0.32884183526039124, -0.012339906767010689, 0.944304347038269, -0.8584545850753784, 0.4128347337245941, 0.30434054136276245, -0.3935971260070801, -0.9107223153114319, 0.12516409158706665], "cam_t_m2c": [679.183349609375, 155.92210388183594, 2684.123046875], "obj_id": 0}, {"cam_R_m2c": [-0.5254050493240356, -0.3362962305545807, 0.7815717458724976, 0.33191463351249695, -0.9268091917037964, -0.17566248774528503, 0.7834425568580627, 0.16712114214897156, 0.5985718965530396], "cam_t_m2c": [-367.4736633300781, 419.46087646484375, 3191.3984375], "obj_id": 1}, {"cam_R_m2c": [0.3559565544128418, -0.4771747291088104, -0.8034917712211609, -0.684181809425354, 0.45259448885917664, -0.5718857645988464, 0.6365454196929932, 0.7533009648323059, -0.16537028551101685], "cam_t_m2c": [-483.0765075683594, 70.81945037841797, 2529.853515625], "obj_id": 1}, {"cam_R_m2c": [-0.8920180201530457, -0.22849243879318237, 0.38999322056770325, -0.4238162338733673, 0.12290779501199722, -0.8973702192306519, 0.15710915625095367, -0.9657559990882874, -0.20647461712360382], "cam_t_m2c": [129.25733947753906, -28.24707794189453, 3754.714599609375], "obj_id": 2}, {"cam_R_m2c": [0.7314315438270569, -0.6788661479949951, -0.06440956890583038, -0.34753477573394775, -0.2898373603820801, -0.8917475938796997, 0.5867090225219727, 0.6746369004249573, -0.4479258060455322], "cam_t_m2c": [312.8162841796875, 194.53955078125, 3980.572021484375], "obj_id": 1}, {"cam_R_m2c": [0.863024115562439, -0.3210162818431854, 0.39004868268966675, -0.15498286485671997, 0.5666326284408569, 0.8092637658119202, -0.48080113530158997, -0.7588649392127991, 0.43926557898521423], "cam_t_m2c": [-243.83558654785156, -507.88336181640625, 3485.996826171875], "obj_id": 1}, {"cam_R_m2c": [-0.35960978269577026, 0.8768807053565979, -0.31899967789649963, 0.9225306510925293, 0.3854300379753113, 0.019513994455337524, 0.14006349444389343, -0.28726959228515625, -0.9475537538528442], "cam_t_m2c": [-168.65843200683594, -111.21271514892578, 3318.413330078125], "obj_id": 0}, {"cam_R_m2c": [0.4860231876373291, -0.8731837868690491, -0.03649059683084488, 0.8235512375831604, 0.4436244070529938, 0.3534979820251465, -0.29248055815696716, -0.20186010003089905, 0.9347232580184937], "cam_t_m2c": [-1042.222412109375, 756.9740600585938, 2730.036865234375], "obj_id": 2}, {"cam_R_m2c": [0.2760333716869354, -0.9609994292259216, -0.016904061660170555, -0.18813928961753845, -0.03677649796009064, -0.9814535975456238, 0.9425546526908875, 0.27409425377845764, -0.1909532994031906], "cam_t_m2c": [-137.53805541992188, -87.67732238769531, 2686.03662109375], "obj_id": 0}, {"cam_R_m2c": [-0.29327672719955444, -0.7927295565605164, -0.5343863368034363, 0.9537971019744873, -0.20445404946804047, -0.22015854716300964, 0.06526875495910645, -0.5742634534835815, 0.8160645961761475], "cam_t_m2c": [-744.5846557617188, 159.6112060546875, 2865.2001953125], "obj_id": 0}, {"cam_R_m2c": [-0.8429898619651794, 0.41699543595314026, 0.3398281931877136, 0.48838919401168823, 0.32848480343818665, 0.8084391355514526, 0.22548700869083405, 0.8474742770195007, -0.48056551814079285], "cam_t_m2c": [736.1852416992188, 49.28938293457031, 3693.647216796875], "obj_id": 2}, {"cam_R_m2c": [-0.5814002156257629, 0.31751561164855957, -0.7491044998168945, 0.64663165807724, 0.7391237020492554, -0.1885831654071808, 0.4938028156757355, -0.5940369963645935, -0.6350423693656921], "cam_t_m2c": [-786.8704833984375, -261.3030090332031, 3250.94677734375], "obj_id": 2}, {"cam_R_m2c": [0.15736620128154755, -0.9865318536758423, -0.04461842030286789, 0.970623791217804, 0.16283950209617615, -0.1771233230829239, 0.1820034384727478, -0.015434480272233486, 0.9831767678260803], "cam_t_m2c": [-340.7275390625, 798.8826904296875, 2675.6875], "obj_id": 1}, {"cam_R_m2c": [-0.49525368213653564, -0.7932657599449158, -0.3541935980319977, 0.5834043622016907, -0.001593547291122377, -0.81218022108078, 0.6437103748321533, -0.6088733673095703, 0.46358397603034973], "cam_t_m2c": [315.3109436035156, 83.0521011352539, 3904.961181640625], "obj_id": 2}, {"cam_R_m2c": [-0.29951807856559753, -0.703349769115448, 0.6446609497070312, 0.8845638632774353, -0.45792075991630554, -0.08862888067960739, 0.3575408160686493, 0.5436978340148926, 0.7593135833740234], "cam_t_m2c": [47.685142517089844, 340.1814270019531, 2984.26171875], "obj_id": 0}, {"cam_R_m2c": [-0.9754575490951538, 0.1308474838733673, 0.1770923137664795, -0.039588797837495804, 0.6869494318962097, -0.7256261110305786, -0.21659982204437256, -0.7148282527923584, -0.6649099588394165], "cam_t_m2c": [705.8328247070312, -416.0174255371094, 3386.1171875], "obj_id": 0}, {"cam_R_m2c": [-0.5125589370727539, -0.3606235384941101, 0.7792521119117737, -0.7725079655647278, 0.5898627042770386, -0.2351454347372055, -0.37485271692276, -0.7225044369697571, -0.5809239149093628], "cam_t_m2c": [-108.8283920288086, 27.693668365478516, 3330.5078125], "obj_id": 2}, {"cam_R_m2c": [-0.8958098292350769, -0.2065504938364029, -0.3935248553752899, 0.4444326162338257, -0.4120638072490692, -0.7954138517379761, 0.0021357827354222536, -0.8874347805976868, 0.46092846989631653], "cam_t_m2c": [-105.42903900146484, -211.1979522705078, 3041.07470703125], "obj_id": 1}, {"cam_R_m2c": [0.5672689080238342, -0.10383844375610352, -0.8169599771499634, -0.4457938075065613, 0.7953881025314331, -0.41064050793647766, 0.6924405694007874, 0.597139298915863, 0.4049084186553955], "cam_t_m2c": [-244.08262634277344, 293.03607177734375, 2173.941650390625], "obj_id": 1}, {"cam_R_m2c": [-0.39216887950897217, -0.1076032891869545, 0.9135782718658447, 0.9198829531669617, -0.04116162285208702, 0.39002713561058044, -0.0043638781644403934, 0.9933415055274963, 0.1151246726512909], "cam_t_m2c": [-232.43136596679688, -203.5274200439453, 3969.440673828125], "obj_id": 2}, {"cam_R_m2c": [-0.05919811129570007, 0.6465470194816589, 0.7605738639831543, -0.9810994863510132, 0.10292761027812958, -0.16385886073112488, -0.18422651290893555, -0.7558987736701965, 0.628233790397644], "cam_t_m2c": [247.453125, 530.1566772460938, 2699.95458984375], "obj_id": 1}, {"cam_R_m2c": [0.4224435091018677, -0.8937290906906128, -0.15096339583396912, 0.0861629843711853, -0.12620322406291962, 0.988255500793457, -0.9022846221923828, -0.43048959970474243, 0.023692568764090538], "cam_t_m2c": [-463.60150146484375, 327.8100891113281, 3100.58740234375], "obj_id": 1}, {"cam_R_m2c": [0.07304047793149948, -0.815849781036377, 0.5736323595046997, -0.8853583335876465, 0.21174629032611847, 0.4138889014720917, -0.4591357111930847, -0.5381008386611938, -0.7068533897399902], "cam_t_m2c": [195.3787841796875, 460.1894836425781, 3450.586669921875], "obj_id": 0}, {"cam_R_m2c": [0.32748642563819885, -0.2800065577030182, 0.9024128317832947, 0.1999455839395523, 0.9539875388145447, 0.22344908118247986, -0.9234578609466553, 0.1072569265961647, 0.3684040606021881], "cam_t_m2c": [-648.8178100585938, 535.324951171875, 2536.513671875], "obj_id": 1}, {"cam_R_m2c": [-0.9248480200767517, -0.3797858655452728, -0.0204676054418087, -0.3239174485206604, 0.7583099007606506, 0.5657239556312561, -0.19933316111564636, 0.5298384428024292, -0.8243407011032104], "cam_t_m2c": [-613.1986694335938, 54.84505844116211, 4018.179443359375], "obj_id": 0}, {"cam_R_m2c": [-0.933619499206543, -0.07976173609495163, 0.34927448630332947, 0.0654514729976654, 0.9205226302146912, 0.3851676881313324, -0.35223671793937683, 0.3824606239795685, -0.8541973829269409], "cam_t_m2c": [122.3580551147461, 270.3606262207031, 2170.456787109375], "obj_id": 1}, {"cam_R_m2c": [0.28397268056869507, -0.11950335651636124, 0.9513561129570007, 0.5006860494613647, -0.8277021050453186, -0.25342175364494324, 0.8177242279052734, 0.5482956171035767, -0.1752110719680786], "cam_t_m2c": [-250.93490600585938, 277.8543395996094, 3075.227294921875], "obj_id": 2}, {"cam_R_m2c": [0.4090437889099121, 0.1958167999982834, 0.8912569284439087, 0.7809700965881348, 0.4300616979598999, -0.45291566848754883, -0.47198396921157837, 0.8813073635101318, 0.02298700623214245], "cam_t_m2c": [556.2348022460938, 767.9177856445312, 2301.076416015625], "obj_id": 2}, {"cam_R_m2c": [0.44372260570526123, 0.30925753712654114, -0.8411124348640442, -0.25378885865211487, -0.856782853603363, -0.4489036500453949, -0.8594774603843689, 0.4126536548137665, -0.3016878366470337], "cam_t_m2c": [988.960693359375, -206.513671875, 3404.88623046875], "obj_id": 1}, {"cam_R_m2c": [-0.8833383917808533, 0.38149136304855347, -0.2723556160926819, -0.1131862923502922, 0.39024877548217773, 0.913725733757019, 0.4548649191856384, 0.8379560112953186, -0.30154213309288025], "cam_t_m2c": [667.5060424804688, 151.49819946289062, 3207.7666015625], "obj_id": 0}, {"cam_R_m2c": [0.9383553266525269, -0.33421438932418823, 0.08826085180044174, 0.011141901835799217, -0.22595536708831787, -0.9740739464759827, 0.34549254179000854, 0.9150108695030212, -0.20830264687538147], "cam_t_m2c": [-3.106904983520508, 544.3399047851562, 2911.22021484375], "obj_id": 2}, {"cam_R_m2c": [-0.4597766697406769, 0.3269602954387665, 0.8256526589393616, -0.8762158751487732, -0.015846842899918556, -0.4816581606864929, -0.14439909160137177, -0.944905161857605, 0.2937738299369812], "cam_t_m2c": [-735.935302734375, 189.77471923828125, 3658.42431640625], "obj_id": 2}, {"cam_R_m2c": [0.7594295144081116, -0.3752879500389099, 0.5314374566078186, 0.2723754644393921, -0.5584188103675842, -0.783568799495697, 0.5908285975456238, 0.7398157715797424, -0.32186049222946167], "cam_t_m2c": [140.02793884277344, -95.87447357177734, 2835.54931640625], "obj_id": 2}, {"cam_R_m2c": [0.8767130374908447, 0.2264244705438614, 0.424389123916626, -0.47356677055358887, 0.5609484314918518, 0.6790223121643066, -0.08431312441825867, -0.7962843179702759, 0.5990179181098938], "cam_t_m2c": [-582.34228515625, 384.8359069824219, 2868.15673828125], "obj_id": 0}, {"cam_R_m2c": [0.7647882103919983, -0.2716720998287201, -0.5842030644416809, 0.22540700435638428, 0.962270975112915, -0.15240168571472168, 0.6035649180412292, -0.01512845791876316, 0.7971702814102173], "cam_t_m2c": [1040.55517578125, 307.2587890625, 3767.03564453125], "obj_id": 1}, {"cam_R_m2c": [-0.18547308444976807, -0.9572487473487854, 0.22197853028774261, 0.38478729128837585, -0.2786090075969696, -0.879952073097229, 0.904178261756897, -0.0777929425239563, 0.4200116991996765], "cam_t_m2c": [-233.74661254882812, -72.76396179199219, 3139.162109375], "obj_id": 0}, {"cam_R_m2c": [0.5619848370552063, -0.8225913047790527, -0.08669787645339966, -0.2517182230949402, -0.07023755460977554, -0.9652484059333801, 0.7879155278205872, 0.5642784237861633, -0.24653366208076477], "cam_t_m2c": [583.4728393554688, 144.95689392089844, 2881.54296875], "obj_id": 1}, {"cam_R_m2c": [0.2818063497543335, -0.322477251291275, -0.9036556482315063, -0.8448564410209656, -0.5297933220863342, -0.07440841943025589, -0.4547557532787323, 0.784428060054779, -0.4217461049556732], "cam_t_m2c": [978.7951049804688, -358.44195556640625, 3147.531494140625], "obj_id": 0}, {"cam_R_m2c": [0.6186375021934509, -0.10770133137702942, -0.7782596349716187, 0.28313159942626953, 0.9545652270317078, 0.09296110272407532, 0.7328875064849854, -0.2778591215610504, 0.6210234761238098], "cam_t_m2c": [298.1276550292969, 620.2473754882812, 2489.672119140625], "obj_id": 0}, {"cam_R_m2c": [0.990841805934906, -0.02154374308884144, -0.13329793512821198, -0.012431756593286991, -0.9975517988204956, 0.06881649792194366, -0.1344541758298874, -0.06652913987636566, -0.9886838793754578], "cam_t_m2c": [162.5216827392578, 41.34112548828125, 3692.15478515625], "obj_id": 2}, {"cam_R_m2c": [0.548312246799469, 0.5752909183502197, 0.6069546937942505, 0.8338127732276917, -0.4317244291305542, -0.34404969215393066, 0.06410850584506989, 0.6947332620620728, -0.7164047360420227], "cam_t_m2c": [-572.8023681640625, 114.13308715820312, 2727.02880859375], "obj_id": 0}, {"cam_R_m2c": [0.3116569519042969, 0.11187874525785446, -0.943585216999054, -0.5046384334564209, -0.8219333291053772, -0.2641318738460541, -0.8051148653030396, 0.5584879517555237, -0.1997028887271881], "cam_t_m2c": [113.7613296508789, 601.5817260742188, 2721.95751953125], "obj_id": 1}, {"cam_R_m2c": [0.986495316028595, -0.14413748681545258, 0.07779041677713394, -0.08577315509319305, -0.05001332238316536, 0.9950586557388306, -0.13953469693660736, -0.9882930517196655, -0.06170103698968887], "cam_t_m2c": [478.144287109375, 261.4082946777344, 3831.759033203125], "obj_id": 1}, {"cam_R_m2c": [0.7794809937477112, -0.5799623727798462, -0.23675528168678284, -0.48329585790634155, -0.7972285151481628, 0.361734539270401, -0.3985404670238495, -0.16754235327243805, -0.9017178416252136], "cam_t_m2c": [260.7550048828125, -126.75350952148438, 3142.535888671875], "obj_id": 0}]
}