{
  "0": [{"cam_R_m2c": [0.6951131224632263, -0.196044459939003, 0.691653311252594, 0.593928337097168, 0.6986830234527588, -0.3988623321056366, -0.40505173802375793, 0.688046932220459, 0.602100133895874], "cam_t_m2c": [-39.937076568603516, 4054.27978515625, 5188.01123046875], "obj_id": 2}, {"cam_R_m2c": [0.5741870999336243, -0.36255788803100586, -0.7340714335441589, 0.8161020874977112, 0.32515352964401245, 0.4777577221393585, 0.06547105312347412, -0.8733996152877808, 0.48258325457572937], "cam_t_m2c": [7.575160026550293, 4026.718994140625, 5214.13671875], "obj_id": 3}, {"cam_R_m2c": [-0.7499317526817322, 0.5614606142044067, -0.3498058021068573, 0.6378885507583618, 0.7538328170776367, -0.15758880972862244, 0.17521516978740692, -0.3413180112838745, -0.92347252368927], "cam_t_m2c": [-8.957619667053223, 4008.66259765625, 5231.25244140625], "obj_id": 2}, {"cam_R_m2c": [0.8301200866699219, 0.045253802090883255, -0.5557451844215393, 0.535922646522522, -0.3398703634738922, 0.7728357315063477, -0.15390756726264954, -0.9393829107284546, -0.30638575553894043], "cam_t_m2c": [15.499960899353027, 4064.364501953125, 5178.451171875], "obj_id": 2}, {"cam_R_m2c": [0.7591592073440552, -0.643954873085022, -0.09486512839794159, 0.10111567378044128, -0.027300728484988213, 0.9944999814033508, -0.6430030465126038, -0.7645761370658875, 0.04438835009932518], "cam_t_m2c": [-100.43814086914062, 4042.285888671875, 5199.38037109375], "obj_id": 2}, {"cam_R_m2c": [-0.4707111418247223, 0.8386854529380798, 0.27393007278442383, -0.8574804663658142, -0.36176252365112305, -0.365862101316452, -0.20774556696414948, -0.40710505843162537, 0.8894420862197876], "cam_t_m2c": [-91.35863494873047, 4041.17431640625, 5200.43408203125], "obj_id": 2}, {"cam_R_m2c": [-0.11550002545118332, 0.4851997196674347, -0.866741418838501, 0.4328998923301697, 0.8099421858787537, 0.39571622014045715, 0.8940118551254272, -0.3295070230960846, -0.303591251373291], "cam_t_m2c": [-53.484493255615234, -20.315162658691406, 920.9347534179688], "obj_id": 0}, {"cam_R_m2c": [0.5609038472175598, -0.06890211254358292, -0.8250086307525635, 0.6492413878440857, 0.6549385190010071, 0.3867054283618927, 0.5136851072311401, -0.7525343894958496, 0.4120916724205017], "cam_t_m2c": [11.101097106933594, 7.704939842224121, 894.3739624023438], "obj_id": 1}, {"cam_R_m2c": [-0.7123147249221802, 0.7002989649772644, 0.04678768664598465, 0.05824520066380501, -0.007451156619936228, 0.9982745051383972, 0.6994392275810242, 0.7138108015060425, -0.03548148274421692], "cam_t_m2c": [-7.928309917449951, -34.5809326171875, 934.4575805664062], "obj_id": 3}, {"cam_R_m2c": [0.6309215426445007, 0.010684795677661896, -0.7757730484008789, 0.35368719696998596, 0.8859996199607849, 0.2998500466346741, 0.6905384063720703, -0.46356284618377686, 0.5552172064781189], "cam_t_m2c": [-53.340946197509766, 13.136523246765137, 889.2252197265625], "obj_id": 3}, {"cam_R_m2c": [0.3211669325828552, 0.3386806845664978, -0.8843908309936523, -0.9451773762702942, 0.17290149629116058, -0.27702832221984863, 0.05908831208944321, 0.9248785972595215, 0.37564361095428467], "cam_t_m2c": [-20.365583419799805, -64.2834701538086, 962.6132202148438], "obj_id": 0}, {"cam_R_m2c": [0.18169185519218445, -0.5242108702659607, -0.8319802284240723, -0.5790079236030579, -0.7408795356750488, 0.34036386013031006, -0.7948194742202759, 0.41988176107406616, -0.4381340444087982], "cam_t_m2c": [-33.62418746948242, 37.96174240112305, 865.69287109375], "obj_id": 3}],
  "1": [{"cam_R_m2c": [-0.8799512982368469, 0.17611823976039886, -0.44121214747428894, -0.27724456787109375, 0.5638010501861572, 0.7779870629310608, 0.38577356934547424, 0.8069143295288086, -0.4472896158695221], "cam_t_m2c": [38.04783248901367, 3787.7265625, 5327.3037109375], "obj_id": 2}, {"cam_R_m2c": [-0.7148568630218506, 0.08710351586341858, 0.6938244700431824, 0.13211746513843536, -0.9575173258781433, 0.2563302516937256, 0.6866763830184937, 0.274905800819397, 0.6729801893234253], "cam_t_m2c": [4.546290874481201, 3826.4248046875, 5294.4462890625], "obj_id": 3}, {"cam_R_m2c": [0.6079626679420471, -0.7750452160835266, 0.1722971796989441, -0.05810484290122986, -0.25985878705978394, -0.9638969302177429, 0.7918366193771362, 0.5760020017623901, -0.20301832258701324], "cam_t_m2c": [27.93999671936035, 3840.585205078125, 5282.42333984375], "obj_id": 2}, {"cam_R_m2c": [-0.9421916604042053, -0.16616125404834747, 0.2909729778766632, 0.0024333130568265915, -0.8717533946037292, -0.4899389147758484, 0.3350655436515808, -0.46090832352638245, 0.8217630982398987], "cam_t_m2c": [-18.973791122436523, 3790.66796875, 5324.80517578125], "obj_id": 2}, {"cam_R_m2c": [-0.8811255693435669, 0.4566847085952759, -0.12270566821098328, -0.45274895429611206, -0.8896242380142212, -0.05989190563559532, -0.13651365041732788, 0.0027825699653476477, 0.9906342625617981], "cam_t_m2c": [100.69749450683594, 3785.502685546875, 5329.1923828125], "obj_id": 2}, {"cam_R_m2c": [0.595511257648468, -0.8032881617546082, 0.009715653955936432, -0.2422758936882019, -0.16805198788642883, 0.9555420279502869, -0.7659429907798767, -0.5713898539543152, -0.2946941554546356], "cam_t_m2c": [92.53152465820312, 3788.745849609375, 5326.4384765625], "obj_id": 2}, {"cam_R_m2c": [0.20257332921028137, -0.7125362157821655, 0.6717560291290283, 0.8037670850753784, -0.27087604999542236, -0.529702365398407, 0.5593947768211365, 0.6472389698028564, 0.5178409218788147], "cam_t_m2c": [57.587867736816406, -18.47535514831543, 819.2117919921875], "obj_id": 0}, {"cam_R_m2c": [-0.5699120163917542, -0.24038919806480408, 0.7857564687728882, 0.5766834616661072, -0.7982072830200195, 0.1740722954273224, 0.5853515267372131, 0.552338719367981, 0.5935364961624146], "cam_t_m2c": [-15.750869750976562, -31.306575775146484, 830.1063232421875], "obj_id": 1}, {"cam_R_m2c": [0.8128892183303833, -0.5132774710655212, -0.2752404510974884, 0.505500078201294, 0.8564998507499695, -0.10429608076810837, 0.28927624225616455, -0.05435293912887573, 0.9557012915611267], "cam_t_m2c": [20.303497314453125, 6.478700160980225, 798.0241088867188], "obj_id": 3}, {"cam_R_m2c": [-0.5329558253288269, -0.30652135610580444, 0.7886714935302734, 0.788391649723053, -0.5183337926864624, 0.33131352066993713, 0.30724045634269714, 0.7983574867248535, 0.5179079174995422], "cam_t_m2c": [43.250877380371094, -51.86839294433594, 847.5646362304688], "obj_id": 3}, {"cam_R_m2c": [-0.08168475329875946, -0.16483904421329498, 0.9829321503639221, 0.20927345752716064, 0.9614049196243286, 0.17862018942832947, -0.9744393825531006, 0.22029216587543488, -0.044035688042640686], "cam_t_m2c": [44.74470138549805, 33.238182067871094, 775.3035278320312], "obj_id": 0}, {"cam_R_m2c": [-0.2118527889251709, 0.7533624768257141, 0.6225457787513733, -0.6802965998649597, 0.3436574637889862, -0.6473762392997742, -0.7016514539718628, -0.5606642961502075, 0.4397051930427551], "cam_t_m2c": [13.954734802246094, -72.04460906982422, 864.6956176757812], "obj_id": 3}]
}